Time	Cd Total	Cd Pressure	Cd Viscous
1	0.23961400	0.22225800	0.01735640
2	0.42728200	0.40550200	0.02178050
3	0.60889200	0.58223800	0.02665360
4	0.69916900	0.66791000	0.03125920
5	0.66700100	0.63190400	0.03509730
6	0.53540400	0.49746300	0.03794060
7	0.36055900	0.32074100	0.03981810
8	0.20365900	0.16273800	0.04092110
9	0.10885400	0.06750230	0.04135160
10	0.09247460	0.05124240	0.04123220
11	0.14335000	0.10261300	0.04073710
12	0.23222600	0.19229800	0.03992820
13	0.32615900	0.28723600	0.03892280
14	0.39881300	0.36105000	0.03776300
15	0.43716700	0.40064300	0.03652360
16	0.44111100	0.40584200	0.03526880
17	0.42073200	0.38669300	0.03403890
18	0.39033400	0.35746500	0.03286930
19	0.36320500	0.33141800	0.03178700
20	0.34805700	0.31725800	0.03079820
21	0.34765600	0.31774700	0.02990950
22	0.35983000	0.33071000	0.02912050
23	0.37940400	0.35096700	0.02843700
24	0.40035900	0.37251100	0.02784850
25	0.41803800	0.39068800	0.02734940
26	0.42993000	0.40300900	0.02692100
27	0.43582700	0.40928000	0.02654730
28	0.43739600	0.41117200	0.02622460
29	0.43686700	0.41092700	0.02593910
30	0.43661700	0.41093300	0.02568370
31	0.43834000	0.41287900	0.02546170
32	0.44268600	0.41742500	0.02526090
33	0.44958200	0.42450000	0.02508230
34	0.45812200	0.43319900	0.02492260
35	0.46724700	0.44247100	0.02477610
36	0.47594000	0.45130000	0.02463990
37	0.48363700	0.45912400	0.02451340
38	0.49020000	0.46580300	0.02439770
39	0.49576800	0.47147900	0.02428910
40	0.50065100	0.47647000	0.02418170
41	0.50523600	0.48116200	0.02407360
42	0.50981900	0.48586200	0.02395700
43	0.51465900	0.49082600	0.02383240
44	0.52000800	0.49630900	0.02369880
45	0.52594700	0.50239400	0.02355310
46	0.53233400	0.50893500	0.02339830
47	0.53894100	0.51570600	0.02323510
48	0.54556300	0.52249600	0.02306710
49	0.55214900	0.52925200	0.02289640
50	0.55863200	0.53591000	0.02272180
51	0.56499900	0.54245900	0.02254060
52	0.57129600	0.54894500	0.02235140
53	0.57752400	0.55536800	0.02215670
54	0.58362300	0.56166700	0.02195660
55	0.58953400	0.56777700	0.02175720
56	0.59533500	0.57377400	0.02156120
57	0.60105300	0.57967800	0.02137450
58	0.60673100	0.58553700	0.02119470
59	0.61238400	0.59135800	0.02102570
60	0.61810500	0.59723900	0.02086580
61	0.62393800	0.60322400	0.02071430
62	0.63001800	0.60945100	0.02056710
63	0.63631200	0.61588900	0.02042350
64	0.64292500	0.62264400	0.02028090
65	0.64976700	0.62962900	0.02013820
66	0.65678500	0.63679000	0.01999470
67	0.66384800	0.64400100	0.01984740
68	0.67090000	0.65120200	0.01969730
69	0.67786100	0.65832200	0.01953950
70	0.68462000	0.66524800	0.01937280
71	0.69096100	0.67175700	0.01920350
72	0.69667600	0.67763800	0.01903810
73	0.70154800	0.68266700	0.01888060
74	0.70544800	0.68671600	0.01873290
75	0.70858500	0.68999200	0.01859250
76	0.71116800	0.69270700	0.01846060
77	0.71341100	0.69506800	0.01834320
78	0.71541800	0.69717900	0.01823890
79	0.71718000	0.69903500	0.01814550
80	0.71869000	0.70063000	0.01805970
81	0.71994400	0.70196200	0.01798170
82	0.72096100	0.70305200	0.01790930
83	0.72191100	0.70406600	0.01784530
84	0.72287000	0.70508200	0.01778820
85	0.72402600	0.70628800	0.01773860
86	0.72535800	0.70766300	0.01769500
87	0.72705200	0.70939600	0.01765650
88	0.72913900	0.71151700	0.01762200
89	0.73164100	0.71405100	0.01759040
90	0.73451900	0.71695900	0.01756010
91	0.73782700	0.72029800	0.01752880
92	0.74155700	0.72406000	0.01749650
93	0.74573300	0.72826900	0.01746340
94	0.75030300	0.73287300	0.01742990
95	0.75534100	0.73794500	0.01739600
96	0.76081100	0.74344800	0.01736260
97	0.76665500	0.74932700	0.01732810
98	0.77274300	0.75545200	0.01729110
99	0.77894200	0.76169200	0.01725040
100	0.78503800	0.76783300	0.01720470
101	0.79082500	0.77367000	0.01715550
102	0.79618400	0.77908100	0.01710280
103	0.80104800	0.78400200	0.01704630
104	0.80542400	0.78843900	0.01698480
105	0.80934200	0.79242400	0.01691840
106	0.81281900	0.79597100	0.01684820
107	0.81586200	0.79908800	0.01677450
108	0.81844000	0.80174300	0.01669660
109	0.82057100	0.80395800	0.01661290
110	0.82214000	0.80561400	0.01652580
111	0.82313800	0.80669900	0.01643870
112	0.82358100	0.80722800	0.01635260
113	0.82353700	0.80727100	0.01626610
114	0.82303400	0.80685500	0.01617950
115	0.82218100	0.80609100	0.01609050
116	0.82101200	0.80500600	0.01600610
117	0.81965100	0.80372500	0.01592580
118	0.81819100	0.80234200	0.01584900
119	0.81671600	0.80094000	0.01577610
120	0.81525600	0.79954800	0.01570840
121	0.81387700	0.79823000	0.01564700
122	0.81268700	0.79709500	0.01559240
123	0.81175400	0.79621000	0.01554360
124	0.81107400	0.79557400	0.01549980
125	0.81052800	0.79506700	0.01546090
126	0.80995100	0.79452300	0.01542820
127	0.80912200	0.79372100	0.01540030
128	0.80787200	0.79249500	0.01537690
129	0.80604600	0.79069000	0.01535590
130	0.80354700	0.78821000	0.01533730
131	0.80036000	0.78503900	0.01532020
132	0.79651000	0.78120700	0.01530300
133	0.79207900	0.77679700	0.01528170
134	0.78718300	0.77192300	0.01525980
135	0.78198800	0.76675500	0.01523390
136	0.77664200	0.76143800	0.01520480
137	0.77132000	0.75615100	0.01516910
138	0.76614100	0.75101400	0.01512770
139	0.76127500	0.74619300	0.01508180
140	0.75678200	0.74174800	0.01503440
141	0.75276200	0.73777500	0.01498700
142	0.74926300	0.73432000	0.01494270
143	0.74639100	0.73149000	0.01490080
144	0.74415500	0.72929300	0.01486200
145	0.74255000	0.72772500	0.01482560
146	0.74153200	0.72674000	0.01479200
147	0.74101700	0.72625500	0.01476180
148	0.74086900	0.72613100	0.01473790
149	0.74096300	0.72624100	0.01472200
150	0.74117500	0.72646100	0.01471430
151	0.74139300	0.72667900	0.01471400
152	0.74151600	0.72679400	0.01472240
153	0.74151100	0.72677200	0.01473960
154	0.74137700	0.72661200	0.01476530
155	0.74115100	0.72635500	0.01479670
156	0.74083000	0.72599700	0.01483280
157	0.74043700	0.72556600	0.01487100
158	0.73997800	0.72507000	0.01490770
159	0.73949200	0.72455200	0.01494010
160	0.73906700	0.72410100	0.01496600
161	0.73878800	0.72380200	0.01498550
162	0.73876700	0.72376700	0.01500010
163	0.73908500	0.72407500	0.01501020
164	0.73979100	0.72477300	0.01501820
165	0.74080000	0.72577200	0.01502730
166	0.74194200	0.72690600	0.01503630
167	0.74304000	0.72799700	0.01504250
168	0.74394400	0.72889900	0.01504470
169	0.74447500	0.72943000	0.01504580
170	0.74454400	0.72949700	0.01504650
171	0.74411700	0.72906600	0.01505030
172	0.74326200	0.72820400	0.01505810
173	0.74204300	0.72697400	0.01506870
174	0.74059100	0.72550800	0.01508300
175	0.73901300	0.72391200	0.01510080
176	0.73739800	0.72227700	0.01512070
177	0.73578300	0.72064100	0.01514160
178	0.73416000	0.71899800	0.01516260
179	0.73255200	0.71736800	0.01518330
180	0.73092000	0.71571800	0.01520270
181	0.72925900	0.71403900	0.01521990
182	0.72749000	0.71225700	0.01523350
183	0.72556500	0.71032300	0.01524220
184	0.72344800	0.70820400	0.01524440
185	0.72113600	0.70589500	0.01524070
186	0.71872000	0.70348700	0.01523300
187	0.71624700	0.70102500	0.01522250
188	0.71382800	0.69861800	0.01520990
189	0.71150200	0.69630600	0.01519570
190	0.70937900	0.69419800	0.01518030
191	0.70746100	0.69229700	0.01516430
192	0.70580900	0.69066000	0.01514950
193	0.70442000	0.68928400	0.01513700
194	0.70333600	0.68820700	0.01512920
195	0.70246500	0.68733900	0.01512670
196	0.70179300	0.68666500	0.01512830
197	0.70125800	0.68612400	0.01513390
198	0.70089000	0.68574600	0.01514370
199	0.70065600	0.68549700	0.01515870
200	0.70060700	0.68542900	0.01517870
201	0.70065700	0.68545300	0.01520390
202	0.70082000	0.68558400	0.01523650
203	0.70105100	0.68577200	0.01527840
204	0.70133400	0.68600700	0.01532690
205	0.70154400	0.68616100	0.01538330
206	0.70164200	0.68619800	0.01544460
207	0.70157800	0.68606600	0.01551190
208	0.70133400	0.68574900	0.01558540
209	0.70093400	0.68526700	0.01566670
210	0.70035700	0.68460400	0.01575360
211	0.69961800	0.68377300	0.01584530
212	0.69874200	0.68280400	0.01593820
213	0.69777000	0.68173900	0.01603050
214	0.69669300	0.68057700	0.01611630
215	0.69555300	0.67935700	0.01619580
216	0.69434500	0.67807800	0.01626750
217	0.69304300	0.67671000	0.01633340
218	0.69161800	0.67522500	0.01639290
219	0.69007700	0.67362700	0.01644920
220	0.68843700	0.67193700	0.01650070
221	0.68669000	0.67014100	0.01654910
222	0.68484700	0.66825400	0.01659290
223	0.68297500	0.66634100	0.01663370
224	0.68108200	0.66441100	0.01667110
225	0.67916700	0.66246100	0.01670600
226	0.67719500	0.66045700	0.01673740
227	0.67517400	0.65840800	0.01676610
228	0.67307100	0.65628100	0.01679020
229	0.67085600	0.65404600	0.01680990
230	0.66849200	0.65166800	0.01682390
231	0.66597500	0.64914100	0.01683350
232	0.66329900	0.64646200	0.01683660
233	0.66047600	0.64364300	0.01683320
234	0.65750700	0.64068500	0.01682220
235	0.65439100	0.63758700	0.01680390
236	0.65113100	0.63435200	0.01677890
237	0.64774600	0.63099700	0.01674860
238	0.64422700	0.62751300	0.01671330
239	0.64056500	0.62389200	0.01667330
240	0.63676100	0.62013300	0.01662880
241	0.63283900	0.61625700	0.01658130
242	0.62880400	0.61227400	0.01652920
243	0.62470300	0.60822800	0.01647530
244	0.62056500	0.60414700	0.01641770
245	0.61642200	0.60006400	0.01635770
246	0.61229900	0.59600400	0.01629470
247	0.60820100	0.59197100	0.01623030
248	0.60417400	0.58801000	0.01616410
249	0.60022600	0.58412900	0.01609650
250	0.59636000	0.58033400	0.01602660
251	0.59259100	0.57663200	0.01595960
252	0.58893700	0.57304200	0.01589470
253	0.58540800	0.56957500	0.01583290
254	0.58198900	0.56621600	0.01577320
255	0.57871500	0.56299800	0.01571630
256	0.57557000	0.55990700	0.01566210
257	0.57249000	0.55687800	0.01561230
258	0.56952600	0.55396000	0.01556590
259	0.56677600	0.55125200	0.01552350
260	0.56431500	0.54883100	0.01548430
261	0.56217400	0.54672600	0.01544800
262	0.56036600	0.54495100	0.01541480
263	0.55891500	0.54353000	0.01538490
264	0.55778800	0.54243000	0.01535760
265	0.55699200	0.54165900	0.01533230
266	0.55650300	0.54119500	0.01530830
267	0.55628900	0.54100400	0.01528530
268	0.55635700	0.54109200	0.01526500
269	0.55676100	0.54151200	0.01524920
270	0.55752000	0.54228500	0.01523500
271	0.55862100	0.54339600	0.01522430
272	0.56001400	0.54479900	0.01521500
273	0.56164600	0.54643600	0.01520970
274	0.56349900	0.54829200	0.01520700
275	0.56558100	0.55037300	0.01520770
276	0.56779100	0.55258100	0.01520970
277	0.57006400	0.55485000	0.01521400
278	0.57233700	0.55711900	0.01521880
279	0.57457100	0.55934500	0.01522570
280	0.57673500	0.56150200	0.01523330
281	0.57880600	0.56356200	0.01524340
282	0.58076900	0.56551500	0.01525380
283	0.58261800	0.56735300	0.01526520
284	0.58434200	0.56906700	0.01527510
285	0.58595700	0.57067100	0.01528530
286	0.58755700	0.57226300	0.01529480
287	0.58914100	0.57383600	0.01530450
288	0.59077900	0.57546700	0.01531220
289	0.59250200	0.57718300	0.01531930
290	0.59431400	0.57899100	0.01532310
291	0.59620700	0.58088300	0.01532320
292	0.59816500	0.58284800	0.01531740
293	0.60020600	0.58490000	0.01530580
294	0.60236100	0.58707400	0.01528780
295	0.60470900	0.58944400	0.01526470
296	0.60733300	0.59209600	0.01523710
297	0.61033000	0.59512300	0.01520710
298	0.61369600	0.59852100	0.01517450
299	0.61744900	0.60230900	0.01514030
300	0.62143800	0.60633500	0.01510330
301	0.62559000	0.61052600	0.01506460
302	0.62980600	0.61478200	0.01502390
303	0.63392400	0.61894100	0.01498340
304	0.63775800	0.62281400	0.01494410
305	0.64114800	0.62624000	0.01490750
306	0.64400000	0.62913000	0.01487040
307	0.64631800	0.63148400	0.01483370
308	0.64811500	0.63332100	0.01479350
309	0.64944500	0.63469400	0.01475120
310	0.65032700	0.63562100	0.01470590
311	0.65081900	0.63615800	0.01466100
312	0.65091900	0.63630300	0.01461540
313	0.65062200	0.63605000	0.01457210
314	0.64995900	0.63543000	0.01452840
315	0.64896200	0.63447500	0.01448660
316	0.64767800	0.63323200	0.01444670
317	0.64617400	0.63176200	0.01441170
318	0.64453100	0.63015000	0.01438070
319	0.64286400	0.62850800	0.01435520
320	0.64123600	0.62690400	0.01433210
321	0.63976100	0.62545000	0.01431120
322	0.63844100	0.62415100	0.01428950
323	0.63729400	0.62302700	0.01426690
324	0.63629200	0.62205100	0.01424070
325	0.63541600	0.62120500	0.01421150
326	0.63464700	0.62047000	0.01417750
327	0.63401400	0.61987300	0.01414060
328	0.63354000	0.61944100	0.01409970
329	0.63324500	0.61918800	0.01405780
330	0.63313700	0.61912300	0.01401410
331	0.63320200	0.61923200	0.01397020
332	0.63342400	0.61949900	0.01392500
333	0.63378400	0.61990300	0.01388090
334	0.63426800	0.62043100	0.01383730
335	0.63485200	0.62105600	0.01379570
336	0.63551400	0.62175900	0.01375510
337	0.63625000	0.62253200	0.01371740
338	0.63704800	0.62336700	0.01368180
339	0.63792500	0.62427500	0.01365040
340	0.63889400	0.62527300	0.01362140
341	0.63998400	0.62638700	0.01359680
342	0.64123700	0.62766300	0.01357460
343	0.64265300	0.62909700	0.01355610
344	0.64425800	0.63071800	0.01353970
345	0.64605500	0.63252700	0.01352840
346	0.64808800	0.63456700	0.01352090
347	0.65038300	0.63686400	0.01351990
348	0.65298400	0.63946000	0.01352390
349	0.65590100	0.64236600	0.01353480
350	0.65913100	0.64558000	0.01355030
351	0.66268300	0.64911000	0.01357280
352	0.66655400	0.65295400	0.01360000
353	0.67079900	0.65716500	0.01363360
354	0.67534200	0.66167100	0.01367150
355	0.68009800	0.66638200	0.01371540
356	0.68496100	0.67119900	0.01376260
357	0.68984800	0.67603400	0.01381480
358	0.69464200	0.68077200	0.01387010
359	0.69929200	0.68536200	0.01393000
360	0.70369100	0.68970000	0.01399170
361	0.70779600	0.69373900	0.01405690
362	0.71151100	0.69738700	0.01412340
363	0.71478400	0.70059200	0.01419240
364	0.71755100	0.70329000	0.01426120
365	0.71979400	0.70546300	0.01433090
366	0.72149500	0.70709600	0.01439880
367	0.72268500	0.70821900	0.01446620
368	0.72337800	0.70884700	0.01453060
369	0.72364700	0.70905400	0.01459330
370	0.72356800	0.70891600	0.01465200
371	0.72322100	0.70851200	0.01470860
372	0.72267300	0.70791200	0.01476150
373	0.72197300	0.70715900	0.01481350
374	0.72112900	0.70626600	0.01486340
375	0.72015700	0.70524300	0.01491350
376	0.71904400	0.70408200	0.01496230
377	0.71777100	0.70276000	0.01501100
378	0.71633700	0.70127900	0.01505750
379	0.71472200	0.69962000	0.01510230
380	0.71290500	0.69776100	0.01514340
381	0.71085600	0.69567300	0.01518230
382	0.70858900	0.69337100	0.01521830
383	0.70610000	0.69084700	0.01525340
384	0.70339700	0.68811100	0.01528670
385	0.70050400	0.68518500	0.01531940
386	0.69742600	0.68207500	0.01535050
387	0.69417200	0.67879100	0.01538140
388	0.69076100	0.67535000	0.01541030
389	0.68722900	0.67179100	0.01543830
390	0.68363500	0.66817100	0.01546380
391	0.68002200	0.66453300	0.01548910
392	0.67645100	0.66093800	0.01551350
393	0.67296500	0.65742500	0.01553980
394	0.66958100	0.65401400	0.01556760
395	0.66638200	0.65078300	0.01559900
396	0.66341100	0.64777900	0.01563240
397	0.66073600	0.64506700	0.01566880
398	0.65837100	0.64266400	0.01570710
399	0.65635300	0.64060400	0.01574930
400	0.65468400	0.63889000	0.01579370
401	0.65338100	0.63754000	0.01584120
402	0.65242700	0.63653700	0.01589010
403	0.65182000	0.63587800	0.01594170
404	0.65152500	0.63553200	0.01599320
405	0.65153700	0.63549100	0.01604570
406	0.65183600	0.63573900	0.01609760
407	0.65239700	0.63624600	0.01615040
408	0.65318800	0.63698500	0.01620320
409	0.65414600	0.63789000	0.01625610
410	0.65521300	0.63890600	0.01630780
411	0.65634700	0.63998900	0.01635870
412	0.65751600	0.64110800	0.01640850
413	0.65867500	0.64221700	0.01645820
414	0.65979900	0.64329200	0.01650690
415	0.66087700	0.64432100	0.01655580
416	0.66191600	0.64531300	0.01660370
417	0.66295500	0.64630400	0.01665160
418	0.66401100	0.64731200	0.01669850
419	0.66508700	0.64834100	0.01674590
420	0.66617300	0.64938000	0.01679250
421	0.66725900	0.65042000	0.01683860
422	0.66831200	0.65142900	0.01688280
423	0.66931300	0.65238700	0.01692560
424	0.67023600	0.65327100	0.01696510
425	0.67107400	0.65407000	0.01700340
426	0.67180900	0.65476900	0.01703920
427	0.67242400	0.65535000	0.01707400
428	0.67289100	0.65578400	0.01710660
429	0.67318200	0.65604300	0.01713840
430	0.67330500	0.65613700	0.01716780
431	0.67329400	0.65609700	0.01719650
432	0.67316700	0.65594400	0.01722280
433	0.67295100	0.65570300	0.01724860
434	0.67268700	0.65541400	0.01727330
435	0.67239800	0.65510000	0.01729810
436	0.67211500	0.65479200	0.01732250
437	0.67183700	0.65449000	0.01734750
438	0.67152200	0.65415000	0.01737250
439	0.67116700	0.65376700	0.01739990
440	0.67071500	0.65328700	0.01742800
441	0.67016700	0.65270900	0.01745800
442	0.66949800	0.65201000	0.01748800
443	0.66874500	0.65122500	0.01751940
444	0.66789400	0.65034300	0.01755070
445	0.66697600	0.64939300	0.01758320
446	0.66596600	0.64835100	0.01761580
447	0.66489800	0.64724900	0.01764960
448	0.66377600	0.64609300	0.01768270
449	0.66264000	0.64492300	0.01771600
450	0.66148300	0.64373600	0.01774710
451	0.66033300	0.64255700	0.01777600
452	0.65917000	0.64137000	0.01779970
453	0.65797800	0.64015900	0.01781940
454	0.65674100	0.63890700	0.01783370
455	0.65544600	0.63760100	0.01784500
456	0.65407500	0.63622300	0.01785170
457	0.65260000	0.63474500	0.01785570
458	0.65101900	0.63316200	0.01785630
459	0.64931700	0.63146200	0.01785530
460	0.64750400	0.62965300	0.01785120
461	0.64554400	0.62769900	0.01784540
462	0.64344200	0.62560500	0.01783700
463	0.64117500	0.62334700	0.01782760
464	0.63875200	0.62093700	0.01781580
465	0.63614900	0.61834400	0.01780420
466	0.63336400	0.61557300	0.01779130
467	0.63039700	0.61261700	0.01778000
468	0.62722400	0.60945600	0.01776820
469	0.62380500	0.60604700	0.01775800
470	0.62014100	0.60239300	0.01774750
471	0.61630800	0.59857000	0.01773790
472	0.61232700	0.59459800	0.01772820
473	0.60829700	0.59057800	0.01771890
474	0.60424400	0.58653500	0.01770860
475	0.60019400	0.58249600	0.01769820
476	0.59615000	0.57846400	0.01768660
477	0.59213400	0.57445900	0.01767430
478	0.58812000	0.57046000	0.01766000
479	0.58413100	0.56648600	0.01764460
480	0.58014600	0.56252000	0.01762600
481	0.57617800	0.55857300	0.01760560
482	0.57219600	0.55461500	0.01758150
483	0.56820200	0.55064600	0.01755620
484	0.56420100	0.54667300	0.01752770
485	0.56025900	0.54276200	0.01749740
486	0.55642800	0.53896500	0.01746320
487	0.55274900	0.53532300	0.01742580
488	0.54928900	0.53190400	0.01738490
489	0.54605600	0.52871300	0.01734310
490	0.54306400	0.52576500	0.01729970
491	0.54029400	0.52303800	0.01725640
492	0.53775000	0.52053700	0.01721330
493	0.53541900	0.51824700	0.01717210
494	0.53331900	0.51618800	0.01713150
495	0.53145000	0.51435700	0.01709310
496	0.52981600	0.51276000	0.01705580
497	0.52843600	0.51141400	0.01702150
498	0.52729400	0.51030400	0.01698990
499	0.52641500	0.50945200	0.01696260
500	0.52582100	0.50888300	0.01693730
501	0.52554300	0.50862800	0.01691500
502	0.52555300	0.50866000	0.01689330
503	0.52583700	0.50896500	0.01687210
504	0.52634600	0.50949700	0.01684930
505	0.52708600	0.51026100	0.01682540
506	0.52805700	0.51125800	0.01679870
507	0.52928500	0.51251300	0.01677140
508	0.53074600	0.51400300	0.01674280
509	0.53244500	0.51573200	0.01671360
510	0.53436700	0.51768500	0.01668290
511	0.53647600	0.51982200	0.01665330
512	0.53871700	0.52209400	0.01662250
513	0.54106400	0.52447300	0.01659180
514	0.54346100	0.52690100	0.01655930
515	0.54590400	0.52937800	0.01652640
516	0.54839600	0.53190600	0.01649070
517	0.55096300	0.53450900	0.01645420
518	0.55364200	0.53722800	0.01641460
519	0.55649900	0.54012600	0.01637280
520	0.55954800	0.54322100	0.01632770
521	0.56277200	0.54649200	0.01628020
522	0.56610200	0.54987300	0.01622910
523	0.56948000	0.55330400	0.01617610
524	0.57284600	0.55672500	0.01612030
525	0.57618700	0.56012300	0.01606350
526	0.57951000	0.56350400	0.01600550
527	0.58282800	0.56687900	0.01594880
528	0.58615900	0.57026600	0.01589320
529	0.58951100	0.57367100	0.01584020
530	0.59286100	0.57707300	0.01578790
531	0.59618700	0.58045000	0.01573750
532	0.59944400	0.58375700	0.01568720
533	0.60257400	0.58693600	0.01563810
534	0.60553300	0.58994500	0.01558810
535	0.60827600	0.59273700	0.01553880
536	0.61070800	0.59521900	0.01548890
537	0.61284400	0.59740400	0.01544030
538	0.61467600	0.59928300	0.01539250
539	0.61620600	0.60086000	0.01534650
540	0.61743100	0.60213000	0.01530090
541	0.61839000	0.60313200	0.01525830
542	0.61912800	0.60391200	0.01521660
543	0.61968300	0.60450500	0.01517790
544	0.62004900	0.60490800	0.01514070
545	0.62028900	0.60518300	0.01510640
546	0.62042000	0.60534600	0.01507390
547	0.62047900	0.60543400	0.01504510
548	0.62050100	0.60548200	0.01501860
549	0.62053000	0.60553400	0.01499620
550	0.62061200	0.60563600	0.01497690
551	0.62079200	0.60583000	0.01496210
552	0.62111800	0.60616700	0.01495100
553	0.62164200	0.60669800	0.01494490
554	0.62241300	0.60747100	0.01494220
555	0.62348600	0.60854200	0.01494410
556	0.62487300	0.60992500	0.01494840
557	0.62657100	0.61161400	0.01495620
558	0.62852300	0.61355700	0.01496660
559	0.63069100	0.61571000	0.01498040
560	0.63299900	0.61800300	0.01499590
561	0.63540700	0.62039300	0.01501410
562	0.63784000	0.62280600	0.01503350
563	0.64027600	0.62522100	0.01505570
564	0.64269900	0.62762000	0.01507920
565	0.64512900	0.63002400	0.01510410
566	0.64755500	0.63242600	0.01512870
567	0.64999500	0.63484100	0.01515350
568	0.65244800	0.63727200	0.01517660
569	0.65496400	0.63976500	0.01519910
570	0.65755700	0.64233700	0.01522000
571	0.66025900	0.64501800	0.01524080
572	0.66306300	0.64780200	0.01526070
573	0.66604900	0.65076800	0.01528070
574	0.66919400	0.65389500	0.01529850
575	0.67247500	0.65715900	0.01531590
576	0.67585200	0.66052000	0.01533150
577	0.67928800	0.66394200	0.01534620
578	0.68270300	0.66734500	0.01535800
579	0.68608400	0.67071600	0.01536860
580	0.68939300	0.67401600	0.01537700
581	0.69260900	0.67722400	0.01538490
582	0.69570400	0.68031300	0.01539110
583	0.69862000	0.68322200	0.01539760
584	0.70129800	0.68589500	0.01540280
585	0.70369200	0.68828300	0.01540860
586	0.70574700	0.69033300	0.01541390
587	0.70742500	0.69200400	0.01542090
588	0.70865400	0.69322600	0.01542780
589	0.70943600	0.69400000	0.01543540
590	0.70976000	0.69431800	0.01544250
591	0.70962500	0.69417400	0.01545090
592	0.70908700	0.69362700	0.01545990
593	0.70823800	0.69276700	0.01547070
594	0.70714800	0.69166600	0.01548200
595	0.70588400	0.69038900	0.01549520
596	0.70451200	0.68900400	0.01550870
597	0.70309900	0.68757600	0.01552280
598	0.70170300	0.68616700	0.01553610
599	0.70036700	0.68481600	0.01555020
600	0.69916100	0.68359800	0.01556310
601	0.69807700	0.68250100	0.01557580
602	0.69707600	0.68149000	0.01558590
603	0.69613400	0.68053900	0.01559520
604	0.69522600	0.67962500	0.01560120
605	0.69431700	0.67871100	0.01560570
606	0.69340700	0.67779900	0.01560810
607	0.69251200	0.67690200	0.01561060
608	0.69166300	0.67605100	0.01561260
609	0.69087100	0.67525500	0.01561600
610	0.69013700	0.67451700	0.01561960
611	0.68946000	0.67383500	0.01562520
612	0.68883600	0.67320400	0.01563190
613	0.68826200	0.67262100	0.01564120
614	0.68772500	0.67207200	0.01565230
615	0.68720800	0.67154000	0.01566780
616	0.68669500	0.67100700	0.01568760
617	0.68618000	0.67046700	0.01571310
618	0.68560100	0.66985900	0.01574260
619	0.68500700	0.66922800	0.01577860
620	0.68439600	0.66857600	0.01582070
621	0.68378300	0.66791300	0.01586980
622	0.68315600	0.66723100	0.01592460
623	0.68252100	0.66653500	0.01598580
624	0.68186300	0.66581200	0.01605120
625	0.68121400	0.66509200	0.01612190
626	0.68051900	0.66432400	0.01619510
627	0.67979800	0.66352800	0.01627060
628	0.67902800	0.66268200	0.01634610
629	0.67822300	0.66180100	0.01642210
630	0.67739100	0.66089500	0.01649590
631	0.67658700	0.66002000	0.01656710
632	0.67585000	0.65921700	0.01663360
633	0.67524900	0.65855300	0.01669670
634	0.67478000	0.65802400	0.01675540
635	0.67447300	0.65766100	0.01681180
636	0.67430400	0.65744000	0.01686470
637	0.67425600	0.65734100	0.01691550
638	0.67431200	0.65734900	0.01696270
639	0.67449700	0.65748900	0.01700790
640	0.67482000	0.65777000	0.01705000
641	0.67529700	0.65820700	0.01709080
642	0.67594600	0.65881600	0.01712960
643	0.67680800	0.65964100	0.01716750
644	0.67790300	0.66070000	0.01720320
645	0.67923700	0.66199900	0.01723830
646	0.68080700	0.66353600	0.01727130
647	0.68264300	0.66533900	0.01730400
648	0.68475200	0.66741700	0.01733520
649	0.68709700	0.66973100	0.01736570
650	0.68964700	0.67225200	0.01739480
651	0.69230600	0.67488200	0.01742390
652	0.69501100	0.67756000	0.01745090
653	0.69765400	0.68017700	0.01747650
654	0.70013700	0.68263800	0.01749900
655	0.70238900	0.68486900	0.01752000
656	0.70436500	0.68682700	0.01753860
657	0.70603900	0.68848200	0.01755640
658	0.70736700	0.68979500	0.01757230
659	0.70837800	0.69079000	0.01758830
660	0.70908800	0.69148400	0.01760310
661	0.70956000	0.69194200	0.01761780
662	0.70980200	0.69217100	0.01763060
663	0.70989000	0.69224600	0.01764310
664	0.70985900	0.69220600	0.01765360
665	0.70976100	0.69209700	0.01766370
666	0.70963800	0.69196500	0.01767270
667	0.70951800	0.69183600	0.01768210
668	0.70944200	0.69175100	0.01769100
669	0.70942600	0.69172400	0.01770120
670	0.70947000	0.69175900	0.01771130
671	0.70959200	0.69186900	0.01772310
672	0.70979000	0.69205600	0.01773450
673	0.71005000	0.69230300	0.01774670
674	0.71034900	0.69259100	0.01775780
675	0.71064900	0.69288100	0.01776820
676	0.71090700	0.69313000	0.01777680
677	0.71107200	0.69328800	0.01778400
678	0.71111200	0.69332500	0.01778710
679	0.71099400	0.69320700	0.01778720
680	0.71067800	0.69289600	0.01778160
681	0.71014700	0.69237600	0.01777090
682	0.70939000	0.69163500	0.01775510
683	0.70840500	0.69067000	0.01773550
684	0.70718300	0.68947200	0.01771150
685	0.70570000	0.68801500	0.01768470
686	0.70391100	0.68625600	0.01765430
687	0.70179900	0.68417700	0.01762240
688	0.69936900	0.68178100	0.01758850
689	0.69664700	0.67909100	0.01755540
690	0.69366600	0.67614400	0.01752200
691	0.69045700	0.67296600	0.01749070
692	0.68702600	0.66956600	0.01746060
693	0.68340000	0.66596600	0.01743350
694	0.67959800	0.66219000	0.01740850
695	0.67565000	0.65826300	0.01738640
696	0.67158600	0.65422000	0.01736660
697	0.66747400	0.65012300	0.01735080
698	0.66334000	0.64600300	0.01733710
699	0.65922700	0.64190000	0.01732690
700	0.65511500	0.63779700	0.01731800
701	0.65101500	0.63370300	0.01731190
702	0.64693400	0.62962700	0.01730710
703	0.64289100	0.62558600	0.01730470
704	0.63887800	0.62157500	0.01730330
705	0.63484400	0.61754000	0.01730380
706	0.63083100	0.61352600	0.01730490
707	0.62680600	0.60949800	0.01730740
708	0.62275200	0.60544200	0.01730940
709	0.61865500	0.60134300	0.01731210
710	0.61451200	0.59719800	0.01731370
711	0.61029200	0.59297600	0.01731530
712	0.60601500	0.58870000	0.01731560
713	0.60173400	0.58441800	0.01731610
714	0.59748100	0.58016600	0.01731530
715	0.59329300	0.57597800	0.01731460
716	0.58912700	0.57181500	0.01731180
717	0.58500400	0.56769600	0.01730800
718	0.58090400	0.56360200	0.01730200
719	0.57686400	0.55956800	0.01729590
720	0.57291100	0.55562300	0.01728780
721	0.56907300	0.55179600	0.01727780
722	0.56538600	0.54812200	0.01726430
723	0.56184800	0.54459900	0.01724910
724	0.55846600	0.54123600	0.01723030
725	0.55525000	0.53804200	0.01720810
726	0.55217500	0.53499400	0.01718080
727	0.54920700	0.53205700	0.01715080
728	0.54632600	0.52921000	0.01711640
729	0.54351800	0.52643900	0.01707960
730	0.54080000	0.52376200	0.01703860
731	0.53818200	0.52118700	0.01699510
732	0.53565300	0.51870400	0.01694880
733	0.53323400	0.51633300	0.01690130
734	0.53089900	0.51404800	0.01685080
735	0.52864700	0.51184800	0.01679890
736	0.52653500	0.50979000	0.01674460
737	0.52454900	0.50785800	0.01669070
738	0.52271100	0.50607500	0.01663660
739	0.52107300	0.50448900	0.01658390
740	0.51971800	0.50318500	0.01653250
741	0.51873600	0.50225200	0.01648420
742	0.51812400	0.50168600	0.01643820
743	0.51788900	0.50149300	0.01639590
744	0.51798300	0.50162700	0.01635560
745	0.51839800	0.50207900	0.01631870
746	0.51908100	0.50279800	0.01628310
747	0.52001600	0.50376600	0.01625010
748	0.52117500	0.50495700	0.01621820
749	0.52256700	0.50637900	0.01618790
750	0.52418300	0.50802400	0.01615820
751	0.52603300	0.50990300	0.01613050
752	0.52807300	0.51196900	0.01610330
753	0.53027900	0.51420100	0.01607850
754	0.53258400	0.51652900	0.01605530
755	0.53494600	0.51891100	0.01603470
756	0.53729700	0.52128200	0.01601560
757	0.53961200	0.52361300	0.01599940
758	0.54187000	0.52588500	0.01598480
759	0.54408200	0.52810800	0.01597380
760	0.54625200	0.53028600	0.01596540
761	0.54838400	0.53242400	0.01596030
762	0.55048100	0.53452400	0.01595700
763	0.55256200	0.53660500	0.01595700
764	0.55465400	0.53869600	0.01595860
765	0.55679900	0.54083600	0.01596300
766	0.55901100	0.54304300	0.01596810
767	0.56130800	0.54533200	0.01597520
768	0.56362900	0.54764700	0.01598200
769	0.56599200	0.55000200	0.01598990
770	0.56843200	0.55243500	0.01599760
771	0.57108600	0.55508000	0.01600630
772	0.57401400	0.55799800	0.01601610
773	0.57720700	0.56117900	0.01602860
774	0.58069400	0.56465300	0.01604120
775	0.58439400	0.56833900	0.01605460
776	0.58826800	0.57220200	0.01606660
777	0.59225500	0.57617700	0.01607800
778	0.59630400	0.58021700	0.01608750
779	0.60035700	0.58426000	0.01609650
780	0.60434100	0.58823700	0.01610320
781	0.60819900	0.59208800	0.01611030
782	0.61191100	0.59579500	0.01611510
783	0.61550400	0.59938300	0.01612110
784	0.61898100	0.60285600	0.01612560
785	0.62238000	0.60625100	0.01612890
786	0.62569300	0.60956300	0.01613050
787	0.62895900	0.61282900	0.01613040
788	0.63215700	0.61602900	0.01612780
789	0.63532400	0.61920100	0.01612360
790	0.63845000	0.62233500	0.01611530
791	0.64147300	0.62536900	0.01610460
792	0.64433000	0.62824200	0.01608820
793	0.64712000	0.63105500	0.01606550
794	0.64984100	0.63380500	0.01603560
795	0.65248500	0.63648500	0.01599990
796	0.65503100	0.63907500	0.01595650
797	0.65741000	0.64150200	0.01590770
798	0.65957900	0.64372600	0.01585270
799	0.66148800	0.64569300	0.01579490
800	0.66313600	0.64740300	0.01573370
801	0.66455500	0.64888400	0.01567140
802	0.66580100	0.65019300	0.01560780
803	0.66692000	0.65137500	0.01554540
804	0.66788200	0.65239800	0.01548420
805	0.66872000	0.65329400	0.01542630
806	0.66942400	0.65405300	0.01537120
807	0.67000200	0.65468100	0.01532070
808	0.67041900	0.65514500	0.01527360
809	0.67068400	0.65545200	0.01523210
810	0.67074900	0.65555400	0.01519470
811	0.67064200	0.65547900	0.01516250
812	0.67035400	0.65522000	0.01513370
813	0.66998100	0.65487100	0.01510940
814	0.66950800	0.65442000	0.01508780
815	0.66898100	0.65391000	0.01507070
816	0.66841600	0.65336000	0.01505630
817	0.66786100	0.65281500	0.01504560
818	0.66734300	0.65230600	0.01503730
819	0.66690000	0.65186700	0.01503290
820	0.66653000	0.65150000	0.01503070
821	0.66630500	0.65127400	0.01503130
822	0.66627300	0.65124000	0.01503320
823	0.66646800	0.65143000	0.01503840
824	0.66693700	0.65189100	0.01504590
825	0.66768700	0.65263000	0.01505680
826	0.66873300	0.65366200	0.01507000
827	0.67009700	0.65501000	0.01508700
828	0.67179800	0.65669100	0.01510620
829	0.67381100	0.65868200	0.01512950
830	0.67611400	0.66095800	0.01515550
831	0.67867700	0.66349200	0.01518560
832	0.68145500	0.66623600	0.01521850
833	0.68443000	0.66917400	0.01525550
834	0.68758300	0.67228800	0.01529450
835	0.69087500	0.67553800	0.01533700
836	0.69426900	0.67888700	0.01538230
837	0.69769700	0.68226600	0.01543120
838	0.70109700	0.68561600	0.01548100
839	0.70442900	0.68889700	0.01553170
840	0.70760700	0.69202700	0.01558090
841	0.71051100	0.69488100	0.01562960
842	0.71321600	0.69754000	0.01567620
843	0.71570700	0.69998600	0.01572180
844	0.71793000	0.70216500	0.01576450
845	0.71987000	0.70406600	0.01580480
846	0.72146900	0.70562800	0.01584090
847	0.72268300	0.70680800	0.01587470
848	0.72350000	0.70759500	0.01590480
849	0.72395700	0.70802300	0.01593360
850	0.72402800	0.70807000	0.01595870
851	0.72387400	0.70789100	0.01598290
852	0.72360500	0.70760100	0.01600420
853	0.72334000	0.70731500	0.01602510
854	0.72314600	0.70710100	0.01604430
855	0.72309000	0.70702700	0.01606390
856	0.72319300	0.70711000	0.01608300
857	0.72347300	0.70736900	0.01610380
858	0.72390600	0.70778100	0.01612510
859	0.72447100	0.70832200	0.01614830
860	0.72511400	0.70894100	0.01617300
861	0.72581800	0.70961800	0.01619970
862	0.72652700	0.71029800	0.01622830
863	0.72720900	0.71094900	0.01625960
864	0.72780100	0.71150900	0.01629170
865	0.72828600	0.71196000	0.01632610
866	0.72866900	0.71230800	0.01636110
867	0.72888400	0.71248700	0.01639710
868	0.72894300	0.71251000	0.01643290
869	0.72893700	0.71246600	0.01647060
870	0.72885900	0.71235000	0.01650890
871	0.72871300	0.71216300	0.01654960
872	0.72849700	0.71190500	0.01659130
873	0.72824000	0.71160500	0.01663570
874	0.72790100	0.71121800	0.01668210
875	0.72749600	0.71076500	0.01673160
876	0.72697700	0.71019500	0.01678200
877	0.72632300	0.70948900	0.01683450
878	0.72551300	0.70862600	0.01688760
879	0.72455800	0.70761600	0.01694180
880	0.72346800	0.70647300	0.01699530
881	0.72228200	0.70523200	0.01704950
882	0.72099100	0.70388800	0.01710270
883	0.71958400	0.70242900	0.01715530
884	0.71804800	0.70084200	0.01720610
885	0.71639300	0.69913700	0.01725630
886	0.71462600	0.69732100	0.01730500
887	0.71273900	0.69538500	0.01735390
888	0.71076300	0.69336200	0.01740150
889	0.70868300	0.69123500	0.01744780
890	0.70654100	0.68905000	0.01749160
891	0.70433300	0.68679900	0.01753340
892	0.70206900	0.68449600	0.01757230
893	0.69975600	0.68214500	0.01761040
894	0.69740700	0.67976000	0.01764660
895	0.69500100	0.67731800	0.01768300
896	0.69253100	0.67481300	0.01771810
897	0.68996600	0.67221200	0.01775360
898	0.68731700	0.66952900	0.01778790
899	0.68457000	0.66674600	0.01782320
900	0.68173300	0.66387500	0.01785790
901	0.67879600	0.66090300	0.01789260
902	0.67575600	0.65783100	0.01792490
903	0.67262300	0.65466600	0.01795660
904	0.66939000	0.65140400	0.01798600
905	0.66610600	0.64809100	0.01801430
906	0.66273400	0.64469400	0.01804020
907	0.65932900	0.64126500	0.01806460
908	0.65589700	0.63781200	0.01808570
909	0.65244000	0.63433600	0.01810400
910	0.64896300	0.63084400	0.01811880
911	0.64548000	0.62734800	0.01813280
912	0.64201200	0.62386600	0.01814530
913	0.63852300	0.62036600	0.01815720
914	0.63502100	0.61685300	0.01816800
915	0.63157100	0.61339200	0.01817960
916	0.62814600	0.60995600	0.01818980
917	0.62474000	0.60653800	0.01820180
918	0.62134800	0.60313500	0.01821310
919	0.61803500	0.59981000	0.01822550
920	0.61478400	0.59654700	0.01823770
921	0.61165000	0.59339900	0.01825060
922	0.60863200	0.59037000	0.01826160
923	0.60572700	0.58745300	0.01827350
924	0.60292400	0.58464000	0.01828370
925	0.60021000	0.58191700	0.01829310
926	0.59762500	0.57932600	0.01829970
927	0.59517400	0.57687000	0.01830380
928	0.59281600	0.57451200	0.01830400
929	0.59052700	0.57222600	0.01830120
930	0.58834100	0.57004700	0.01829400
931	0.58627400	0.56799000	0.01828400
932	0.58436300	0.56609400	0.01826930
933	0.58264300	0.56439100	0.01825170
934	0.58114200	0.56291200	0.01822950
935	0.57988700	0.56168300	0.01820400
936	0.57892400	0.56075000	0.01817400
937	0.57824500	0.56010400	0.01814040
938	0.57782700	0.55972600	0.01810120
939	0.57763900	0.55958200	0.01805710
940	0.57771500	0.55970800	0.01800690
941	0.57802400	0.56007100	0.01795310
942	0.57867600	0.56078200	0.01789400
943	0.57963800	0.56180600	0.01783170
944	0.58087500	0.56311000	0.01776470
945	0.58231600	0.56462000	0.01769570
946	0.58392800	0.56630500	0.01762310
947	0.58566500	0.56811500	0.01754960
948	0.58761000	0.57013600	0.01747430
949	0.58973100	0.57233200	0.01739930
950	0.59196300	0.57464000	0.01732300
951	0.59425100	0.57700300	0.01724740
952	0.59656000	0.57939000	0.01717030
953	0.59887100	0.58177700	0.01709390
954	0.60116500	0.58414800	0.01701680
955	0.60340900	0.58646800	0.01694120
956	0.60558400	0.58871800	0.01686590
957	0.60771800	0.59092600	0.01679180
958	0.60978300	0.59306500	0.01671720
959	0.61170900	0.59506500	0.01664340
960	0.61347100	0.59690200	0.01656890
961	0.61509700	0.59860100	0.01649590
962	0.61654600	0.60012200	0.01642470
963	0.61789400	0.60153700	0.01635690
964	0.61914700	0.60285600	0.01629090
965	0.62033400	0.60410700	0.01622780
966	0.62143700	0.60527100	0.01616590
967	0.62245000	0.60634200	0.01610740
968	0.62335700	0.60730600	0.01605110
969	0.62417600	0.60817700	0.01599850
970	0.62494100	0.60899300	0.01594870
971	0.62571600	0.60981200	0.01590370
972	0.62650000	0.61063800	0.01586230
973	0.62733800	0.61151000	0.01582730
974	0.62823700	0.61244000	0.01579770
975	0.62924300	0.61346800	0.01577450
976	0.63032400	0.61456800	0.01575560
977	0.63147800	0.61573600	0.01574120
978	0.63271800	0.61699000	0.01572760
979	0.63402400	0.61830900	0.01571530
980	0.63539100	0.61969000	0.01570020
981	0.63674900	0.62106600	0.01568310
982	0.63803500	0.62237400	0.01566150
983	0.63925500	0.62362000	0.01563530
984	0.64041500	0.62481200	0.01560320
985	0.64155400	0.62598700	0.01556740
986	0.64275900	0.62723200	0.01552730
987	0.64409100	0.62860600	0.01548520
988	0.64563200	0.63019200	0.01544050
989	0.64738300	0.63198800	0.01539510
990	0.64937400	0.63402600	0.01534830
991	0.65159200	0.63629000	0.01530210
992	0.65404500	0.63878900	0.01525580
993	0.65673300	0.64152000	0.01521240
994	0.65964800	0.64447700	0.01517170
995	0.66278200	0.64764600	0.01513600
996	0.66607200	0.65096800	0.01510460
997	0.66949100	0.65441300	0.01507840
998	0.67297600	0.65792000	0.01505610
999	0.67651100	0.66147300	0.01503880
1000	0.68003000	0.66500600	0.01502480
1001	0.68356700	0.66855100	0.01501550
1002	0.68705200	0.67204300	0.01500930
1003	0.69048900	0.67548200	0.01500710
1004	0.69380500	0.67879600	0.01500860
1005	0.69700100	0.68198600	0.01501500
1006	0.70001300	0.68498800	0.01502460
1007	0.70293200	0.68789300	0.01503830
1008	0.70577500	0.69072000	0.01505460
1009	0.70867100	0.69359700	0.01507420
1010	0.71159600	0.69650100	0.01509540
1011	0.71458300	0.69946300	0.01512000
1012	0.71757900	0.70243300	0.01514560
1013	0.72049000	0.70531700	0.01517300
1014	0.72331300	0.70811200	0.01520030
1015	0.72597500	0.71074500	0.01522960
1016	0.72856500	0.71330500	0.01525960
1017	0.73117000	0.71587700	0.01529230
1018	0.73383900	0.71851200	0.01532650
1019	0.73652200	0.72115900	0.01536290
1020	0.73909300	0.72369400	0.01539850
1021	0.74149600	0.72606200	0.01543390
1022	0.74364200	0.72817300	0.01546810
1023	0.74559300	0.73009100	0.01550210
1024	0.74730900	0.73177500	0.01553430
1025	0.74878800	0.73322200	0.01556590
1026	0.75005600	0.73446000	0.01559540
1027	0.75116200	0.73553800	0.01562360
1028	0.75228700	0.73663900	0.01564820
1029	0.75336400	0.73769300	0.01567050
1030	0.75427100	0.73858200	0.01568910
1031	0.75497100	0.73926500	0.01570600
1032	0.75540500	0.73968500	0.01572010
1033	0.75556900	0.73983500	0.01573390
1034	0.75541900	0.73967300	0.01574600
1035	0.75497000	0.73921200	0.01575810
1036	0.75420200	0.73843300	0.01576880
1037	0.75312300	0.73734300	0.01578000
1038	0.75167900	0.73588900	0.01579080
1039	0.74989400	0.73409100	0.01580320
1040	0.74788000	0.73206300	0.01581630
1041	0.74567600	0.72984400	0.01583190
1042	0.74336800	0.72751900	0.01584890
1043	0.74101700	0.72514800	0.01586910
1044	0.73873700	0.72284600	0.01589100
1045	0.73658000	0.72066300	0.01591640
1046	0.73462400	0.71868000	0.01594370
1047	0.73288100	0.71690700	0.01597410
1048	0.73137700	0.71537200	0.01600560
1049	0.73011600	0.71407700	0.01603950
1050	0.72906800	0.71299300	0.01607470
1051	0.72820300	0.71209000	0.01611240
1052	0.72750500	0.71135400	0.01615090
1053	0.72698400	0.71079200	0.01619140
1054	0.72662100	0.71038900	0.01623260
1055	0.72639300	0.71011600	0.01627620
1056	0.72624600	0.70992400	0.01632160
1057	0.72613600	0.70976700	0.01636940
1058	0.72598700	0.70957000	0.01641730
1059	0.72576000	0.70929300	0.01646730
1060	0.72542300	0.70890500	0.01651820
1061	0.72492800	0.70835500	0.01657320
1062	0.72423300	0.70760300	0.01663060
1063	0.72330600	0.70661400	0.01669140
1064	0.72214800	0.70539500	0.01675310
1065	0.72073700	0.70392100	0.01681630
1066	0.71908900	0.70221000	0.01687970
1067	0.71720800	0.70026400	0.01694480
1068	0.71514000	0.69813000	0.01701000
1069	0.71288900	0.69581400	0.01707490
1070	0.71049200	0.69335400	0.01713790
1071	0.70792600	0.69072500	0.01720120
1072	0.70518700	0.68792400	0.01726300
1073	0.70227000	0.68494600	0.01732400
1074	0.69920000	0.68181700	0.01738260
1075	0.69600100	0.67856100	0.01744000
1076	0.69274900	0.67525500	0.01749430
1077	0.68946900	0.67192200	0.01754780
1078	0.68625500	0.66865600	0.01759860
1079	0.68312900	0.66548200	0.01764700
1080	0.68009200	0.66240100	0.01769060
1081	0.67709400	0.65936300	0.01773060
1082	0.67409700	0.65633100	0.01776600
1083	0.67106300	0.65326400	0.01779870
1084	0.66798500	0.65015800	0.01782750
1085	0.66486800	0.64701400	0.01785380
1086	0.66174300	0.64386600	0.01787680
1087	0.65863800	0.64074000	0.01789810
1088	0.65557800	0.63766200	0.01791600
1089	0.65261100	0.63468000	0.01793150
1090	0.64975400	0.63181200	0.01794230
1091	0.64706100	0.62911200	0.01794930
1092	0.64456400	0.62661400	0.01795030
1093	0.64228600	0.62433900	0.01794650
1094	0.64020900	0.62227200	0.01793660
1095	0.63833500	0.62041300	0.01792230
1096	0.63663600	0.61873400	0.01790260
1097	0.63510200	0.61722300	0.01787890
1098	0.63372500	0.61587500	0.01785020
1099	0.63251100	0.61469200	0.01781840
1100	0.63146000	0.61367700	0.01778260
1101	0.63055800	0.61281400	0.01774470
1102	0.62981700	0.61211300	0.01770340
1103	0.62919100	0.61153000	0.01766080
1104	0.62866700	0.61105100	0.01761620
1105	0.62820000	0.61062900	0.01757140
1106	0.62776400	0.61023800	0.01752560
1107	0.62727700	0.60979700	0.01748080
1108	0.62673300	0.60929700	0.01743630
1109	0.62608900	0.60869600	0.01739350
1110	0.62534300	0.60799200	0.01735120
1111	0.62450900	0.60719900	0.01731070
1112	0.62359800	0.60632700	0.01727060
1113	0.62259500	0.60536200	0.01723250
1114	0.62149100	0.60429500	0.01719550
1115	0.62030200	0.60314100	0.01716130
1116	0.61903900	0.60191000	0.01712820
1117	0.61771700	0.60061900	0.01709810
1118	0.61632000	0.59925100	0.01706950
1119	0.61485700	0.59781400	0.01704340
1120	0.61332500	0.59630800	0.01701770
1121	0.61173900	0.59474500	0.01699400
1122	0.61011100	0.59314000	0.01697110
1123	0.60844800	0.59149700	0.01695090
1124	0.60675500	0.58982300	0.01693290
1125	0.60503600	0.58811800	0.01691870
1126	0.60329300	0.58638600	0.01690650
1127	0.60153100	0.58463400	0.01689740
1128	0.59975000	0.58286000	0.01688970
1129	0.59796400	0.58108000	0.01688430
1130	0.59620500	0.57932500	0.01687960
1131	0.59447500	0.57759800	0.01687700
1132	0.59276700	0.57589300	0.01687430
1133	0.59108400	0.57421200	0.01687280
1134	0.58942700	0.57255500	0.01687180
1135	0.58777400	0.57090100	0.01687280
1136	0.58609700	0.56922300	0.01687400
1137	0.58438300	0.56750600	0.01687700
1138	0.58263000	0.56574900	0.01688080
1139	0.58081400	0.56392700	0.01688660
1140	0.57893900	0.56204600	0.01689270
1141	0.57699300	0.56009100	0.01690120
1142	0.57495800	0.55804700	0.01691130
1143	0.57282300	0.55589800	0.01692470
1144	0.57058100	0.55364100	0.01694000
1145	0.56822200	0.55126400	0.01695800
1146	0.56575700	0.54878000	0.01697730
1147	0.56315000	0.54615100	0.01699910
1148	0.56039100	0.54337000	0.01702110
1149	0.55747500	0.54042900	0.01704570
1150	0.55439900	0.53732800	0.01707050
1151	0.55117000	0.53407100	0.01709880
1152	0.54783400	0.53070600	0.01712840
1153	0.54441700	0.52725700	0.01715990
1154	0.54093200	0.52373800	0.01719340
1155	0.53743600	0.52020700	0.01722920
1156	0.53396100	0.51669700	0.01726370
1157	0.53059300	0.51329400	0.01729900
1158	0.52743800	0.51010600	0.01733260
1159	0.52459100	0.50722500	0.01736620
1160	0.52208900	0.50469000	0.01740000
1161	0.51998100	0.50254700	0.01743430
1162	0.51829000	0.50082200	0.01746760
1163	0.51703200	0.49953200	0.01750100
1164	0.51620100	0.49866900	0.01753250
1165	0.51581200	0.49824900	0.01756330
1166	0.51593000	0.49833700	0.01759290
1167	0.51652100	0.49889700	0.01762370
1168	0.51753300	0.49987700	0.01765530
1169	0.51892600	0.50123800	0.01768830
1170	0.52069000	0.50296900	0.01772030
1171	0.52278900	0.50503800	0.01775120
1172	0.52526800	0.50749000	0.01777760
1173	0.52813600	0.51033600	0.01780050
1174	0.53137300	0.51355400	0.01781840
1175	0.53494600	0.51711400	0.01783240
1176	0.53883400	0.52099300	0.01784060
1177	0.54301000	0.52516600	0.01784430
1178	0.54746900	0.52962700	0.01784170
1179	0.55219700	0.53436200	0.01783550
1180	0.55715100	0.53932700	0.01782380
1181	0.56236500	0.54455800	0.01780770
1182	0.56774800	0.54996100	0.01778640
1183	0.57325600	0.55549400	0.01776190
1184	0.57882700	0.56109400	0.01773300
1185	0.58440400	0.56670300	0.01770130
1186	0.58990600	0.57224100	0.01766500
1187	0.59536900	0.57774300	0.01762550
1188	0.60059300	0.58301100	0.01758240
1189	0.60547100	0.58793300	0.01753780
1190	0.60985200	0.59236100	0.01749100
1191	0.61372200	0.59627800	0.01744400
1192	0.61705100	0.59965500	0.01739570
1193	0.61992800	0.60258000	0.01734820
1194	0.62240800	0.60510800	0.01730010
1195	0.62460400	0.60735100	0.01725320
1196	0.62646800	0.60926400	0.01720480
1197	0.62812200	0.61096700	0.01715490
1198	0.62965100	0.61254800	0.01710280
1199	0.63110000	0.61405200	0.01704830
1200	0.63246500	0.61547300	0.01699220
1201	0.63366400	0.61672900	0.01693550
1202	0.63461000	0.61773200	0.01687850
1203	0.63521600	0.61839400	0.01682240
1204	0.63545500	0.61869000	0.01676510
1205	0.63529600	0.61858700	0.01670880
1206	0.63474200	0.61809000	0.01665170
1207	0.63380600	0.61721000	0.01659560
1208	0.63251100	0.61597200	0.01653900
1209	0.63093900	0.61445800	0.01648130
1210	0.62920400	0.61278200	0.01642190
1211	0.62737700	0.61101500	0.01636220
1212	0.62552500	0.60922400	0.01630100
1213	0.62373900	0.60749900	0.01623950
1214	0.62203000	0.60585500	0.01617460
1215	0.62044800	0.60434000	0.01610790
1216	0.61902800	0.60299000	0.01603800
1217	0.61785700	0.60188900	0.01596780
1218	0.61698900	0.60109300	0.01589610
1219	0.61648700	0.60066100	0.01582590
1220	0.61641400	0.60065800	0.01575620
1221	0.61684900	0.60116000	0.01568890
1222	0.61784300	0.60221900	0.01562340
1223	0.61937300	0.60381100	0.01556210
1224	0.62143000	0.60592700	0.01550320
1225	0.62394600	0.60849800	0.01544760
1226	0.62686600	0.61147100	0.01539460
1227	0.63015000	0.61480300	0.01534720
1228	0.63370700	0.61840100	0.01530570
1229	0.63744700	0.62217400	0.01527240
1230	0.64126400	0.62601800	0.01524600
1231	0.64509800	0.62987000	0.01522790
1232	0.64891100	0.63369400	0.01521680
1233	0.65266000	0.63744600	0.01521380
1234	0.65629900	0.64108200	0.01521670
1235	0.65982600	0.64459900	0.01522640
1236	0.66321800	0.64797800	0.01523980
1237	0.66649600	0.65123900	0.01525730
1238	0.66962900	0.65435300	0.01527630
1239	0.67263200	0.65733500	0.01529660
1240	0.67549400	0.66017900	0.01531470
1241	0.67824400	0.66291300	0.01533140
1242	0.68089800	0.66555300	0.01534510
1243	0.68351400	0.66815700	0.01535720
1244	0.68613900	0.67077200	0.01536670
1245	0.68880600	0.67343100	0.01537510
1246	0.69146300	0.67608200	0.01538080
1247	0.69423400	0.67884900	0.01538520
1248	0.69705500	0.68166800	0.01538680
1249	0.69987400	0.68448700	0.01538680
1250	0.70265300	0.68727000	0.01538320
1251	0.70521400	0.68983600	0.01537860
1252	0.70763600	0.69226400	0.01537240
1253	0.70981800	0.69445200	0.01536630
1254	0.71174600	0.69638700	0.01535970
1255	0.71349200	0.69813800	0.01535360
1256	0.71502900	0.69968300	0.01534580
1257	0.71629600	0.70096000	0.01533690
1258	0.71725900	0.70193500	0.01532460
1259	0.71799800	0.70268800	0.01531000
1260	0.71840600	0.70311600	0.01529030
1261	0.71846700	0.70320100	0.01526660
1262	0.71819000	0.70295300	0.01523780
1263	0.71761500	0.70240800	0.01520690
1264	0.71679900	0.70162500	0.01517380
1265	0.71580900	0.70066900	0.01514060
1266	0.71472700	0.69962100	0.01510640
1267	0.71363900	0.69856500	0.01507380
1268	0.71259800	0.69755600	0.01504230
1269	0.71166200	0.69664800	0.01501430
1270	0.71086000	0.69587200	0.01498840
1271	0.71021400	0.69524800	0.01496560
1272	0.70965200	0.69470700	0.01494420
1273	0.70922800	0.69430200	0.01492570
1274	0.70892600	0.69401700	0.01490960
1275	0.70881600	0.69391800	0.01489770
1276	0.70889000	0.69400200	0.01488860
1277	0.70913400	0.69425100	0.01488300
1278	0.70950200	0.69462200	0.01488020
1279	0.70992900	0.69504800	0.01488070
1280	0.71033200	0.69544900	0.01488280
1281	0.71071600	0.69582800	0.01488800
1282	0.71106400	0.69616900	0.01489520
1283	0.71134200	0.69643600	0.01490650
1284	0.71148400	0.69656300	0.01492120
1285	0.71144300	0.69650100	0.01494210
1286	0.71119800	0.69622900	0.01496860
1287	0.71074600	0.69574300	0.01500250
1288	0.71008600	0.69504300	0.01504260
1289	0.70929600	0.69420400	0.01509210
1290	0.70838600	0.69323600	0.01514980
1291	0.70738600	0.69216900	0.01521730
1292	0.70629200	0.69100000	0.01529280
1293	0.70520700	0.68983200	0.01537580
1294	0.70417400	0.68871300	0.01546120
1295	0.70328700	0.68773900	0.01554830
1296	0.70254500	0.68691100	0.01563350
1297	0.70194900	0.68623200	0.01571630
1298	0.70151300	0.68571900	0.01579370
1299	0.70117500	0.68530900	0.01586610
1300	0.70091200	0.68497800	0.01593390
1301	0.70069400	0.68469500	0.01599880
1302	0.70055200	0.68449400	0.01605860
1303	0.70046500	0.68435000	0.01611490
1304	0.70045100	0.68428300	0.01616730
1305	0.70047300	0.68425500	0.01621820
1306	0.70055900	0.68429200	0.01626650
1307	0.70066400	0.68434900	0.01631500
1308	0.70080800	0.68444600	0.01636200
1309	0.70093600	0.68452800	0.01640840
1310	0.70102000	0.68456800	0.01645210
1311	0.70099500	0.68450100	0.01649380
1312	0.70084100	0.68430900	0.01653180
1313	0.70051000	0.68394300	0.01656720
1314	0.69999800	0.68339800	0.01660010
1315	0.69930400	0.68267100	0.01663270
1316	0.69845400	0.68179000	0.01666420
1317	0.69746200	0.68076600	0.01669550
1318	0.69636000	0.67963500	0.01672490
1319	0.69517500	0.67842100	0.01675400
1320	0.69392200	0.67714100	0.01678120
1321	0.69260800	0.67579900	0.01680840
1322	0.69121600	0.67438200	0.01683480
1323	0.68972800	0.67286500	0.01686240
1324	0.68815500	0.67126500	0.01689000
1325	0.68645100	0.66953200	0.01691860
1326	0.68460300	0.66765600	0.01694700
1327	0.68258300	0.66560400	0.01697860
1328	0.68041200	0.66339900	0.01701290
1329	0.67806500	0.66101400	0.01705080
1330	0.67557400	0.65848300	0.01709070
1331	0.67294200	0.65580700	0.01713430
1332	0.67026200	0.65308200	0.01717920
1333	0.66750600	0.65027900	0.01722680
1334	0.66472800	0.64745300	0.01727450
1335	0.66186200	0.64453800	0.01732330
1336	0.65892500	0.64155300	0.01737210
1337	0.65583800	0.63841600	0.01742170
1338	0.65263700	0.63516600	0.01747030
1339	0.64931200	0.63179200	0.01751930
1340	0.64589800	0.62833100	0.01756670
1341	0.64239200	0.62477700	0.01761500
1342	0.63884300	0.62118200	0.01766050
1343	0.63527000	0.61756700	0.01770280
1344	0.63167200	0.61393200	0.01773990
1345	0.62805900	0.61028600	0.01777220
1346	0.62443100	0.60663300	0.01779810
1347	0.62081000	0.60299200	0.01781780
1348	0.61716800	0.59933800	0.01783030
1349	0.61358900	0.59575100	0.01783810
1350	0.61008600	0.59224600	0.01784000
1351	0.60672200	0.58888300	0.01783890
1352	0.60352500	0.58569100	0.01783390
1353	0.60054500	0.58271900	0.01782580
1354	0.59781000	0.57999500	0.01781450
1355	0.59534200	0.57754000	0.01780160
1356	0.59303000	0.57524500	0.01778480
1357	0.59090400	0.57313700	0.01776670
1358	0.58886800	0.57112200	0.01774620
1359	0.58702300	0.56929700	0.01772590
1360	0.58534900	0.56764500	0.01770410
1361	0.58389000	0.56620800	0.01768230
1362	0.58260700	0.56494900	0.01765820
1363	0.58148100	0.56384900	0.01763270
1364	0.58040300	0.56279700	0.01760610
1365	0.57931500	0.56173500	0.01758000
1366	0.57815900	0.56060700	0.01755250
1367	0.57693400	0.55940600	0.01752770
1368	0.57562600	0.55812200	0.01750410
1369	0.57422100	0.55673700	0.01748320
1370	0.57271800	0.55525400	0.01746370
1371	0.57109600	0.55365000	0.01744570
1372	0.56932000	0.55189200	0.01742740
1373	0.56738000	0.54997000	0.01741010
1374	0.56529600	0.54790300	0.01739290
1375	0.56307100	0.54569400	0.01737690
1376	0.56073100	0.54337100	0.01736000
1377	0.55828100	0.54093500	0.01734570
1378	0.55578000	0.53844800	0.01733190
1379	0.55326800	0.53594600	0.01732170
1380	0.55081600	0.53350300	0.01731300
1381	0.54849700	0.53119000	0.01730680
1382	0.54639600	0.52909200	0.01730350
1383	0.54459000	0.52728600	0.01730390
1384	0.54312800	0.52582100	0.01730640
1385	0.54200000	0.52468900	0.01731120
1386	0.54117500	0.52385700	0.01731790
1387	0.54062000	0.52329300	0.01732780
1388	0.54024700	0.52290700	0.01733900
1389	0.53996900	0.52261700	0.01735210
1390	0.53972100	0.52235500	0.01736620
1391	0.53945200	0.52206800	0.01738370
1392	0.53915000	0.52174800	0.01740170
1393	0.53882100	0.52140100	0.01742000
1394	0.53852000	0.52108500	0.01743560
1395	0.53832100	0.52087200	0.01744890
1396	0.53829900	0.52084200	0.01745710
1397	0.53846800	0.52100700	0.01746180
1398	0.53883200	0.52137100	0.01746120
1399	0.53948100	0.52202400	0.01745700
1400	0.54048400	0.52303600	0.01744730
1401	0.54188200	0.52444900	0.01743260
1402	0.54367700	0.52626500	0.01741160
1403	0.54587300	0.52848800	0.01738540
1404	0.54845000	0.53109700	0.01735220
1405	0.55140200	0.53408700	0.01731440
1406	0.55473400	0.53746300	0.01727170
1407	0.55848700	0.54126000	0.01722700
1408	0.56267400	0.54549400	0.01717950
1409	0.56733300	0.55020200	0.01713130
1410	0.57236800	0.55528800	0.01708020
1411	0.57782300	0.56079600	0.01702700
1412	0.58364400	0.56667400	0.01696960
1413	0.58980800	0.57289800	0.01690990
1414	0.59621800	0.57936900	0.01684860
1415	0.60274200	0.58595400	0.01678770
1416	0.60931400	0.59258700	0.01672640
1417	0.61567600	0.59900800	0.01666800
1418	0.62160100	0.60499000	0.01661120
1419	0.62697800	0.61041800	0.01655940
1420	0.63180600	0.61529300	0.01651280
1421	0.63609300	0.61962000	0.01647250
1422	0.63989000	0.62345200	0.01643760
1423	0.64321200	0.62680200	0.01641030
1424	0.64610500	0.62971600	0.01638920
1425	0.64860700	0.63223200	0.01637580
1426	0.65070000	0.63433200	0.01636760
1427	0.65236200	0.63599600	0.01636600
1428	0.65351600	0.63714700	0.01636900
1429	0.65415600	0.63778000	0.01637590
1430	0.65432500	0.63794100	0.01638410
1431	0.65406600	0.63767100	0.01639410
1432	0.65348400	0.63708000	0.01640360
1433	0.65268600	0.63627300	0.01641240
1434	0.65177600	0.63535600	0.01641940
1435	0.65087500	0.63445000	0.01642530
1436	0.65006500	0.63363600	0.01642860
1437	0.64946600	0.63303600	0.01642950
1438	0.64905500	0.63263000	0.01642530
1439	0.64884000	0.63242400	0.01641660
1440	0.64875600	0.63235500	0.01640200
1441	0.64876000	0.63237700	0.01638340
1442	0.64877100	0.63241200	0.01635930
1443	0.64873300	0.63240300	0.01633040
1444	0.64860600	0.63231000	0.01629600
1445	0.64843000	0.63217200	0.01625740
1446	0.64817200	0.63195800	0.01621410
1447	0.64785900	0.63169000	0.01616860
1448	0.64751200	0.63139100	0.01612130
1449	0.64718400	0.63111000	0.01607430
1450	0.64689200	0.63086600	0.01602620
1451	0.64667400	0.63069500	0.01597910
1452	0.64654100	0.63060900	0.01593170
1453	0.64651100	0.63062600	0.01588530
1454	0.64659100	0.63075300	0.01583800
1455	0.64678900	0.63099800	0.01579170
1456	0.64713500	0.63139000	0.01574560
1457	0.64765300	0.63195000	0.01570220
1458	0.64833700	0.63267700	0.01566030
1459	0.64918400	0.63356200	0.01562220
1460	0.65018300	0.63459600	0.01558710
1461	0.65133400	0.63577600	0.01555730
1462	0.65264000	0.63710800	0.01553230
1463	0.65411600	0.63860200	0.01551400
1464	0.65574800	0.64024700	0.01550080
1465	0.65755400	0.64206000	0.01549460
1466	0.65951100	0.64401600	0.01549480
1467	0.66160700	0.64610300	0.01550380
1468	0.66375900	0.64823900	0.01552040
1469	0.66597600	0.65042900	0.01554640
1470	0.66820600	0.65262500	0.01558040
1471	0.67047800	0.65485500	0.01562290
1472	0.67273700	0.65706600	0.01567140
1473	0.67501900	0.65929300	0.01572530
1474	0.67716400	0.66138200	0.01578250
1475	0.67927200	0.66342900	0.01584350
1476	0.68121800	0.66531100	0.01590690
1477	0.68295400	0.66698100	0.01597330
1478	0.68443900	0.66839700	0.01604140
1479	0.68564100	0.66952900	0.01611200
1480	0.68654300	0.67036100	0.01618210
1481	0.68712200	0.67086900	0.01625340
1482	0.68737400	0.67105000	0.01632420
1483	0.68728600	0.67089100	0.01639490
1484	0.68690100	0.67043600	0.01646450
1485	0.68628400	0.66975100	0.01653280
1486	0.68548600	0.66888700	0.01659890
1487	0.68457700	0.66791200	0.01666490
1488	0.68362300	0.66689400	0.01672910
1489	0.68266500	0.66587200	0.01679340
1490	0.68174900	0.66489300	0.01685580
1491	0.68090500	0.66398800	0.01691710
1492	0.68014100	0.66316500	0.01697570
1493	0.67947700	0.66244300	0.01703350
1494	0.67894700	0.66185800	0.01708890
1495	0.67855100	0.66140700	0.01714350
1496	0.67828900	0.66109300	0.01719580
1497	0.67819300	0.66094600	0.01724750
1498	0.67817700	0.66088000	0.01729730
1499	0.67817100	0.66082400	0.01734690
1500	0.67811600	0.66072100	0.01739480
1501	0.67795100	0.66050900	0.01744160
1502	0.67762900	0.66014400	0.01748490
1503	0.67711600	0.65959100	0.01752520
1504	0.67642500	0.65886400	0.01756030
1505	0.67557800	0.65798700	0.01759140
1506	0.67453500	0.65691800	0.01761680
1507	0.67333000	0.65569200	0.01763800
1508	0.67199200	0.65433800	0.01765400
1509	0.67054500	0.65287800	0.01766630
1510	0.66904700	0.65137300	0.01767400
1511	0.66752200	0.64984300	0.01767900
1512	0.66598700	0.64830600	0.01768060
1513	0.66445000	0.64676900	0.01768130
1514	0.66291900	0.64523900	0.01767940
1515	0.66140600	0.64373100	0.01767590
1516	0.65992100	0.64225200	0.01766890
1517	0.65849000	0.64083000	0.01765970
1518	0.65711500	0.63946900	0.01764600
1519	0.65582300	0.63819500	0.01762810
1520	0.65461100	0.63700600	0.01760510
1521	0.65351500	0.63593600	0.01757840
1522	0.65255500	0.63500800	0.01754650
1523	0.65174400	0.63423200	0.01751150
1524	0.65110300	0.63363000	0.01747260
1525	0.65062200	0.63319000	0.01743240
1526	0.65033200	0.63294100	0.01739080
1527	0.65021800	0.63286800	0.01735020
1528	0.65025200	0.63294200	0.01731010
1529	0.65037300	0.63310000	0.01727250
1530	0.65049900	0.63326200	0.01723640
1531	0.65056300	0.63336000	0.01720350
1532	0.65049600	0.63332300	0.01717250
1533	0.65025000	0.63310500	0.01714470
1534	0.64978800	0.63266900	0.01711880
1535	0.64909800	0.63200100	0.01709640
1536	0.64817300	0.63109700	0.01707670
1537	0.64702100	0.62995900	0.01706140
1538	0.64562400	0.62857500	0.01704920
1539	0.64404900	0.62700700	0.01704210
1540	0.64236800	0.62532900	0.01703870
1541	0.64067800	0.62363900	0.01703970
1542	0.63904600	0.62200200	0.01704370
1543	0.63753700	0.62048300	0.01705370
1544	0.63620400	0.61913500	0.01706910
1545	0.63511100	0.61802000	0.01709020
1546	0.63423400	0.61712000	0.01711450
1547	0.63353200	0.61639000	0.01714180
1548	0.63298600	0.61581900	0.01716740
1549	0.63262100	0.61543000	0.01719080
1550	0.63245700	0.61524700	0.01721000
1551	0.63249100	0.61526300	0.01722800
1552	0.63271300	0.61546900	0.01724420
1553	0.63310600	0.61584600	0.01726000
1554	0.63364000	0.61636700	0.01727310
1555	0.63424800	0.61696300	0.01728510
1556	0.63487500	0.61758100	0.01729410
1557	0.63545000	0.61814800	0.01730140
1558	0.63592100	0.61861500	0.01730600
1559	0.63626100	0.61895200	0.01730910
1560	0.63645500	0.61914500	0.01730980
1561	0.63648700	0.61917700	0.01730910
1562	0.63633200	0.61902700	0.01730550
1563	0.63599400	0.61869200	0.01730130
1564	0.63547700	0.61818200	0.01729450
1565	0.63479600	0.61751000	0.01728690
1566	0.63398800	0.61671200	0.01727670
1567	0.63308100	0.61581600	0.01726510
1568	0.63211300	0.61486300	0.01725040
1569	0.63110500	0.61387100	0.01723360
1570	0.63007000	0.61285700	0.01721340
1571	0.62902600	0.61183200	0.01719310
1572	0.62798600	0.61081400	0.01717160
1573	0.62695700	0.60980700	0.01715000
1574	0.62591300	0.60878400	0.01712850
1575	0.62481600	0.60770800	0.01710790
1576	0.62363200	0.60654600	0.01708620
1577	0.62231300	0.60524600	0.01706650
1578	0.62083700	0.60379100	0.01704560
1579	0.61918400	0.60216000	0.01702360
1580	0.61736100	0.60036000	0.01700030
1581	0.61539100	0.59841500	0.01697610
1582	0.61328200	0.59633200	0.01694970
1583	0.61107500	0.59415100	0.01692410
1584	0.60878400	0.59188700	0.01689690
1585	0.60644800	0.58957900	0.01686950
1586	0.60408300	0.58724100	0.01684210
1587	0.60174700	0.58493300	0.01681430
1588	0.59943300	0.58264900	0.01678440
1589	0.59717700	0.58042200	0.01675580
1590	0.59496600	0.57823900	0.01672670
1591	0.59281100	0.57611300	0.01669810
1592	0.59070500	0.57403400	0.01667110
1593	0.58861900	0.57197200	0.01664750
1594	0.58655000	0.56992600	0.01662390
1595	0.58448300	0.56788100	0.01660120
1596	0.58239300	0.56581300	0.01657970
1597	0.58025200	0.56369100	0.01656130
1598	0.57804600	0.56150200	0.01654440
1599	0.57578500	0.55925500	0.01653020
1600	0.57347900	0.55696200	0.01651750
1601	0.57114800	0.55464000	0.01650820
1602	0.56879600	0.55229600	0.01650060
1603	0.56641000	0.54991400	0.01649600
1604	0.56399400	0.54750100	0.01649360
1605	0.56154400	0.54505000	0.01649400
1606	0.55906600	0.54257100	0.01649510
1607	0.55655200	0.54005500	0.01649760
1608	0.55403400	0.53753400	0.01649980
1609	0.55154100	0.53503700	0.01650390
1610	0.54908000	0.53257300	0.01650770
1611	0.54667800	0.53016600	0.01651270
1612	0.54436500	0.52784800	0.01651680
1613	0.54214100	0.52561800	0.01652220
1614	0.53999300	0.52346600	0.01652730
1615	0.53792900	0.52139500	0.01653360
1616	0.53596500	0.51942600	0.01653870
1617	0.53411900	0.51757600	0.01654270
1618	0.53239800	0.51585400	0.01654460
1619	0.53080200	0.51425600	0.01654610
1620	0.52931800	0.51277100	0.01654680
1621	0.52793400	0.51138600	0.01654810
1622	0.52663300	0.51008500	0.01654820
1623	0.52540900	0.50886100	0.01654830
1624	0.52423900	0.50769300	0.01654650
1625	0.52313800	0.50659400	0.01654400
1626	0.52211400	0.50557600	0.01653880
1627	0.52121800	0.50468600	0.01653190
1628	0.52044100	0.50391900	0.01652180
1629	0.51982200	0.50331200	0.01651010
1630	0.51935300	0.50285800	0.01649560
1631	0.51904100	0.50256100	0.01647930
1632	0.51884200	0.50238100	0.01646050
1633	0.51875800	0.50231700	0.01644060
1634	0.51878100	0.50236300	0.01641850
1635	0.51901500	0.50261900	0.01639620
1636	0.51947200	0.50309900	0.01637260
1637	0.52016700	0.50381700	0.01634960
1638	0.52108600	0.50476000	0.01632580
1639	0.52233800	0.50603500	0.01630290
1640	0.52394800	0.50766900	0.01627940
1641	0.52592600	0.50966900	0.01625680
1642	0.52826500	0.51203200	0.01623280
1643	0.53099200	0.51478300	0.01620890
1644	0.53421500	0.51803300	0.01618260
1645	0.53787100	0.52171400	0.01615630
1646	0.54188700	0.52575900	0.01612830
1647	0.54628200	0.53018200	0.01609970
1648	0.55107200	0.53500300	0.01606830
1649	0.55629400	0.54025900	0.01603530
1650	0.56194600	0.54594700	0.01599920
1651	0.56799300	0.55203100	0.01596170
1652	0.57427300	0.55835100	0.01592160
1653	0.58079600	0.56491500	0.01588080
1654	0.58749000	0.57165200	0.01583870
1655	0.59427700	0.57848000	0.01579740
1656	0.60102200	0.58526600	0.01575620
1657	0.60761400	0.59189700	0.01571670
1658	0.61394900	0.59827200	0.01567700
1659	0.61995400	0.60431600	0.01563860
1660	0.62554900	0.60994900	0.01559980
1661	0.63073400	0.61517100	0.01556220
1662	0.63543600	0.61991200	0.01552450
1663	0.63961700	0.62412800	0.01548820
1664	0.64319800	0.62774500	0.01545230
1665	0.64618700	0.63076800	0.01541850
1666	0.64859600	0.63320900	0.01538670
1667	0.65056600	0.63520800	0.01535790
1668	0.65213800	0.63680700	0.01533050
1669	0.65336900	0.63806300	0.01530520
1670	0.65427000	0.63899000	0.01528020
1671	0.65481700	0.63956100	0.01525650
1672	0.65495800	0.63972500	0.01523270
1673	0.65465600	0.63944500	0.01521050
1674	0.65383700	0.63864900	0.01518840
1675	0.65248300	0.63731400	0.01516930
1676	0.65067000	0.63551900	0.01515140
1677	0.64849800	0.63336200	0.01513640
1678	0.64606600	0.63094400	0.01512170
1679	0.64348800	0.62837900	0.01510900
1680	0.64087200	0.62577600	0.01509630
1681	0.63832100	0.62323500	0.01508610
1682	0.63595300	0.62087800	0.01507530
1683	0.63380300	0.61873800	0.01506530
1684	0.63188200	0.61682700	0.01505520
1685	0.63014700	0.61510100	0.01504570
1686	0.62855900	0.61352300	0.01503590
1687	0.62707000	0.61204200	0.01502800
1688	0.62565500	0.61063400	0.01502080
1689	0.62430400	0.60928800	0.01501620
1690	0.62305400	0.60804100	0.01501310
1691	0.62192700	0.60691300	0.01501360
1692	0.62093400	0.60591800	0.01501610
1693	0.62010300	0.60508100	0.01502200
1694	0.61945700	0.60442800	0.01502940
1695	0.61903100	0.60399200	0.01503920
1696	0.61885300	0.60380300	0.01505000
1697	0.61894000	0.60387700	0.01506300
1698	0.61928900	0.60421200	0.01507670
1699	0.61992200	0.60483000	0.01509250
1700	0.62082700	0.60571800	0.01510850
1701	0.62201100	0.60688500	0.01512640
1702	0.62344400	0.60829900	0.01514490
1703	0.62514200	0.60997600	0.01516580
1704	0.62708600	0.61189800	0.01518720
1705	0.62929200	0.61408200	0.01521050
1706	0.63167800	0.61644400	0.01523380
1707	0.63429100	0.61903200	0.01525900
1708	0.63706200	0.62177700	0.01528490
1709	0.63992000	0.62460700	0.01531290
1710	0.64273100	0.62739200	0.01533930
1711	0.64538700	0.63002300	0.01536490
1712	0.64779500	0.63240600	0.01538900
1713	0.64988900	0.63447600	0.01541310
1714	0.65159900	0.63616300	0.01543590
1715	0.65290600	0.63744600	0.01545970
1716	0.65377600	0.63829300	0.01548310
1717	0.65418500	0.63867700	0.01550780
1718	0.65407500	0.63854300	0.01553230
1719	0.65339800	0.63783900	0.01555820
1720	0.65230900	0.63672500	0.01558410
1721	0.65073300	0.63512200	0.01561180
1722	0.64866400	0.63302400	0.01564020
1723	0.64611400	0.63044300	0.01567090
1724	0.64320200	0.62749900	0.01570300
1725	0.64016100	0.62442300	0.01573800
1726	0.63709800	0.62132300	0.01577470
1727	0.63411400	0.61830000	0.01581440
1728	0.63137400	0.61551900	0.01585550
1729	0.62900500	0.61310500	0.01589970
1730	0.62711300	0.61116800	0.01594490
1731	0.62576000	0.60976900	0.01599070
1732	0.62497000	0.60893600	0.01603480
1733	0.62475000	0.60867300	0.01607700
1734	0.62503900	0.60892400	0.01611460
1735	0.62576100	0.60961300	0.01614800
1736	0.62683700	0.61066200	0.01617540
1737	0.62817900	0.61198100	0.01619880
1738	0.62967900	0.61346200	0.01621720
1739	0.63127000	0.61503800	0.01623180
1740	0.63287100	0.61662900	0.01624140
1741	0.63439100	0.61814400	0.01624760
1742	0.63580600	0.61955600	0.01624910
1743	0.63713600	0.62088900	0.01624730
1744	0.63836800	0.62212600	0.01624220
1745	0.63948600	0.62325000	0.01623600
1746	0.64045500	0.62422700	0.01622780
1747	0.64128000	0.62506000	0.01621960
1748	0.64192700	0.62571600	0.01621050
1749	0.64240100	0.62619800	0.01620320
1750	0.64270200	0.62650500	0.01619710
1751	0.64284400	0.62665100	0.01619310
1752	0.64281700	0.62662700	0.01619000
1753	0.64263600	0.62644700	0.01618880
1754	0.64228900	0.62610000	0.01618830
1755	0.64177300	0.62558300	0.01619000
1756	0.64110900	0.62491700	0.01619220
1757	0.64036600	0.62417100	0.01619490
1758	0.63961300	0.62341600	0.01619610
1759	0.63892900	0.62273100	0.01619750
1760	0.63835500	0.62215700	0.01619790
1761	0.63791200	0.62171300	0.01619920
1762	0.63760600	0.62140600	0.01620060
1763	0.63744400	0.62124000	0.01620400
1764	0.63741500	0.62120700	0.01620800
1765	0.63749600	0.62128200	0.01621430
1766	0.63767500	0.62145300	0.01622140
1767	0.63795900	0.62172700	0.01623140
1768	0.63836500	0.62212200	0.01624270
1769	0.63889600	0.62263900	0.01625720
1770	0.63957400	0.62330100	0.01627380
1771	0.64041900	0.62412400	0.01629430
1772	0.64145600	0.62513900	0.01631680
1773	0.64268900	0.62634700	0.01634270
1774	0.64413200	0.62776100	0.01637060
1775	0.64577100	0.62937000	0.01640170
1776	0.64758600	0.63115200	0.01643380
1777	0.64957400	0.63310700	0.01646740
1778	0.65169500	0.63519400	0.01650090
1779	0.65391600	0.63738100	0.01653540
1780	0.65619800	0.63962900	0.01656950
1781	0.65850700	0.64190100	0.01660580
1782	0.66080000	0.64415700	0.01664320
1783	0.66307200	0.64638900	0.01668260
1784	0.66532800	0.64860500	0.01672260
1785	0.66757700	0.65081200	0.01676450
1786	0.66980200	0.65299600	0.01680620
1787	0.67200200	0.65515300	0.01684950
1788	0.67415400	0.65726100	0.01689300
1789	0.67627300	0.65933500	0.01693760
1790	0.67829800	0.66131700	0.01698160
1791	0.68024300	0.66321700	0.01702610
1792	0.68208700	0.66501800	0.01706890
1793	0.68382200	0.66671000	0.01711140
1794	0.68541900	0.66826700	0.01715230
1795	0.68689700	0.66970300	0.01719350
1796	0.68823400	0.67100000	0.01723350
1797	0.68942600	0.67215200	0.01727360
1798	0.69046700	0.67315500	0.01731200
1799	0.69135000	0.67400000	0.01735010
1800	0.69207200	0.67468500	0.01738700
1801	0.69264700	0.67522300	0.01742440
1802	0.69307400	0.67561300	0.01746190
1803	0.69337700	0.67587600	0.01750110
1804	0.69355300	0.67601200	0.01754080
1805	0.69361800	0.67603600	0.01758220
1806	0.69357300	0.67595000	0.01762370
1807	0.69343500	0.67576800	0.01766680
1808	0.69319900	0.67549000	0.01770950
1809	0.69285700	0.67510300	0.01775350
1810	0.69235500	0.67455800	0.01779700
1811	0.69167100	0.67382900	0.01784130
1812	0.69076000	0.67287500	0.01788470
1813	0.68959300	0.67166400	0.01792860
1814	0.68816300	0.67019100	0.01797190
1815	0.68646800	0.66845200	0.01801580
1816	0.68449800	0.66644100	0.01805790
1817	0.68227300	0.66417400	0.01809890
1818	0.67980500	0.66166800	0.01813690
1819	0.67709400	0.65892100	0.01817300
1820	0.67419800	0.65599200	0.01820530
1821	0.67119900	0.65296400	0.01823490
1822	0.66815700	0.64989600	0.01826090
1823	0.66515200	0.64686800	0.01828460
1824	0.66221000	0.64390500	0.01830450
1825	0.65934600	0.64102400	0.01832180
1826	0.65651700	0.63818100	0.01833540
1827	0.65372100	0.63537400	0.01834680
1828	0.65091800	0.63256300	0.01835510
1829	0.64815700	0.62979500	0.01836160
1830	0.64542800	0.62706400	0.01836480
1831	0.64281100	0.62444500	0.01836610
1832	0.64030600	0.62194300	0.01836310
1833	0.63795500	0.61959800	0.01835640
1834	0.63577800	0.61743300	0.01834510
1835	0.63380200	0.61547200	0.01833020
1836	0.63205500	0.61374400	0.01831070
1837	0.63054200	0.61225400	0.01828730
1838	0.62925700	0.61099800	0.01825910
1839	0.62820500	0.60997800	0.01822750
1840	0.62738300	0.60919200	0.01819110
1841	0.62681300	0.60866200	0.01815120
1842	0.62649900	0.60839100	0.01810720
1843	0.62643300	0.60837200	0.01806120
1844	0.62659300	0.60858100	0.01801240
1845	0.62695900	0.60899800	0.01796190
1846	0.62749500	0.60958600	0.01790920
1847	0.62817000	0.61031400	0.01785630
1848	0.62891700	0.61111500	0.01780190
1849	0.62969400	0.61194600	0.01774760
1850	0.63040900	0.61271600	0.01769310
1851	0.63100900	0.61336900	0.01764030
1852	0.63136800	0.61378000	0.01758810
1853	0.63146400	0.61392600	0.01753820
1854	0.63124600	0.61375600	0.01748950
1855	0.63072200	0.61327800	0.01744420
1856	0.62989800	0.61249700	0.01740090
1857	0.62883200	0.61147100	0.01736150
1858	0.62754400	0.61021900	0.01732500
1859	0.62608400	0.60879100	0.01729250
1860	0.62447100	0.60720900	0.01726240
1861	0.62274400	0.60550700	0.01723650
1862	0.62093100	0.60371800	0.01721290
1863	0.61904700	0.60185400	0.01719310
1864	0.61710500	0.59992900	0.01717540
1865	0.61506800	0.59790800	0.01716040
1866	0.61289400	0.59574700	0.01714650
1867	0.61054600	0.59341200	0.01713430
1868	0.60802500	0.59090300	0.01712200
1869	0.60533800	0.58822700	0.01711080
1870	0.60253600	0.58543700	0.01709880
1871	0.59966600	0.58257900	0.01708740
1872	0.59678900	0.57971400	0.01707490
1873	0.59397200	0.57691000	0.01706180
1874	0.59126200	0.57421500	0.01704660
1875	0.58870800	0.57167700	0.01703020
1876	0.58628300	0.56927100	0.01701160
1877	0.58397300	0.56698100	0.01699240
1878	0.58174400	0.56477200	0.01697140
1879	0.57966400	0.56271300	0.01695090
1880	0.57775400	0.56082400	0.01692960
1881	0.57606400	0.55915500	0.01690910
1882	0.57462700	0.55773800	0.01688860
1883	0.57348300	0.55661300	0.01686970
1884	0.57264500	0.55579500	0.01685010
1885	0.57213800	0.55530600	0.01683120
1886	0.57193800	0.55512500	0.01681260
1887	0.57204900	0.55525300	0.01679640
1888	0.57247100	0.55568900	0.01678180
1889	0.57318600	0.55641600	0.01676970
1890	0.57417400	0.55741700	0.01675780
1891	0.57540100	0.55865400	0.01674710
1892	0.57684000	0.56010400	0.01673580
1893	0.57846600	0.56174000	0.01672570
1894	0.58024900	0.56353400	0.01671520
1895	0.58215500	0.56544900	0.01670570
1896	0.58405800	0.56736200	0.01669580
1897	0.58595500	0.56926900	0.01668580
1898	0.58790800	0.57123400	0.01667380
1899	0.58988900	0.57322800	0.01666110
1900	0.59202500	0.57538000	0.01664560
1901	0.59437000	0.57774100	0.01662850
1902	0.59694200	0.58033400	0.01660830
1903	0.59971700	0.58313100	0.01658610
1904	0.60264000	0.58608000	0.01656010
1905	0.60567400	0.58914200	0.01653210
1906	0.60876800	0.59226800	0.01650030
1907	0.61187800	0.59541200	0.01646600
1908	0.61496500	0.59853700	0.01642800
1909	0.61802500	0.60163700	0.01638810
1910	0.62100800	0.60466300	0.01634540
1911	0.62389600	0.60759500	0.01630110
1912	0.62666500	0.61041100	0.01625340
1913	0.62925300	0.61304900	0.01620460
1914	0.63160500	0.61545200	0.01615300
1915	0.63369200	0.61759200	0.01610050
1916	0.63547400	0.61942800	0.01604560
1917	0.63696700	0.62097800	0.01598960
1918	0.63815400	0.62222400	0.01593030
1919	0.63904000	0.62317100	0.01586940
1920	0.63961900	0.62381300	0.01580640
1921	0.63994900	0.62420600	0.01574350
1922	0.64002700	0.62434700	0.01568010
1923	0.63991700	0.62430000	0.01561750
1924	0.63962500	0.62407100	0.01555420
1925	0.63923600	0.62374400	0.01549140
1926	0.63880600	0.62337800	0.01542770
1927	0.63840700	0.62304200	0.01536490
1928	0.63798900	0.62268800	0.01530140
1929	0.63762400	0.62238500	0.01523850
1930	0.63732100	0.62214500	0.01517550
1931	0.63709900	0.62198400	0.01511480
1932	0.63690700	0.62185200	0.01505460
1933	0.63670300	0.62170800	0.01499570
1934	0.63642400	0.62148800	0.01493650
1935	0.63605900	0.62118000	0.01487870
1936	0.63559900	0.62077700	0.01482200
1937	0.63506300	0.62029600	0.01476730
1938	0.63445900	0.61974500	0.01471380
1939	0.63381500	0.61915100	0.01466390
1940	0.63313500	0.61851800	0.01461650
1941	0.63242000	0.61784600	0.01457380
1942	0.63164900	0.61711400	0.01453500
1943	0.63084700	0.61634500	0.01450180
1944	0.63000100	0.61552800	0.01447310
1945	0.62913600	0.61468600	0.01445070
1946	0.62823500	0.61380100	0.01443350
1947	0.62731100	0.61288800	0.01442330
1948	0.62641800	0.61199900	0.01441850
1949	0.62555000	0.61112900	0.01442070
1950	0.62469600	0.61026700	0.01442840
1951	0.62389800	0.60945500	0.01444310
1952	0.62317700	0.60871400	0.01446320
1953	0.62259100	0.60810200	0.01448950
1954	0.62219100	0.60767100	0.01452020
1955	0.62202100	0.60746400	0.01455720
1956	0.62212900	0.60753100	0.01459850
1957	0.62253700	0.60789300	0.01464420
1958	0.62327900	0.60858800	0.01469150
1959	0.62434400	0.60960300	0.01474120
1960	0.62575100	0.61096000	0.01479150
1961	0.62747600	0.61263300	0.01484290
1962	0.62948900	0.61459500	0.01489360
1963	0.63176200	0.61681800	0.01494410
1964	0.63425100	0.61925800	0.01499300
1965	0.63690300	0.62186200	0.01504180
1966	0.63969000	0.62460100	0.01508910
1967	0.64256200	0.62742500	0.01513680
1968	0.64551000	0.63032700	0.01518300
1969	0.64849200	0.63326300	0.01522910
1970	0.65150200	0.63622800	0.01527340
1971	0.65449500	0.63917700	0.01531760
1972	0.65750500	0.64214500	0.01536020
1973	0.66049200	0.64508800	0.01540320
1974	0.66341900	0.64797400	0.01544470
1975	0.66625700	0.65077000	0.01548610
1976	0.66899200	0.65346600	0.01552600
1977	0.67160200	0.65603600	0.01556630
1978	0.67405400	0.65844900	0.01560510
1979	0.67636000	0.66071600	0.01564360
1980	0.67848400	0.66280400	0.01567980
1981	0.68043800	0.66472300	0.01571470
1982	0.68217500	0.66642800	0.01574710
1983	0.68370500	0.66792700	0.01577790
1984	0.68492800	0.66912200	0.01580590
1985	0.68590000	0.67006800	0.01583240
1986	0.68661000	0.67075400	0.01585580
1987	0.68710800	0.67123100	0.01587700
1988	0.68737700	0.67148200	0.01589520
1989	0.68743600	0.67152300	0.01591230
1990	0.68723900	0.67131100	0.01592740
1991	0.68681500	0.67087300	0.01594250
1992	0.68615200	0.67019500	0.01595670
1993	0.68527300	0.66930100	0.01597240
1994	0.68421900	0.66823100	0.01598830
1995	0.68309200	0.66708600	0.01600610
1996	0.68192700	0.66590200	0.01602450
1997	0.68079000	0.66474500	0.01604520
1998	0.67969200	0.66362400	0.01606750
1999	0.67866600	0.66257300	0.01609300
2000	0.67769200	0.66157200	0.01612040
2001	0.67679300	0.66064200	0.01615120
2002	0.67594800	0.65976500	0.01618380
2003	0.67521000	0.65899000	0.01621940
2004	0.67457700	0.65832100	0.01625670
2005	0.67412600	0.65783000	0.01629610
2006	0.67386100	0.65752500	0.01633590
2007	0.67383800	0.65746200	0.01637670
2008	0.67403400	0.65761700	0.01641700
2009	0.67445600	0.65799800	0.01645790
2010	0.67503200	0.65853500	0.01649740
2011	0.67571400	0.65917700	0.01653720
2012	0.67648000	0.65990500	0.01657560
2013	0.67730800	0.66069400	0.01661430
2014	0.67818900	0.66153700	0.01665180
2015	0.67910500	0.66241600	0.01668980
2016	0.68004800	0.66332100	0.01672700
2017	0.68099300	0.66422800	0.01676510
2018	0.68192600	0.66512300	0.01680250
2019	0.68282200	0.66598100	0.01684090
2020	0.68368500	0.66680600	0.01687880
2021	0.68450400	0.66758700	0.01691750
2022	0.68524900	0.66829400	0.01695510
2023	0.68589200	0.66889900	0.01699280
2024	0.68638300	0.66935400	0.01702910
2025	0.68671100	0.66964500	0.01706570
2026	0.68683200	0.66973100	0.01710130
2027	0.68675900	0.66962200	0.01713740
2028	0.68648200	0.66931000	0.01717210
2029	0.68603600	0.66883000	0.01720620
2030	0.68539300	0.66815500	0.01723790
2031	0.68460400	0.66733600	0.01726790
2032	0.68369300	0.66639800	0.01729460
2033	0.68269800	0.66537800	0.01732030
2034	0.68161000	0.66426600	0.01734370
2035	0.68046000	0.66309400	0.01736650
2036	0.67926800	0.66188000	0.01738770
2037	0.67806300	0.66065600	0.01740730
2038	0.67687400	0.65945000	0.01742360
2039	0.67574000	0.65830200	0.01743770
2040	0.67466600	0.65721800	0.01744830
2041	0.67367700	0.65622100	0.01745660
2042	0.67275800	0.65529700	0.01746070
2043	0.67190500	0.65444300	0.01746220
2044	0.67108600	0.65362600	0.01745960
2045	0.67025500	0.65280000	0.01745480
2046	0.66938400	0.65193700	0.01744670
2047	0.66844300	0.65100600	0.01743710
2048	0.66743000	0.65000500	0.01742510
2049	0.66636000	0.64894800	0.01741230
2050	0.66522700	0.64783000	0.01739690
2051	0.66405800	0.64667800	0.01738080
2052	0.66286900	0.64550700	0.01736220
2053	0.66168700	0.64434500	0.01734230
2054	0.66052600	0.64320600	0.01732000
2055	0.65938000	0.64208200	0.01729800
2056	0.65821900	0.64094300	0.01727560
2057	0.65700700	0.63975300	0.01725450
2058	0.65570000	0.63846600	0.01723390
2059	0.65424800	0.63703300	0.01721550
2060	0.65264600	0.63544800	0.01719770
2061	0.65083500	0.63365400	0.01718160
2062	0.64878900	0.63162300	0.01716650
2063	0.64647700	0.62932300	0.01715400
2064	0.64389800	0.62675500	0.01714300
2065	0.64104600	0.62391100	0.01713490
2066	0.63792500	0.62079700	0.01712820
2067	0.63457200	0.61744700	0.01712450
2068	0.63102300	0.61390100	0.01712210
2069	0.62727500	0.61015300	0.01712190
2070	0.62335200	0.60623000	0.01712230
2071	0.61928300	0.60215800	0.01712450
2072	0.61509700	0.59797000	0.01712690
2073	0.61080800	0.59367700	0.01713050
2074	0.60642900	0.58929500	0.01713350
2075	0.60200200	0.58486600	0.01713680
2076	0.59754700	0.58040800	0.01713870
2077	0.59310100	0.57596100	0.01714040
2078	0.58867700	0.57153600	0.01714040
2079	0.58430900	0.56716900	0.01713980
2080	0.58003200	0.56289400	0.01713710
2081	0.57587900	0.55874500	0.01713400
2082	0.57191700	0.55478800	0.01712860
2083	0.56818400	0.55106100	0.01712240
2084	0.56470500	0.54759100	0.01711350
2085	0.56146600	0.54436300	0.01710270
2086	0.55848300	0.54139400	0.01708810
2087	0.55574600	0.53867500	0.01707110
2088	0.55325100	0.53620000	0.01705040
2089	0.55096300	0.53393600	0.01702710
2090	0.54888000	0.53188000	0.01699980
2091	0.54693300	0.52996300	0.01697000
2092	0.54513900	0.52820200	0.01693660
2093	0.54348300	0.52658200	0.01690130
2094	0.54195200	0.52508900	0.01686350
2095	0.54054300	0.52371800	0.01682550
2096	0.53925200	0.52246500	0.01678760
2097	0.53807800	0.52132600	0.01675180
2098	0.53701100	0.52029200	0.01671830
2099	0.53604700	0.51935700	0.01668920
2100	0.53517100	0.51850900	0.01666260
2101	0.53438100	0.51774000	0.01664110
2102	0.53363600	0.51701300	0.01662270
2103	0.53292400	0.51631600	0.01660770
2104	0.53223000	0.51563600	0.01659380
2105	0.53155700	0.51497500	0.01658210
2106	0.53087000	0.51429800	0.01657140
2107	0.53013200	0.51356900	0.01656290
2108	0.52933000	0.51277600	0.01655440
2109	0.52845500	0.51190800	0.01654730
2110	0.52749800	0.51095800	0.01653970
2111	0.52645000	0.50991700	0.01653270
2112	0.52534200	0.50881600	0.01652530
2113	0.52418800	0.50767000	0.01651870
2114	0.52303000	0.50651900	0.01651100
2115	0.52190200	0.50539800	0.01650330
2116	0.52080400	0.50431000	0.01649360
2117	0.51975500	0.50327200	0.01648310
2118	0.51875800	0.50228800	0.01646980
2119	0.51783300	0.50137800	0.01645490
2120	0.51701700	0.50057900	0.01643760
2121	0.51635100	0.49993200	0.01641900
2122	0.51587900	0.49948100	0.01639760
2123	0.51559300	0.49921900	0.01637430
2124	0.51549800	0.49915100	0.01634760
2125	0.51561200	0.49929300	0.01631850
2126	0.51594500	0.49965900	0.01628610
2127	0.51649400	0.50024200	0.01625270
2128	0.51728700	0.50106900	0.01621750
2129	0.51833100	0.50214900	0.01618240
2130	0.51963300	0.50348700	0.01614620
2131	0.52119700	0.50508700	0.01611030
2132	0.52295500	0.50688200	0.01607330
2133	0.52486900	0.50883200	0.01603680
2134	0.52690800	0.51091000	0.01599880
2135	0.52906800	0.51310700	0.01596080
2136	0.53134000	0.51541900	0.01592100
2137	0.53374200	0.51786100	0.01588100
2138	0.53627200	0.52043300	0.01583940
2139	0.53896300	0.52316500	0.01579770
2140	0.54185000	0.52609600	0.01575430
2141	0.54501300	0.52930200	0.01571060
2142	0.54853800	0.53287400	0.01566420
2143	0.55253300	0.53691600	0.01561660
2144	0.55699700	0.54143200	0.01556580
2145	0.56190400	0.54639100	0.01551370
2146	0.56726400	0.55180400	0.01545950
2147	0.57298100	0.55757600	0.01540470
2148	0.57892300	0.56357500	0.01534740
2149	0.58497100	0.56968200	0.01528860
2150	0.59103100	0.57580400	0.01522690
2151	0.59701000	0.58184600	0.01516450
2152	0.60290200	0.58780200	0.01510030
2153	0.60861600	0.59357900	0.01503730
2154	0.61404200	0.59906700	0.01497480
2155	0.61907200	0.60415700	0.01491510
2156	0.62360600	0.60874800	0.01485720
2157	0.62760600	0.61280400	0.01480200
2158	0.63101800	0.61626900	0.01474910
2159	0.63386200	0.61916200	0.01469990
2160	0.63613400	0.62148100	0.01465300
2161	0.63788100	0.62327200	0.01460970
2162	0.63914100	0.62457300	0.01456800
2163	0.64002600	0.62549600	0.01452980
2164	0.64058700	0.62609400	0.01449340
2165	0.64093200	0.62647200	0.01446020
2166	0.64112300	0.62669400	0.01442850
2167	0.64126900	0.62686900	0.01439970
2168	0.64138900	0.62701700	0.01437230
2169	0.64158600	0.62723800	0.01434860
2170	0.64193800	0.62761100	0.01432670
2171	0.64247000	0.62816300	0.01430750
2172	0.64320100	0.62891300	0.01428890
2173	0.64414000	0.62986900	0.01427160
2174	0.64528400	0.63103000	0.01425370
2175	0.64661400	0.63237800	0.01423600
2176	0.64809900	0.63388300	0.01421680
2177	0.64971200	0.63551400	0.01419760
2178	0.65140900	0.63723200	0.01417710
2179	0.65315900	0.63900200	0.01415720
2180	0.65496900	0.64083300	0.01413640
2181	0.65680900	0.64269300	0.01411690
2182	0.65865200	0.64455400	0.01409740
2183	0.66049500	0.64641600	0.01407940
2184	0.66233800	0.64827600	0.01406140
2185	0.66417500	0.65012900	0.01404510
2186	0.66600800	0.65197900	0.01402930
2187	0.66783500	0.65381800	0.01401670
2188	0.66967400	0.65566800	0.01400550
2189	0.67153700	0.65754000	0.01399710
2190	0.67345400	0.65946300	0.01399090
2191	0.67536300	0.66137500	0.01398870
2192	0.67727700	0.66328800	0.01398900
2193	0.67921400	0.66522200	0.01399280
2194	0.68118200	0.66718300	0.01399870
2195	0.68318100	0.66917300	0.01400780
2196	0.68510600	0.67108800	0.01401840
2197	0.68701700	0.67298400	0.01403230
2198	0.68888800	0.67483900	0.01404860
2199	0.69069400	0.67662500	0.01406860
2200	0.69249600	0.67840500	0.01409060
2201	0.69423700	0.68012100	0.01411660
2202	0.69584700	0.68170200	0.01414510
2203	0.69727600	0.68309800	0.01417810
2204	0.69848300	0.68426900	0.01421400
2205	0.69949600	0.68524200	0.01425410
2206	0.70034000	0.68604200	0.01429710
2207	0.70106800	0.68672400	0.01434370
2208	0.70170100	0.68730800	0.01439210
2209	0.70226300	0.68781900	0.01444360
2210	0.70274600	0.68825000	0.01449630
2211	0.70316900	0.68861700	0.01455180
2212	0.70360700	0.68899800	0.01460850
2213	0.70397800	0.68931100	0.01466780
2214	0.70418000	0.68945200	0.01472800
2215	0.70415800	0.68936900	0.01478950
2216	0.70391700	0.68906700	0.01484990
2217	0.70351600	0.68860600	0.01491020
2218	0.70300100	0.68803300	0.01496830
2219	0.70239000	0.68736300	0.01502630
2220	0.70166700	0.68658400	0.01508290
2221	0.70084100	0.68570200	0.01513970
2222	0.69989700	0.68470200	0.01519550
2223	0.69884200	0.68359000	0.01525200
2224	0.69765900	0.68235100	0.01530800
2225	0.69635700	0.68099300	0.01536490
2226	0.69492100	0.67950000	0.01542110
2227	0.69336800	0.67789000	0.01547800
2228	0.69169000	0.67615600	0.01553410
2229	0.68989200	0.67430100	0.01559070
2230	0.68797900	0.67233400	0.01564570
2231	0.68597400	0.67027300	0.01570030
2232	0.68388300	0.66812900	0.01575330
2233	0.68171500	0.66590900	0.01580600
2234	0.67948600	0.66362900	0.01585690
2235	0.67720400	0.66129700	0.01590740
2236	0.67488000	0.65892400	0.01595590
2237	0.67251500	0.65651200	0.01600360
2238	0.67015000	0.65410100	0.01604940
2239	0.66781900	0.65172600	0.01609370
2240	0.66555100	0.64941600	0.01613430
2241	0.66339100	0.64721800	0.01617300
2242	0.66135100	0.64514200	0.01620880
2243	0.65947200	0.64322700	0.01624440
2244	0.65771400	0.64143500	0.01627870
2245	0.65606500	0.63975200	0.01631370
2246	0.65451100	0.63816300	0.01634810
2247	0.65304500	0.63666200	0.01638330
2248	0.65163500	0.63521800	0.01641760
2249	0.65029000	0.63383800	0.01645230
2250	0.64897700	0.63249100	0.01648590
2251	0.64772100	0.63120100	0.01651980
2252	0.64653700	0.62998500	0.01655270
2253	0.64541900	0.62883300	0.01658600
2254	0.64434200	0.62772400	0.01661800
2255	0.64328600	0.62663600	0.01664950
2256	0.64222100	0.62554200	0.01667950
2257	0.64112200	0.62441300	0.01670910
2258	0.63995700	0.62322000	0.01673670
2259	0.63871000	0.62194600	0.01676380
2260	0.63736200	0.62057300	0.01678950
2261	0.63591500	0.61909900	0.01681560
2262	0.63436100	0.61752000	0.01684080
2263	0.63271300	0.61584700	0.01686640
2264	0.63096300	0.61407200	0.01689150
2265	0.62919000	0.61227300	0.01691720
2266	0.62739900	0.61045600	0.01694220
2267	0.62562300	0.60865500	0.01696790
2268	0.62386800	0.60687600	0.01699240
2269	0.62219600	0.60517900	0.01701660
2270	0.62063400	0.60359500	0.01703860
2271	0.61923500	0.60217500	0.01706020
2272	0.61802500	0.60094500	0.01708000
2273	0.61702200	0.59992300	0.01709930
2274	0.61621600	0.59909900	0.01711690
2275	0.61558100	0.59844700	0.01713390
2276	0.61509400	0.59794600	0.01714850
2277	0.61471900	0.59755700	0.01716180
2278	0.61443500	0.59726300	0.01717190
2279	0.61421900	0.59703900	0.01718030
2280	0.61404400	0.59685900	0.01718510
2281	0.61388900	0.59670100	0.01718800
2282	0.61373300	0.59654500	0.01718770
2283	0.61356000	0.59637400	0.01718580
2284	0.61337100	0.59619000	0.01718110
2285	0.61317000	0.59599500	0.01717550
2286	0.61291000	0.59574200	0.01716770
2287	0.61259700	0.59543700	0.01715920
2288	0.61221100	0.59506200	0.01714930
2289	0.61173700	0.59459700	0.01713970
2290	0.61116600	0.59403600	0.01712950
2291	0.61048900	0.59336900	0.01712030
2292	0.60969700	0.59258600	0.01711110
2293	0.60877000	0.59166600	0.01710350
2294	0.60773900	0.59064300	0.01709590
2295	0.60662300	0.58953400	0.01708930
2296	0.60541600	0.58833300	0.01708330
2297	0.60411800	0.58703800	0.01707950
2298	0.60274900	0.58567300	0.01707640
2299	0.60131700	0.58424100	0.01707580
2300	0.59984800	0.58277200	0.01707650
2301	0.59834400	0.58126600	0.01707870
2302	0.59682500	0.57974400	0.01708020
2303	0.59525500	0.57817400	0.01708170
2304	0.59359400	0.57651100	0.01708250
2305	0.59179000	0.57470700	0.01708290
2306	0.58982600	0.57274300	0.01708300
2307	0.58769700	0.57061400	0.01708290
2308	0.58542100	0.56834000	0.01708170
2309	0.58303500	0.56595300	0.01708180
2310	0.58058300	0.56350300	0.01708090
2311	0.57809600	0.56101600	0.01708060
2312	0.57563200	0.55855300	0.01707880
2313	0.57322500	0.55615000	0.01707540
2314	0.57088800	0.55381700	0.01707070
2315	0.56865400	0.55158900	0.01706470
2316	0.56648900	0.54943500	0.01705430
2317	0.56441400	0.54737100	0.01704290
2318	0.56241700	0.54538700	0.01702950
2319	0.56050100	0.54348600	0.01701530
2320	0.55864900	0.54164900	0.01699930
2321	0.55686000	0.53987600	0.01698410
2322	0.55510900	0.53814100	0.01696790
2323	0.55341500	0.53646300	0.01695240
2324	0.55174100	0.53480400	0.01693730
2325	0.55008800	0.53316400	0.01692400
2326	0.54841100	0.53150100	0.01691020
2327	0.54673400	0.52983600	0.01689770
2328	0.54503700	0.52815200	0.01688470
2329	0.54334900	0.52647500	0.01687360
2330	0.54165500	0.52479200	0.01686270
2331	0.53997500	0.52312300	0.01685250
2332	0.53834000	0.52149900	0.01684110
2333	0.53672100	0.51989100	0.01682930
2334	0.53516000	0.51834500	0.01681540
2335	0.53363800	0.51683700	0.01680130
2336	0.53218400	0.51539900	0.01678550
2337	0.53081600	0.51404600	0.01676980
2338	0.52953300	0.51278100	0.01675260
2339	0.52838000	0.51164500	0.01673530
2340	0.52737000	0.51065300	0.01671700
2341	0.52652700	0.50982800	0.01669900
2342	0.52583400	0.50915400	0.01668000
2343	0.52528200	0.50862100	0.01666140
2344	0.52483900	0.50819700	0.01664180
2345	0.52446600	0.50784300	0.01662280
2346	0.52416200	0.50755900	0.01660290
2347	0.52393900	0.50735600	0.01658320
2348	0.52378100	0.50721900	0.01656200
2349	0.52368400	0.50714400	0.01654060
2350	0.52362100	0.50710300	0.01651810
2351	0.52357600	0.50708000	0.01649640
2352	0.52352700	0.50705300	0.01647440
2353	0.52344500	0.50699200	0.01645320
2354	0.52330400	0.50687300	0.01643140
2355	0.52308700	0.50667700	0.01641020
2356	0.52278300	0.50639500	0.01638810
2357	0.52239900	0.50603200	0.01636690
2358	0.52194800	0.50560300	0.01634510
2359	0.52146700	0.50514400	0.01632360
2360	0.52098200	0.50468200	0.01630080
2361	0.52053700	0.50425900	0.01627800
2362	0.52013000	0.50387700	0.01625350
2363	0.51975700	0.50352800	0.01622890
2364	0.51943100	0.50322800	0.01620330
2365	0.51916900	0.50299100	0.01617760
2366	0.51898700	0.50283700	0.01615040
2367	0.51889900	0.50277600	0.01612290
2368	0.51891800	0.50282400	0.01609400
2369	0.51904900	0.50298400	0.01606550
2370	0.51929600	0.50326000	0.01603580
2371	0.51966100	0.50365500	0.01600610
2372	0.52013900	0.50416400	0.01597520
2373	0.52073400	0.50479000	0.01594470
2374	0.52144400	0.50553000	0.01591400
2375	0.52226300	0.50637800	0.01588480
2376	0.52316700	0.50731100	0.01585590
2377	0.52416000	0.50833100	0.01582930
2378	0.52519600	0.50939200	0.01580440
2379	0.52624100	0.51045800	0.01578310
2380	0.52727800	0.51151400	0.01576410
2381	0.52830600	0.51255700	0.01574900
2382	0.52931300	0.51357600	0.01573630
2383	0.53029200	0.51456500	0.01572760
2384	0.53125200	0.51553100	0.01572130
2385	0.53222900	0.51651000	0.01571910
2386	0.53323800	0.51751800	0.01571950
2387	0.53431100	0.51858700	0.01572370
2388	0.53546900	0.51974000	0.01572950
2389	0.53674700	0.52100900	0.01573820
2390	0.53816800	0.52242100	0.01574760
2391	0.53978500	0.52402600	0.01575850
2392	0.54159100	0.52582200	0.01576900
2393	0.54359400	0.52781400	0.01577960
2394	0.54577600	0.52998700	0.01578850
2395	0.54813700	0.53234100	0.01579660
2396	0.55065100	0.53484900	0.01580200
2397	0.55337300	0.53756700	0.01580660
2398	0.55629400	0.54048500	0.01580900
2399	0.55941600	0.54360500	0.01581090
2400	0.56272000	0.54690900	0.01581080
2401	0.56619500	0.55038500	0.01581010
2402	0.56980800	0.55400000	0.01580790
2403	0.57357600	0.55777100	0.01580540
2404	0.57748400	0.56168300	0.01580130
2405	0.58152500	0.56572800	0.01579720
2406	0.58564700	0.56985600	0.01579130
2407	0.58986500	0.57408000	0.01578520
2408	0.59413300	0.57835500	0.01577770
2409	0.59844400	0.58267500	0.01576960
2410	0.60271900	0.58696000	0.01575910
2411	0.60693700	0.59118900	0.01574770
2412	0.61100000	0.59526600	0.01573380
2413	0.61482600	0.59910700	0.01571880
2414	0.61833000	0.60263000	0.01570080
2415	0.62150000	0.60581800	0.01568140
2416	0.62427700	0.60861800	0.01565880
2417	0.62667400	0.61103900	0.01563450
2418	0.62865600	0.61304800	0.01560760
2419	0.63024600	0.61466600	0.01558010
2420	0.63142400	0.61587300	0.01555110
2421	0.63221500	0.61669300	0.01552180
2422	0.63261500	0.61712400	0.01549060
2423	0.63271000	0.61725100	0.01545890
2424	0.63253400	0.61710800	0.01542520
2425	0.63215500	0.61676300	0.01539200
2426	0.63162100	0.61626200	0.01535830
2427	0.63102100	0.61569500	0.01532530
2428	0.63039500	0.61510200	0.01529250
2429	0.62981800	0.61455600	0.01526180
2430	0.62932100	0.61409000	0.01523190
2431	0.62896200	0.61375700	0.01520480
2432	0.62878700	0.61360700	0.01517920
2433	0.62883100	0.61367300	0.01515710
2434	0.62912900	0.61399200	0.01513690
2435	0.62968800	0.61456700	0.01512100
2436	0.63049800	0.61539000	0.01510800
2437	0.63152200	0.61642200	0.01509980
2438	0.63270900	0.61761400	0.01509510
2439	0.63400700	0.61891100	0.01509580
2440	0.63539500	0.62029400	0.01510080
2441	0.63684500	0.62173400	0.01511090
2442	0.63836300	0.62323800	0.01512500
2443	0.63990900	0.62476500	0.01514410
2444	0.64148200	0.62631600	0.01516630
2445	0.64306200	0.62786900	0.01519260
2446	0.64465500	0.62943500	0.01522090
2447	0.64623500	0.63098300	0.01525200
2448	0.64777200	0.63248800	0.01528390
2449	0.64924900	0.63393100	0.01531770
2450	0.65065000	0.63529800	0.01535170
2451	0.65195800	0.63657100	0.01538700
2452	0.65311400	0.63769200	0.01542150
2453	0.65418300	0.63872600	0.01545680
2454	0.65515500	0.63966300	0.01549170
2455	0.65603700	0.64051000	0.01552670
2456	0.65681400	0.64125400	0.01556010
2457	0.65748500	0.64189200	0.01559300
2458	0.65810800	0.64248400	0.01562400
2459	0.65864600	0.64299100	0.01565430
2460	0.65904300	0.64336100	0.01568210
2461	0.65931900	0.64361000	0.01570910
2462	0.65943200	0.64369800	0.01573400
2463	0.65937300	0.64361500	0.01575810
2464	0.65912900	0.64334800	0.01578050
2465	0.65871300	0.64291000	0.01580240
2466	0.65804200	0.64222000	0.01582250
2467	0.65714800	0.64130500	0.01584260
2468	0.65607200	0.64021000	0.01586170
2469	0.65479300	0.63891100	0.01588200
2470	0.65332800	0.63742500	0.01590250
2471	0.65167200	0.63574700	0.01592500
2472	0.64985000	0.63390100	0.01594890
2473	0.64795300	0.63197700	0.01597600
2474	0.64606100	0.63005500	0.01600560
2475	0.64422600	0.62818600	0.01604010
2476	0.64248100	0.62640300	0.01607830
2477	0.64086800	0.62474700	0.01612120
2478	0.63943000	0.62326300	0.01616720
2479	0.63819200	0.62197400	0.01621810
2480	0.63714400	0.62087100	0.01627250
2481	0.63628400	0.61995300	0.01633110
2482	0.63559800	0.61920700	0.01639120
2483	0.63509700	0.61864400	0.01645320
2484	0.63477000	0.61825500	0.01651470
2485	0.63461100	0.61803500	0.01657680
2486	0.63457300	0.61793600	0.01663720
2487	0.63462700	0.61793100	0.01669660
2488	0.63477200	0.61801800	0.01675350
2489	0.63501400	0.61820500	0.01680910
2490	0.63533400	0.61847300	0.01686150
2491	0.63572000	0.61880900	0.01691150
2492	0.63616600	0.61920900	0.01695740
2493	0.63664600	0.61964600	0.01700050
2494	0.63713400	0.62009600	0.01703830
2495	0.63758600	0.62051400	0.01707230
2496	0.63797600	0.62087500	0.01710060
2497	0.63829800	0.62117300	0.01712460
2498	0.63855400	0.62141100	0.01714310
2499	0.63874000	0.62158200	0.01715830
2500	0.63886800	0.62169800	0.01716960
