Time	Cd Total	Cd Pressure	Cd Viscous
1	-0.00399877	-0.00499492	0.00099615
2	0.01070620	0.00955248	0.00115376
3	0.02502150	0.02369110	0.00133043
4	0.03066230	0.02915830	0.00150400
5	0.02466490	0.02301330	0.00165162
6	0.00948692	0.00774414	0.00174278
7	-0.00943038	-0.01122540	0.00179498
8	-0.02619990	-0.02804260	0.00184274
9	-0.03657480	-0.03845780	0.00188298
10	-0.03924210	-0.04115250	0.00191037
11	-0.03552230	-0.03745810	0.00193588
12	-0.02800160	-0.02995560	0.00195404
13	-0.01976750	-0.02173850	0.00197099
14	-0.01310230	-0.01507770	0.00197545
15	-0.00922615	-0.01119150	0.00196538
16	-0.00826388	-0.01021160	0.00194776
17	-0.00949816	-0.01142170	0.00192352
18	-0.01182500	-0.01372040	0.00189539
19	-0.01419160	-0.01605400	0.00186237
20	-0.01582310	-0.01764920	0.00182615
21	-0.01639610	-0.01818380	0.00178770
22	-0.01597040	-0.01771880	0.00174833
23	-0.01490610	-0.01661600	0.00170993
24	-0.01365540	-0.01533170	0.00167639
25	-0.01258890	-0.01423460	0.00164576
26	-0.01191970	-0.01353770	0.00161798
27	-0.01171920	-0.01331120	0.00159203
28	-0.01188730	-0.01345370	0.00156641
29	-0.01227460	-0.01381810	0.00154351
30	-0.01263860	-0.01415860	0.00151999
31	-0.01277960	-0.01427850	0.00149889
32	-0.01256600	-0.01404280	0.00147681
33	-0.01193160	-0.01338740	0.00145579
34	-0.01090670	-0.01234200	0.00143528
35	-0.00958398	-0.01099870	0.00141473
36	-0.00811728	-0.00951099	0.00139371
37	-0.00662500	-0.00799879	0.00137379
38	-0.00519382	-0.00655110	0.00135729
39	-0.00386475	-0.00520796	0.00134322
40	-0.00268208	-0.00401264	0.00133055
41	-0.00161794	-0.00293761	0.00131967
42	-0.00064089	-0.00194949	0.00130860
43	0.00030907	-0.00098864	0.00129771
44	0.00125846	-0.00002885	0.00128731
45	0.00223095	0.00095421	0.00127674
46	0.00323013	0.00196270	0.00126743
47	0.00425505	0.00299650	0.00125854
48	0.00528304	0.00403182	0.00125122
49	0.00630329	0.00505919	0.00124410
50	0.00731911	0.00608264	0.00123647
51	0.00834094	0.00711293	0.00122801
52	0.00938363	0.00816542	0.00121821
53	0.01046590	0.00925891	0.00120698
54	0.01156990	0.01037750	0.00119236
55	0.01269470	0.01151700	0.00117774
56	0.01384580	0.01268540	0.00116035
57	0.01502370	0.01387910	0.00114455
58	0.01620020	0.01507280	0.00112745
59	0.01736960	0.01625790	0.00111167
60	0.01850680	0.01741100	0.00109574
61	0.01960380	0.01852110	0.00108264
62	0.02063820	0.01956810	0.00107011
63	0.02160270	0.02054480	0.00105792
64	0.02249630	0.02145130	0.00104506
65	0.02331950	0.02228810	0.00103135
66	0.02407250	0.02305600	0.00101650
67	0.02477810	0.02377700	0.00100106
68	0.02543880	0.02445320	0.00098555
69	0.02606210	0.02509300	0.00096913
70	0.02664890	0.02569710	0.00095182
71	0.02720310	0.02626860	0.00093443
72	0.02772440	0.02680770	0.00091665
73	0.02820660	0.02730820	0.00089845
74	0.02863240	0.02775260	0.00087985
75	0.02899940	0.02813840	0.00086100
76	0.02932860	0.02848660	0.00084206
77	0.02963910	0.02881520	0.00082389
78	0.02996660	0.02916000	0.00080661
79	0.03032300	0.02953240	0.00079054
80	0.03074820	0.02997200	0.00077617
81	0.03123910	0.03047490	0.00076422
82	0.03176960	0.03101540	0.00075419
83	0.03232820	0.03158230	0.00074593
84	0.03289970	0.03216140	0.00073834
85	0.03345850	0.03272700	0.00073151
86	0.03397360	0.03324870	0.00072497
87	0.03443480	0.03371530	0.00071955
88	0.03482810	0.03411340	0.00071476
89	0.03514180	0.03443040	0.00071142
90	0.03538420	0.03467520	0.00070902
91	0.03558490	0.03487730	0.00070768
92	0.03576860	0.03506120	0.00070737
93	0.03595330	0.03524410	0.00070924
94	0.03613990	0.03542760	0.00071224
95	0.03634030	0.03562440	0.00071588
96	0.03653150	0.03581130	0.00072018
97	0.03668840	0.03596320	0.00072526
98	0.03677880	0.03604770	0.00073111
99	0.03678910	0.03605170	0.00073742
100	0.03670140	0.03595770	0.00074371
101	0.03650770	0.03575760	0.00075003
102	0.03622010	0.03546370	0.00075642
103	0.03587310	0.03510990	0.00076317
104	0.03550560	0.03473530	0.00077029
105	0.03517320	0.03439490	0.00077827
106	0.03491170	0.03412450	0.00078720
107	0.03473960	0.03394310	0.00079648
108	0.03463290	0.03382760	0.00080531
109	0.03457710	0.03376500	0.00081211
110	0.03452760	0.03370950	0.00081819
111	0.03443890	0.03361420	0.00082467
112	0.03429500	0.03346490	0.00083014
113	0.03408140	0.03324900	0.00083239
114	0.03379740	0.03296530	0.00083210
115	0.03344560	0.03261830	0.00082730
116	0.03301460	0.03219300	0.00082159
117	0.03249570	0.03168080	0.00081492
118	0.03188410	0.03107710	0.00080699
119	0.03115500	0.03035720	0.00079775
120	0.03029320	0.02950590	0.00078725
121	0.02927450	0.02849930	0.00077514
122	0.02809450	0.02733220	0.00076227
123	0.02675880	0.02601010	0.00074871
124	0.02528990	0.02455590	0.00073407
125	0.02371860	0.02300050	0.00071819
126	0.02208900	0.02138640	0.00070261
127	0.02044520	0.01975770	0.00068748
128	0.01883900	0.01816500	0.00067393
129	0.01731110	0.01665090	0.00066025
130	0.01591580	0.01526830	0.00064749
131	0.01468270	0.01404750	0.00063520
132	0.01365610	0.01303150	0.00062461
133	0.01285340	0.01224010	0.00061331
134	0.01230070	0.01169770	0.00060298
135	0.01200500	0.01141260	0.00059235
136	0.01195310	0.01136990	0.00058324
137	0.01212030	0.01154630	0.00057402
138	0.01249080	0.01192540	0.00056548
139	0.01304440	0.01248790	0.00055655
140	0.01376000	0.01321140	0.00054860
141	0.01463290	0.01409210	0.00054081
142	0.01565930	0.01512520	0.00053402
143	0.01685250	0.01632590	0.00052662
144	0.01819760	0.01767750	0.00052001
145	0.01965610	0.01914280	0.00051325
146	0.02119080	0.02068320	0.00050763
147	0.02275700	0.02225370	0.00050333
148	0.02429940	0.02379680	0.00050265
149	0.02576400	0.02525800	0.00050597
150	0.02711120	0.02659820	0.00051303
151	0.02830790	0.02778510	0.00052280
152	0.02932830	0.02879250	0.00053578
153	0.03014880	0.02959660	0.00055221
154	0.03076030	0.03018810	0.00057220
155	0.03116260	0.03056910	0.00059346
156	0.03136050	0.03074590	0.00061456
157	0.03136950	0.03073580	0.00063376
158	0.03120930	0.03056020	0.00064915
159	0.03091340	0.03025310	0.00066029
160	0.03052150	0.02985390	0.00066760
161	0.03008290	0.02941160	0.00067128
162	0.02964150	0.02897050	0.00067097
163	0.02922570	0.02855880	0.00066697
164	0.02885250	0.02819240	0.00066013
165	0.02852840	0.02787760	0.00065080
166	0.02825170	0.02761290	0.00063880
167	0.02802750	0.02740310	0.00062436
168	0.02785140	0.02724460	0.00060688
169	0.02771700	0.02712900	0.00058802
170	0.02761790	0.02705050	0.00056743
171	0.02754400	0.02699540	0.00054855
172	0.02748630	0.02695340	0.00053287
173	0.02743700	0.02691850	0.00051845
174	0.02741410	0.02690700	0.00050709
175	0.02741890	0.02691980	0.00049907
176	0.02746260	0.02696850	0.00049407
177	0.02754570	0.02705350	0.00049221
178	0.02764960	0.02715680	0.00049277
179	0.02776710	0.02727150	0.00049555
180	0.02788590	0.02738560	0.00050029
181	0.02798860	0.02748220	0.00050636
182	0.02807520	0.02756250	0.00051272
183	0.02815510	0.02763690	0.00051821
184	0.02824510	0.02772350	0.00052161
185	0.02836090	0.02783810	0.00052280
186	0.02851130	0.02798920	0.00052210
187	0.02870230	0.02818200	0.00052032
188	0.02891570	0.02839740	0.00051823
189	0.02913370	0.02861800	0.00051570
190	0.02932940	0.02881650	0.00051296
191	0.02947880	0.02896820	0.00051061
192	0.02956440	0.02905600	0.00050839
193	0.02956910	0.02906230	0.00050682
194	0.02948000	0.02897330	0.00050673
195	0.02928920	0.02878130	0.00050785
196	0.02900360	0.02849440	0.00050920
197	0.02863760	0.02812680	0.00051079
198	0.02820320	0.02769060	0.00051251
199	0.02771940	0.02720460	0.00051473
200	0.02721880	0.02670200	0.00051679
201	0.02673410	0.02621560	0.00051840
202	0.02627850	0.02575810	0.00052043
203	0.02587450	0.02535030	0.00052422
204	0.02554810	0.02502030	0.00052776
205	0.02530280	0.02477150	0.00053133
206	0.02514620	0.02461420	0.00053197
207	0.02507950	0.02454840	0.00053117
208	0.02510130	0.02457260	0.00052868
209	0.02521050	0.02468400	0.00052650
210	0.02538980	0.02486700	0.00052280
211	0.02563140	0.02511270	0.00051866
212	0.02591960	0.02540590	0.00051371
213	0.02623800	0.02572880	0.00050929
214	0.02656720	0.02606360	0.00050368
215	0.02689360	0.02639520	0.00049844
216	0.02719550	0.02670300	0.00049249
217	0.02744460	0.02695720	0.00048742
218	0.02761510	0.02713320	0.00048186
219	0.02768690	0.02721000	0.00047695
220	0.02764800	0.02717650	0.00047143
221	0.02750090	0.02703390	0.00046704
222	0.02725750	0.02679510	0.00046238
223	0.02694450	0.02648570	0.00045878
224	0.02658050	0.02612590	0.00045470
225	0.02618500	0.02573350	0.00045151
226	0.02576850	0.02532090	0.00044761
227	0.02534900	0.02490470	0.00044433
228	0.02493070	0.02449060	0.00044013
229	0.02452640	0.02408980	0.00043663
230	0.02413670	0.02370430	0.00043239
231	0.02376710	0.02333820	0.00042889
232	0.02342700	0.02300250	0.00042452
233	0.02312320	0.02270240	0.00042079
234	0.02286230	0.02244610	0.00041620
235	0.02264850	0.02223630	0.00041219
236	0.02248470	0.02207750	0.00040723
237	0.02237340	0.02197060	0.00040279
238	0.02231160	0.02191440	0.00039716
239	0.02230260	0.02191090	0.00039166
240	0.02234330	0.02195850	0.00038478
241	0.02243330	0.02205510	0.00037824
242	0.02256860	0.02219810	0.00037044
243	0.02275120	0.02238820	0.00036301
244	0.02297330	0.02261880	0.00035453
245	0.02323720	0.02289060	0.00034660
246	0.02353360	0.02319600	0.00033752
247	0.02384860	0.02352090	0.00032770
248	0.02417630	0.02385910	0.00031716
249	0.02450320	0.02419650	0.00030674
250	0.02480710	0.02451260	0.00029450
251	0.02507600	0.02479150	0.00028449
252	0.02529390	0.02501880	0.00027507
253	0.02545360	0.02518680	0.00026675
254	0.02555060	0.02529210	0.00025845
255	0.02560130	0.02535010	0.00025121
256	0.02561440	0.02536950	0.00024485
257	0.02560220	0.02536150	0.00024074
258	0.02558470	0.02534730	0.00023742
259	0.02558280	0.02534750	0.00023527
260	0.02560960	0.02537580	0.00023380
261	0.02567360	0.02544060	0.00023305
262	0.02577750	0.02554530	0.00023217
263	0.02592250	0.02569120	0.00023131
264	0.02609910	0.02586890	0.00023014
265	0.02630460	0.02607550	0.00022914
266	0.02652700	0.02629940	0.00022760
267	0.02675420	0.02652850	0.00022564
268	0.02696680	0.02674230	0.00022450
269	0.02716580	0.02693940	0.00022635
270	0.02734910	0.02712040	0.00022871
271	0.02752130	0.02728780	0.00023352
272	0.02767590	0.02743700	0.00023897
273	0.02780920	0.02756220	0.00024704
274	0.02792470	0.02766900	0.00025570
275	0.02802700	0.02776110	0.00026588
276	0.02811640	0.02784110	0.00027529
277	0.02818340	0.02789790	0.00028548
278	0.02821000	0.02791530	0.00029470
279	0.02818180	0.02787730	0.00030451
280	0.02809610	0.02778300	0.00031312
281	0.02795070	0.02762890	0.00032174
282	0.02774390	0.02741520	0.00032871
283	0.02748870	0.02715360	0.00033513
284	0.02720780	0.02686840	0.00033944
285	0.02693390	0.02659100	0.00034288
286	0.02670570	0.02636150	0.00034417
287	0.02655620	0.02621080	0.00034540
288	0.02650710	0.02616160	0.00034544
289	0.02657540	0.02622990	0.00034555
290	0.02675790	0.02641300	0.00034491
291	0.02704700	0.02670240	0.00034459
292	0.02741200	0.02706880	0.00034315
293	0.02783020	0.02748880	0.00034138
294	0.02827480	0.02793580	0.00033899
295	0.02873500	0.02839790	0.00033710
296	0.02919530	0.02885960	0.00033568
297	0.02964660	0.02931090	0.00033566
298	0.03007540	0.02973910	0.00033633
299	0.03046980	0.03013170	0.00033812
300	0.03080860	0.03046850	0.00034003
301	0.03107230	0.03072970	0.00034260
302	0.03124260	0.03089790	0.00034470
303	0.03131350	0.03096620	0.00034732
304	0.03128380	0.03093470	0.00034906
305	0.03115780	0.03080650	0.00035125
306	0.03093990	0.03058780	0.00035206
307	0.03064660	0.03029320	0.00035343
308	0.03029140	0.02993810	0.00035335
309	0.02989400	0.02954040	0.00035362
310	0.02947470	0.02912200	0.00035267
311	0.02905330	0.02870070	0.00035267
312	0.02864580	0.02829380	0.00035204
313	0.02826630	0.02791300	0.00035325
314	0.02792050	0.02756600	0.00035452
315	0.02761520	0.02725760	0.00035766
316	0.02734870	0.02698790	0.00036078
317	0.02712420	0.02675880	0.00036540
318	0.02693730	0.02656770	0.00036961
319	0.02677980	0.02640490	0.00037487
320	0.02663820	0.02625870	0.00037951
321	0.02651220	0.02612710	0.00038512
322	0.02639250	0.02600250	0.00038998
323	0.02628150	0.02588570	0.00039581
324	0.02617160	0.02577070	0.00040088
325	0.02606010	0.02565340	0.00040667
326	0.02594110	0.02552950	0.00041165
327	0.02581280	0.02539540	0.00041733
328	0.02567840	0.02525630	0.00042203
329	0.02554400	0.02511650	0.00042757
330	0.02542420	0.02499170	0.00043249
331	0.02532420	0.02488580	0.00043835
332	0.02524250	0.02479890	0.00044358
333	0.02517140	0.02472170	0.00044971
334	0.02510520	0.02465010	0.00045506
335	0.02503930	0.02457810	0.00046116
336	0.02496700	0.02450060	0.00046633
337	0.02488760	0.02441560	0.00047191
338	0.02480540	0.02432900	0.00047640
339	0.02472630	0.02424490	0.00048142
340	0.02464960	0.02416440	0.00048524
341	0.02457780	0.02408850	0.00048925
342	0.02450960	0.02401820	0.00049147
343	0.02445100	0.02395750	0.00049352
344	0.02440770	0.02391400	0.00049367
345	0.02439200	0.02389830	0.00049370
346	0.02440580	0.02391380	0.00049205
347	0.02445180	0.02396120	0.00049058
348	0.02452950	0.02404170	0.00048777
349	0.02463440	0.02414890	0.00048550
350	0.02475530	0.02427310	0.00048220
351	0.02487960	0.02439970	0.00047988
352	0.02499120	0.02451450	0.00047667
353	0.02507650	0.02460190	0.00047463
354	0.02512230	0.02465060	0.00047178
355	0.02512530	0.02465520	0.00047015
356	0.02507960	0.02461190	0.00046776
357	0.02499040	0.02452370	0.00046668
358	0.02485880	0.02439380	0.00046496
359	0.02469560	0.02423110	0.00046452
360	0.02450510	0.02404170	0.00046336
361	0.02430020	0.02383670	0.00046351
362	0.02408370	0.02362070	0.00046295
363	0.02386870	0.02340510	0.00046364
364	0.02366130	0.02319770	0.00046365
365	0.02347170	0.02300680	0.00046491
366	0.02329830	0.02283290	0.00046540
367	0.02314830	0.02268120	0.00046708
368	0.02302180	0.02255380	0.00046796
369	0.02292630	0.02245630	0.00046999
370	0.02285360	0.02238250	0.00047104
371	0.02280840	0.02233540	0.00047301
372	0.02279030	0.02231640	0.00047395
373	0.02280670	0.02233070	0.00047597
374	0.02285180	0.02237450	0.00047728
375	0.02292640	0.02244680	0.00047964
376	0.02302100	0.02253960	0.00048140
377	0.02313270	0.02264850	0.00048416
378	0.02324450	0.02275830	0.00048625
379	0.02334790	0.02285860	0.00048921
380	0.02342800	0.02293650	0.00049154
381	0.02347960	0.02298470	0.00049489
382	0.02349230	0.02299470	0.00049763
383	0.02346190	0.02296060	0.00050132
384	0.02338390	0.02287940	0.00050444
385	0.02326060	0.02275220	0.00050839
386	0.02309350	0.02258190	0.00051159
387	0.02288840	0.02237290	0.00051551
388	0.02264970	0.02213110	0.00051857
389	0.02238700	0.02186470	0.00052232
390	0.02211000	0.02158490	0.00052516
391	0.02182980	0.02130120	0.00052859
392	0.02155530	0.02102410	0.00053117
393	0.02129560	0.02076110	0.00053452
394	0.02105990	0.02052290	0.00053706
395	0.02085840	0.02031830	0.00054011
396	0.02069800	0.02015600	0.00054198
397	0.02058570	0.02004170	0.00054404
398	0.02052810	0.01998330	0.00054479
399	0.02053080	0.01998500	0.00054574
400	0.02059690	0.02005140	0.00054550
401	0.02072730	0.02018170	0.00054558
402	0.02091730	0.02037270	0.00054462
403	0.02116130	0.02061690	0.00054435
404	0.02144970	0.02090650	0.00054321
405	0.02177290	0.02123010	0.00054279
406	0.02211610	0.02157430	0.00054175
407	0.02246760	0.02192620	0.00054132
408	0.02281070	0.02227000	0.00054075
409	0.02313230	0.02259110	0.00054113
410	0.02341340	0.02287240	0.00054098
411	0.02364150	0.02309980	0.00054177
412	0.02380380	0.02326150	0.00054225
413	0.02389100	0.02334750	0.00054357
414	0.02389520	0.02335080	0.00054436
415	0.02381320	0.02326750	0.00054565
416	0.02364550	0.02309930	0.00054612
417	0.02340140	0.02285450	0.00054695
418	0.02309100	0.02254400	0.00054705
419	0.02273180	0.02218410	0.00054772
420	0.02234020	0.02179270	0.00054746
421	0.02193920	0.02139170	0.00054747
422	0.02155080	0.02100450	0.00054630
423	0.02120260	0.02065700	0.00054565
424	0.02091170	0.02036730	0.00054439
425	0.02069030	0.02014610	0.00054413
426	0.02055250	0.02000910	0.00054343
427	0.02050120	0.01995730	0.00054385
428	0.02053430	0.01999060	0.00054373
429	0.02064820	0.02010420	0.00054408
430	0.02084300	0.02029940	0.00054357
431	0.02111650	0.02057220	0.00054433
432	0.02145890	0.02091430	0.00054465
433	0.02186220	0.02131650	0.00054562
434	0.02231200	0.02176620	0.00054575
435	0.02279460	0.02224790	0.00054676
436	0.02329150	0.02274440	0.00054712
437	0.02378430	0.02323600	0.00054826
438	0.02424620	0.02369740	0.00054881
439	0.02465580	0.02410560	0.00055019
440	0.02498730	0.02443630	0.00055096
441	0.02522080	0.02466830	0.00055257
442	0.02533390	0.02478020	0.00055375
443	0.02531970	0.02476380	0.00055592
444	0.02517530	0.02461790	0.00055733
445	0.02490740	0.02434810	0.00055935
446	0.02452970	0.02396920	0.00056049
447	0.02406490	0.02350250	0.00056242
448	0.02354600	0.02298230	0.00056378
449	0.02301680	0.02245080	0.00056597
450	0.02252030	0.02195280	0.00056755
451	0.02210060	0.02153090	0.00056975
452	0.02178640	0.02121550	0.00057092
453	0.02159850	0.02102620	0.00057230
454	0.02154200	0.02096970	0.00057235
455	0.02161730	0.02104470	0.00057263
456	0.02180530	0.02123370	0.00057156
457	0.02209870	0.02152780	0.00057083
458	0.02248320	0.02191410	0.00056913
459	0.02294130	0.02237290	0.00056837
460	0.02344940	0.02288220	0.00056720
461	0.02399180	0.02342440	0.00056739
462	0.02454870	0.02398110	0.00056758
463	0.02510260	0.02453350	0.00056912
464	0.02562910	0.02505870	0.00057039
465	0.02611130	0.02553860	0.00057268
466	0.02651850	0.02594400	0.00057443
467	0.02680750	0.02623040	0.00057712
468	0.02694340	0.02636390	0.00057951
469	0.02691280	0.02632970	0.00058313
470	0.02671930	0.02613280	0.00058656
471	0.02638440	0.02579320	0.00059119
472	0.02593320	0.02533810	0.00059514
473	0.02540940	0.02480960	0.00059987
474	0.02485040	0.02424670	0.00060367
475	0.02430710	0.02369920	0.00060787
476	0.02381690	0.02320610	0.00061078
477	0.02341670	0.02280300	0.00061366
478	0.02312490	0.02251020	0.00061474
479	0.02294770	0.02233250	0.00061523
480	0.02287780	0.02226440	0.00061341
481	0.02289540	0.02228430	0.00061109
482	0.02297360	0.02236650	0.00060710
483	0.02308640	0.02248300	0.00060342
484	0.02321720	0.02261830	0.00059887
485	0.02335720	0.02276200	0.00059519
486	0.02350640	0.02291520	0.00059117
487	0.02366320	0.02307490	0.00058831
488	0.02382750	0.02324230	0.00058513
489	0.02399300	0.02340980	0.00058320
490	0.02414460	0.02356360	0.00058104
491	0.02427080	0.02369080	0.00058005
492	0.02436590	0.02378720	0.00057874
493	0.02441800	0.02383950	0.00057849
494	0.02441030	0.02383250	0.00057779
495	0.02433050	0.02375230	0.00057818
496	0.02416680	0.02358860	0.00057825
497	0.02392710	0.02334780	0.00057927
498	0.02362050	0.02304070	0.00057984
499	0.02326690	0.02268550	0.00058141
500	0.02289280	0.02231050	0.00058227
501	0.02252490	0.02194130	0.00058363
502	0.02218790	0.02160400	0.00058386
503	0.02191080	0.02132650	0.00058421
504	0.02171210	0.02112910	0.00058299
505	0.02161030	0.02102850	0.00058175
506	0.02160760	0.02102850	0.00057916
507	0.02169230	0.02111550	0.00057680
508	0.02183850	0.02126510	0.00057343
509	0.02202260	0.02145180	0.00057073
510	0.02222710	0.02165970	0.00056738
511	0.02242730	0.02186250	0.00056483
512	0.02260950	0.02204780	0.00056169
513	0.02276700	0.02220760	0.00055946
514	0.02288480	0.02232820	0.00055667
515	0.02296070	0.02240580	0.00055485
516	0.02298620	0.02243350	0.00055271
517	0.02296130	0.02240970	0.00055164
518	0.02288040	0.02233010	0.00055028
519	0.02273850	0.02218870	0.00054979
520	0.02252950	0.02198090	0.00054857
521	0.02226140	0.02171330	0.00054808
522	0.02195130	0.02140450	0.00054689
523	0.02161450	0.02106820	0.00054636
524	0.02126400	0.02071890	0.00054508
525	0.02091600	0.02037150	0.00054451
526	0.02058660	0.02004340	0.00054324
527	0.02028910	0.01974640	0.00054264
528	0.02003380	0.01949270	0.00054119
529	0.01982990	0.01928970	0.00054018
530	0.01968410	0.01914590	0.00053825
531	0.01959580	0.01905900	0.00053683
532	0.01956320	0.01902880	0.00053445
533	0.01958480	0.01905220	0.00053255
534	0.01964850	0.01911870	0.00052978
535	0.01974710	0.01921950	0.00052761
536	0.01986590	0.01934110	0.00052477
537	0.02000080	0.01947780	0.00052295
538	0.02015060	0.01962990	0.00052074
539	0.02032010	0.01980060	0.00051954
540	0.02051090	0.01999300	0.00051790
541	0.02072990	0.02021260	0.00051726
542	0.02097380	0.02045750	0.00051622
543	0.02122710	0.02071090	0.00051617
544	0.02146800	0.02095240	0.00051561
545	0.02167660	0.02116080	0.00051586
546	0.02183320	0.02131780	0.00051540
547	0.02193100	0.02141540	0.00051563
548	0.02195730	0.02144220	0.00051511
549	0.02190390	0.02138870	0.00051517
550	0.02176760	0.02125310	0.00051443
551	0.02156330	0.02104900	0.00051427
552	0.02131720	0.02080400	0.00051323
553	0.02105700	0.02054430	0.00051268
554	0.02080880	0.02029760	0.00051122
555	0.02060020	0.02009000	0.00051024
556	0.02044620	0.01993760	0.00050854
557	0.02035960	0.01985220	0.00050746
558	0.02032670	0.01982110	0.00050556
559	0.02034080	0.01983640	0.00050434
560	0.02039420	0.01989170	0.00050254
561	0.02047890	0.01997730	0.00050160
562	0.02058670	0.02008650	0.00050013
563	0.02071260	0.02021310	0.00049952
564	0.02085230	0.02035400	0.00049830
565	0.02100230	0.02050440	0.00049789
566	0.02115230	0.02065530	0.00049695
567	0.02129300	0.02079610	0.00049689
568	0.02141000	0.02091380	0.00049617
569	0.02149160	0.02099540	0.00049625
570	0.02152800	0.02103240	0.00049560
571	0.02151490	0.02101920	0.00049566
572	0.02145040	0.02095540	0.00049497
573	0.02134060	0.02084570	0.00049491
574	0.02119380	0.02069980	0.00049403
575	0.02102070	0.02052690	0.00049382
576	0.02083110	0.02033830	0.00049281
577	0.02063500	0.02014260	0.00049242
578	0.02044030	0.01994910	0.00049127
579	0.02025700	0.01976610	0.00049087
580	0.02009070	0.01960090	0.00048981
581	0.01994930	0.01945970	0.00048960
582	0.01983560	0.01934680	0.00048877
583	0.01975530	0.01926650	0.00048875
584	0.01970910	0.01922100	0.00048809
585	0.01969820	0.01921000	0.00048826
586	0.01972100	0.01923310	0.00048785
587	0.01977960	0.01929120	0.00048835
588	0.01987120	0.01938290	0.00048831
589	0.01999520	0.01950610	0.00048915
590	0.02014720	0.01965780	0.00048942
591	0.02032550	0.01983490	0.00049056
592	0.02052230	0.02003120	0.00049110
593	0.02073390	0.02024140	0.00049250
594	0.02095180	0.02045850	0.00049332
595	0.02117270	0.02067760	0.00049506
596	0.02138860	0.02089240	0.00049623
597	0.02159340	0.02109510	0.00049829
598	0.02177670	0.02127700	0.00049971
599	0.02193470	0.02143270	0.00050194
600	0.02205930	0.02155590	0.00050347
601	0.02215110	0.02164540	0.00050574
602	0.02220640	0.02169910	0.00050729
603	0.02223080	0.02172130	0.00050951
604	0.02222490	0.02171410	0.00051088
605	0.02219690	0.02168400	0.00051290
606	0.02215410	0.02164000	0.00051415
607	0.02211000	0.02159390	0.00051606
608	0.02207440	0.02155720	0.00051721
609	0.02205730	0.02153820	0.00051910
610	0.02205930	0.02153900	0.00052027
611	0.02208720	0.02156510	0.00052211
612	0.02214230	0.02161910	0.00052315
613	0.02222630	0.02170150	0.00052479
614	0.02233540	0.02180990	0.00052550
615	0.02246940	0.02194270	0.00052672
616	0.02262080	0.02209370	0.00052708
617	0.02278410	0.02225610	0.00052802
618	0.02295210	0.02242390	0.00052819
619	0.02312030	0.02259120	0.00052904
620	0.02328020	0.02275090	0.00052924
621	0.02342480	0.02289460	0.00053024
622	0.02354500	0.02301430	0.00053068
623	0.02363460	0.02310270	0.00053192
624	0.02368850	0.02315600	0.00053254
625	0.02370970	0.02317590	0.00053389
626	0.02370140	0.02316690	0.00053452
627	0.02367250	0.02313670	0.00053577
628	0.02363050	0.02309420	0.00053624
629	0.02358880	0.02305160	0.00053727
630	0.02355310	0.02301560	0.00053743
631	0.02353320	0.02299510	0.00053809
632	0.02353550	0.02299760	0.00053788
633	0.02356460	0.02302650	0.00053818
634	0.02361580	0.02307810	0.00053766
635	0.02369020	0.02315240	0.00053774
636	0.02378300	0.02324580	0.00053712
637	0.02389150	0.02335430	0.00053724
638	0.02400890	0.02347220	0.00053675
639	0.02413070	0.02359360	0.00053712
640	0.02425060	0.02371360	0.00053701
641	0.02436580	0.02382800	0.00053784
642	0.02446940	0.02393120	0.00053819
643	0.02455940	0.02401990	0.00053944
644	0.02462920	0.02408900	0.00054017
645	0.02467920	0.02413750	0.00054173
646	0.02470860	0.02416590	0.00054265
647	0.02472310	0.02417870	0.00054435
648	0.02472760	0.02418220	0.00054533
649	0.02472950	0.02418250	0.00054699
650	0.02473640	0.02418850	0.00054781
651	0.02475980	0.02421060	0.00054917
652	0.02480460	0.02425500	0.00054960
653	0.02487760	0.02432710	0.00055047
654	0.02497720	0.02442690	0.00055034
655	0.02510270	0.02455210	0.00055067
656	0.02524400	0.02469400	0.00055001
657	0.02539540	0.02484550	0.00054988
658	0.02554860	0.02499980	0.00054886
659	0.02569930	0.02515080	0.00054853
660	0.02583540	0.02528790	0.00054748
661	0.02595180	0.02540460	0.00054721
662	0.02603900	0.02549270	0.00054623
663	0.02609480	0.02554880	0.00054597
664	0.02611250	0.02556760	0.00054495
665	0.02608990	0.02554530	0.00054462
666	0.02602290	0.02547940	0.00054352
667	0.02591400	0.02537090	0.00054307
668	0.02576360	0.02522180	0.00054180
669	0.02557920	0.02503810	0.00054113
670	0.02536930	0.02482970	0.00053963
671	0.02514570	0.02460700	0.00053871
672	0.02491870	0.02438170	0.00053694
673	0.02469790	0.02416210	0.00053576
674	0.02449210	0.02395840	0.00053373
675	0.02430960	0.02377730	0.00053234
676	0.02415490	0.02362470	0.00053018
677	0.02403120	0.02350250	0.00052875
678	0.02393960	0.02341290	0.00052666
679	0.02388000	0.02335460	0.00052543
680	0.02385040	0.02332670	0.00052365
681	0.02384880	0.02332610	0.00052277
682	0.02387130	0.02334990	0.00052138
683	0.02391400	0.02339300	0.00052092
684	0.02397300	0.02345310	0.00051990
685	0.02404660	0.02352680	0.00051982
686	0.02413000	0.02361080	0.00051919
687	0.02421800	0.02369860	0.00051945
688	0.02430410	0.02378500	0.00051909
689	0.02438540	0.02386580	0.00051953
690	0.02445550	0.02393620	0.00051932
691	0.02450940	0.02398950	0.00051990
692	0.02454300	0.02402320	0.00051974
693	0.02455520	0.02403490	0.00052030
694	0.02454400	0.02402390	0.00052011
695	0.02451110	0.02399050	0.00052059
696	0.02445740	0.02393710	0.00052028
697	0.02438910	0.02386850	0.00052063
698	0.02430830	0.02378810	0.00052016
699	0.02422000	0.02369960	0.00052035
700	0.02412660	0.02360690	0.00051972
701	0.02403430	0.02351460	0.00051971
702	0.02394510	0.02342620	0.00051885
703	0.02386480	0.02334620	0.00051858
704	0.02379610	0.02327870	0.00051741
705	0.02374310	0.02322630	0.00051682
706	0.02370760	0.02319230	0.00051536
707	0.02369230	0.02317780	0.00051456
708	0.02369590	0.02318290	0.00051297
709	0.02371840	0.02320620	0.00051216
710	0.02375550	0.02324480	0.00051068
711	0.02380410	0.02329410	0.00051004
712	0.02386010	0.02335130	0.00050878
713	0.02392030	0.02341190	0.00050840
714	0.02397870	0.02347130	0.00050739
715	0.02403200	0.02352470	0.00050725
716	0.02407380	0.02356730	0.00050647
717	0.02410190	0.02359540	0.00050654
718	0.02411240	0.02360640	0.00050597
719	0.02410450	0.02359840	0.00050619
720	0.02407690	0.02357120	0.00050570
721	0.02403230	0.02352640	0.00050598
722	0.02397200	0.02346650	0.00050550
723	0.02389940	0.02339370	0.00050570
724	0.02381600	0.02331090	0.00050509
725	0.02372670	0.02322160	0.00050511
726	0.02363300	0.02312870	0.00050426
727	0.02354050	0.02303650	0.00050401
728	0.02344930	0.02294640	0.00050286
729	0.02336330	0.02286100	0.00050230
730	0.02327870	0.02277790	0.00050085
731	0.02319880	0.02269880	0.00050007
732	0.02311960	0.02262110	0.00049853
733	0.02304160	0.02254390	0.00049766
734	0.02295770	0.02246170	0.00049605
735	0.02286330	0.02236820	0.00049510
736	0.02275430	0.02226090	0.00049337
737	0.02262530	0.02213300	0.00049230
738	0.02246920	0.02197880	0.00049047
739	0.02229170	0.02180240	0.00048928
740	0.02209370	0.02160650	0.00048728
741	0.02188470	0.02139880	0.00048591
742	0.02166850	0.02118480	0.00048376
743	0.02145160	0.02096930	0.00048227
744	0.02123750	0.02075750	0.00048002
745	0.02103490	0.02055650	0.00047843
746	0.02084720	0.02037110	0.00047609
747	0.02068160	0.02020720	0.00047443
748	0.02054000	0.02006800	0.00047200
749	0.02043030	0.01996010	0.00047020
750	0.02035720	0.01988950	0.00046764
751	0.02033320	0.01986760	0.00046567
752	0.02036350	0.01990050	0.00046297
753	0.02045420	0.01999330	0.00046095
754	0.02060700	0.02014880	0.00045827
755	0.02082100	0.02036460	0.00045641
756	0.02109080	0.02063670	0.00045403
757	0.02140430	0.02095180	0.00045249
758	0.02174460	0.02129410	0.00045047
759	0.02209630	0.02164690	0.00044932
760	0.02244330	0.02199560	0.00044769
761	0.02277450	0.02232760	0.00044691
762	0.02307940	0.02263370	0.00044569
763	0.02335240	0.02290700	0.00044542
764	0.02358720	0.02314250	0.00044468
765	0.02377910	0.02333420	0.00044488
766	0.02392200	0.02347740	0.00044464
767	0.02401670	0.02357140	0.00044534
768	0.02406620	0.02362060	0.00044563
769	0.02407630	0.02362940	0.00044690
770	0.02405190	0.02360420	0.00044773
771	0.02400310	0.02355350	0.00044955
772	0.02393730	0.02348630	0.00045094
773	0.02386690	0.02341370	0.00045323
774	0.02380230	0.02334740	0.00045493
775	0.02375970	0.02330230	0.00045740
776	0.02374370	0.02328440	0.00045922
777	0.02375890	0.02329700	0.00046194
778	0.02379750	0.02333330	0.00046414
779	0.02385240	0.02338520	0.00046729
780	0.02391070	0.02344100	0.00046970
781	0.02397020	0.02349740	0.00047278
782	0.02402970	0.02355490	0.00047478
783	0.02409500	0.02361780	0.00047721
784	0.02416810	0.02368950	0.00047854
785	0.02425530	0.02377500	0.00048026
786	0.02435350	0.02387260	0.00048092
787	0.02445680	0.02397470	0.00048212
788	0.02455380	0.02407140	0.00048244
789	0.02463720	0.02415370	0.00048343
790	0.02469880	0.02421520	0.00048359
791	0.02473460	0.02425020	0.00048438
792	0.02474080	0.02425650	0.00048429
793	0.02472360	0.02423880	0.00048477
794	0.02468620	0.02420190	0.00048434
795	0.02463350	0.02414900	0.00048447
796	0.02456740	0.02408360	0.00048374
797	0.02449260	0.02400900	0.00048364
798	0.02441330	0.02393060	0.00048271
799	0.02433530	0.02385280	0.00048248
800	0.02425990	0.02377850	0.00048142
801	0.02419060	0.02370960	0.00048103
802	0.02412690	0.02364710	0.00047985
803	0.02406980	0.02359040	0.00047940
804	0.02401770	0.02353950	0.00047820
805	0.02397100	0.02349320	0.00047775
806	0.02392670	0.02345010	0.00047655
807	0.02388380	0.02340770	0.00047610
808	0.02383850	0.02336360	0.00047491
809	0.02378990	0.02331540	0.00047447
810	0.02373520	0.02326190	0.00047332
811	0.02367750	0.02320460	0.00047291
812	0.02361850	0.02314670	0.00047180
813	0.02356270	0.02309120	0.00047146
814	0.02351180	0.02304130	0.00047046
815	0.02346900	0.02299870	0.00047029
816	0.02343310	0.02296360	0.00046950
817	0.02340400	0.02293450	0.00046954
818	0.02337560	0.02290660	0.00046901
819	0.02334590	0.02287650	0.00046938
820	0.02330920	0.02284010	0.00046917
821	0.02326500	0.02279520	0.00046980
822	0.02320990	0.02274010	0.00046980
823	0.02314800	0.02267740	0.00047057
824	0.02307800	0.02260740	0.00047067
825	0.02300410	0.02253260	0.00047153
826	0.02292710	0.02245540	0.00047167
827	0.02285150	0.02237890	0.00047253
828	0.02278130	0.02230870	0.00047265
829	0.02272320	0.02224970	0.00047351
830	0.02268040	0.02220680	0.00047362
831	0.02265740	0.02218300	0.00047446
832	0.02265280	0.02217820	0.00047454
833	0.02266680	0.02219150	0.00047533
834	0.02269520	0.02221990	0.00047537
835	0.02273700	0.02226080	0.00047617
836	0.02278810	0.02231190	0.00047623
837	0.02284710	0.02237010	0.00047699
838	0.02291140	0.02243430	0.00047701
839	0.02298090	0.02250320	0.00047764
840	0.02305270	0.02257530	0.00047746
841	0.02312780	0.02264990	0.00047789
842	0.02320160	0.02272400	0.00047760
843	0.02327210	0.02279410	0.00047797
844	0.02333500	0.02285740	0.00047763
845	0.02338940	0.02291140	0.00047799
846	0.02343170	0.02295410	0.00047763
847	0.02346220	0.02298430	0.00047795
848	0.02347880	0.02300120	0.00047755
849	0.02348320	0.02300530	0.00047784
850	0.02347590	0.02299850	0.00047739
851	0.02346170	0.02298400	0.00047763
852	0.02344240	0.02296530	0.00047713
853	0.02342440	0.02294700	0.00047733
854	0.02340910	0.02293230	0.00047679
855	0.02340190	0.02292490	0.00047697
856	0.02340240	0.02292600	0.00047642
857	0.02341400	0.02293740	0.00047660
858	0.02343450	0.02295840	0.00047607
859	0.02346440	0.02298810	0.00047631
860	0.02349950	0.02302360	0.00047590
861	0.02353930	0.02306300	0.00047630
862	0.02357930	0.02310320	0.00047604
863	0.02361970	0.02314310	0.00047659
864	0.02365590	0.02317940	0.00047647
865	0.02368820	0.02321110	0.00047710
866	0.02371280	0.02323580	0.00047705
867	0.02373130	0.02325360	0.00047775
868	0.02374170	0.02326400	0.00047775
869	0.02374520	0.02326680	0.00047848
870	0.02374040	0.02326200	0.00047849
871	0.02372970	0.02325040	0.00047923
872	0.02371310	0.02323390	0.00047924
873	0.02369390	0.02321400	0.00047994
874	0.02367320	0.02319330	0.00047987
875	0.02365350	0.02317300	0.00048048
876	0.02363540	0.02315510	0.00048033
877	0.02362270	0.02314180	0.00048085
878	0.02361530	0.02313470	0.00048060
879	0.02361600	0.02313500	0.00048100
880	0.02362330	0.02314260	0.00048066
881	0.02363890	0.02315790	0.00048102
882	0.02366030	0.02317970	0.00048067
883	0.02368830	0.02320730	0.00048102
884	0.02371960	0.02323890	0.00048066
885	0.02375390	0.02327290	0.00048101
886	0.02378820	0.02330750	0.00048065
887	0.02382210	0.02334110	0.00048100
888	0.02385140	0.02337080	0.00048065
889	0.02387580	0.02339480	0.00048103
890	0.02389130	0.02341050	0.00048075
891	0.02389690	0.02341560	0.00048123
892	0.02388900	0.02340800	0.00048105
893	0.02386580	0.02338420	0.00048161
894	0.02382370	0.02334220	0.00048147
895	0.02376170	0.02327960	0.00048206
896	0.02367700	0.02319510	0.00048193
897	0.02357250	0.02309010	0.00048245
898	0.02344830	0.02296610	0.00048218
899	0.02330750	0.02282500	0.00048258
900	0.02315050	0.02266830	0.00048218
901	0.02298070	0.02249830	0.00048243
902	0.02279930	0.02231750	0.00048183
903	0.02261150	0.02212960	0.00048183
904	0.02241670	0.02193570	0.00048096
905	0.02221940	0.02173870	0.00048066
906	0.02201810	0.02153870	0.00047946
907	0.02181770	0.02133890	0.00047881
908	0.02161950	0.02114220	0.00047729
909	0.02142860	0.02095230	0.00047636
910	0.02124870	0.02077410	0.00047459
911	0.02108440	0.02061090	0.00047345
912	0.02094080	0.02046930	0.00047152
913	0.02082000	0.02034970	0.00047027
914	0.02072190	0.02025360	0.00046828
915	0.02065190	0.02018490	0.00046704
916	0.02060830	0.02014320	0.00046513
917	0.02059110	0.02012710	0.00046402
918	0.02059860	0.02013630	0.00046227
919	0.02063180	0.02017050	0.00046134
920	0.02069100	0.02023120	0.00045981
921	0.02077750	0.02031830	0.00045914
922	0.02088810	0.02043030	0.00045788
923	0.02102410	0.02056660	0.00045750
924	0.02118440	0.02072780	0.00045657
925	0.02136820	0.02091170	0.00045652
926	0.02156960	0.02111360	0.00045593
927	0.02178150	0.02132530	0.00045620
928	0.02199990	0.02154400	0.00045589
929	0.02222500	0.02176860	0.00045639
930	0.02245110	0.02199480	0.00045626
931	0.02267690	0.02222000	0.00045692
932	0.02289630	0.02243930	0.00045697
933	0.02310750	0.02264970	0.00045781
934	0.02330740	0.02284940	0.00045803
935	0.02349090	0.02303190	0.00045903
936	0.02365320	0.02319390	0.00045939
937	0.02379440	0.02333400	0.00046045
938	0.02391140	0.02345070	0.00046078
939	0.02401070	0.02354900	0.00046176
940	0.02409720	0.02363520	0.00046198
941	0.02417890	0.02371610	0.00046282
942	0.02425400	0.02379110	0.00046289
943	0.02432310	0.02385950	0.00046360
944	0.02438350	0.02392000	0.00046353
945	0.02443430	0.02397020	0.00046408
946	0.02447420	0.02401030	0.00046385
947	0.02450510	0.02404080	0.00046425
948	0.02452830	0.02406440	0.00046390
949	0.02454920	0.02408500	0.00046419
950	0.02456980	0.02410610	0.00046371
951	0.02459360	0.02412970	0.00046388
952	0.02462340	0.02416010	0.00046328
953	0.02466260	0.02419930	0.00046332
954	0.02471400	0.02425140	0.00046261
955	0.02477990	0.02431730	0.00046261
956	0.02485920	0.02439730	0.00046188
957	0.02495290	0.02449100	0.00046190
958	0.02505640	0.02459520	0.00046122
959	0.02516860	0.02470730	0.00046128
960	0.02528400	0.02482330	0.00046063
961	0.02539850	0.02493770	0.00046074
962	0.02550720	0.02504710	0.00046012
963	0.02560630	0.02514600	0.00046024
964	0.02569320	0.02523350	0.00045963
965	0.02576930	0.02530950	0.00045977
966	0.02583320	0.02537400	0.00045919
967	0.02588660	0.02542720	0.00045935
968	0.02592850	0.02546970	0.00045880
969	0.02596010	0.02550110	0.00045899
970	0.02597950	0.02552100	0.00045847
971	0.02598920	0.02553050	0.00045868
972	0.02598840	0.02553020	0.00045819
973	0.02598040	0.02552200	0.00045844
974	0.02596610	0.02550810	0.00045799
975	0.02595150	0.02549330	0.00045826
976	0.02593800	0.02548020	0.00045779
977	0.02592870	0.02547070	0.00045805
978	0.02592530	0.02546770	0.00045760
979	0.02593000	0.02547210	0.00045788
980	0.02594320	0.02548580	0.00045746
981	0.02596460	0.02550680	0.00045776
982	0.02599160	0.02553430	0.00045736
983	0.02602670	0.02556900	0.00045771
984	0.02606730	0.02561000	0.00045737
985	0.02611380	0.02565600	0.00045778
986	0.02616340	0.02570590	0.00045750
987	0.02621480	0.02575680	0.00045797
988	0.02626640	0.02580870	0.00045775
989	0.02631940	0.02586110	0.00045828
990	0.02637330	0.02591510	0.00045813
991	0.02642960	0.02597090	0.00045872
992	0.02648810	0.02602950	0.00045862
993	0.02654980	0.02609060	0.00045925
994	0.02661460	0.02615530	0.00045923
995	0.02668310	0.02622320	0.00045993
996	0.02675400	0.02629400	0.00045997
997	0.02682750	0.02636670	0.00046075
998	0.02690240	0.02644150	0.00046089
999	0.02697950	0.02651770	0.00046178
1000	0.02705630	0.02659420	0.00046204
1001	0.02713060	0.02666760	0.00046305
1002	0.02719770	0.02673430	0.00046342
1003	0.02725690	0.02679240	0.00046452
1004	0.02730450	0.02683950	0.00046496
1005	0.02734080	0.02687470	0.00046611
1006	0.02736110	0.02689450	0.00046658
1007	0.02736710	0.02689940	0.00046774
1008	0.02735450	0.02688630	0.00046818
1009	0.02732520	0.02685590	0.00046930
1010	0.02727580	0.02680610	0.00046968
1011	0.02721000	0.02673920	0.00047072
1012	0.02712590	0.02665490	0.00047100
1013	0.02702770	0.02655570	0.00047196
1014	0.02691510	0.02644290	0.00047215
1015	0.02679260	0.02631960	0.00047302
1016	0.02665780	0.02618470	0.00047310
1017	0.02651340	0.02603960	0.00047384
1018	0.02635700	0.02588320	0.00047379
1019	0.02619230	0.02571790	0.00047438
1020	0.02601860	0.02554440	0.00047416
1021	0.02584120	0.02536660	0.00047459
1022	0.02566080	0.02518660	0.00047421
1023	0.02548310	0.02500860	0.00047449
1024	0.02530860	0.02483470	0.00047398
1025	0.02514290	0.02466870	0.00047413
1026	0.02498570	0.02451210	0.00047353
1027	0.02484170	0.02436810	0.00047363
1028	0.02471030	0.02423730	0.00047300
1029	0.02459490	0.02412180	0.00047310
1030	0.02449240	0.02401990	0.00047248
1031	0.02440470	0.02393210	0.00047260
1032	0.02432810	0.02385610	0.00047200
1033	0.02426380	0.02379170	0.00047215
1034	0.02420790	0.02373630	0.00047156
1035	0.02416230	0.02369060	0.00047171
1036	0.02412370	0.02365260	0.00047112
1037	0.02409310	0.02362190	0.00047125
1038	0.02406640	0.02359580	0.00047064
1039	0.02404370	0.02357290	0.00047075
1040	0.02401980	0.02354970	0.00047011
1041	0.02399670	0.02352660	0.00047018
1042	0.02397220	0.02350270	0.00046950
1043	0.02394860	0.02347910	0.00046953
1044	0.02392390	0.02345500	0.00046885
1045	0.02390100	0.02343210	0.00046888
1046	0.02387810	0.02340990	0.00046821
1047	0.02385860	0.02339040	0.00046827
1048	0.02384050	0.02337280	0.00046762
1049	0.02382600	0.02335830	0.00046771
1050	0.02381180	0.02334470	0.00046710
1051	0.02380030	0.02333310	0.00046723
1052	0.02378850	0.02332190	0.00046666
1053	0.02377940	0.02331260	0.00046682
1054	0.02377070	0.02330440	0.00046629
1055	0.02376490	0.02329840	0.00046650
1056	0.02375780	0.02329180	0.00046603
1057	0.02375080	0.02328450	0.00046629
1058	0.02374060	0.02327470	0.00046586
1059	0.02372760	0.02326150	0.00046618
1060	0.02370800	0.02324220	0.00046580
1061	0.02368280	0.02321670	0.00046618
1062	0.02364990	0.02318400	0.00046588
1063	0.02361160	0.02314530	0.00046633
1064	0.02356660	0.02310050	0.00046610
1065	0.02351750	0.02305090	0.00046662
1066	0.02346270	0.02299630	0.00046646
1067	0.02340530	0.02293830	0.00046703
1068	0.02334510	0.02287820	0.00046691
1069	0.02328550	0.02281800	0.00046753
1070	0.02322590	0.02275840	0.00046743
1071	0.02316850	0.02270040	0.00046807
1072	0.02311370	0.02264570	0.00046799
1073	0.02306410	0.02259540	0.00046865
1074	0.02301970	0.02255110	0.00046857
1075	0.02298260	0.02251340	0.00046922
1076	0.02295120	0.02248210	0.00046911
1077	0.02292640	0.02245670	0.00046972
1078	0.02290620	0.02243660	0.00046957
1079	0.02289110	0.02242100	0.00047014
1080	0.02287950	0.02240950	0.00046996
1081	0.02287210	0.02240160	0.00047050
1082	0.02286630	0.02239600	0.00047027
1083	0.02286220	0.02239140	0.00047078
1084	0.02285700	0.02238650	0.00047052
1085	0.02285150	0.02238050	0.00047097
1086	0.02284400	0.02237330	0.00047066
1087	0.02283560	0.02236460	0.00047106
1088	0.02282580	0.02235510	0.00047068
1089	0.02281650	0.02234550	0.00047100
1090	0.02280710	0.02233650	0.00047054
1091	0.02280010	0.02232930	0.00047077
1092	0.02279560	0.02232540	0.00047019
1093	0.02279610	0.02232570	0.00047031
1094	0.02280200	0.02233230	0.00046963
1095	0.02281630	0.02234670	0.00046962
1096	0.02283900	0.02237020	0.00046882
1097	0.02287300	0.02240440	0.00046867
1098	0.02291730	0.02244960	0.00046773
1099	0.02297370	0.02250630	0.00046745
1100	0.02304030	0.02257390	0.00046639
1101	0.02311790	0.02265180	0.00046602
1102	0.02320320	0.02273830	0.00046490
1103	0.02329580	0.02283130	0.00046450
1104	0.02339270	0.02292930	0.00046339
1105	0.02349330	0.02303030	0.00046301
1106	0.02359310	0.02313110	0.00046196
1107	0.02368890	0.02322720	0.00046168
1108	0.02377640	0.02331570	0.00046074
1109	0.02385450	0.02339400	0.00046055
1110	0.02391970	0.02346010	0.00045968
1111	0.02397160	0.02351200	0.00045956
1112	0.02400800	0.02354930	0.00045873
1113	0.02403060	0.02357200	0.00045863
1114	0.02403990	0.02358210	0.00045781
1115	0.02404130	0.02358360	0.00045771
1116	0.02403700	0.02358010	0.00045690
1117	0.02403210	0.02357530	0.00045684
1118	0.02402630	0.02357020	0.00045608
1119	0.02402230	0.02356620	0.00045610
1120	0.02401930	0.02356390	0.00045542
1121	0.02401860	0.02356300	0.00045551
1122	0.02401890	0.02356400	0.00045492
1123	0.02402170	0.02356670	0.00045509
1124	0.02402550	0.02357100	0.00045454
1125	0.02403070	0.02357600	0.00045474
1126	0.02403490	0.02358070	0.00045420
1127	0.02403910	0.02358470	0.00045439
1128	0.02403970	0.02358590	0.00045384
1129	0.02403660	0.02358260	0.00045400
1130	0.02402650	0.02357310	0.00045338
1131	0.02400940	0.02355590	0.00045346
1132	0.02398310	0.02353030	0.00045274
1133	0.02394830	0.02349560	0.00045269
1134	0.02390280	0.02345090	0.00045185
1135	0.02384810	0.02339640	0.00045167
1136	0.02378340	0.02333270	0.00045072
1137	0.02371050	0.02326010	0.00045045
1138	0.02362830	0.02317890	0.00044940
1139	0.02353920	0.02309020	0.00044906
1140	0.02344300	0.02299500	0.00044794
1141	0.02334130	0.02289380	0.00044754
1142	0.02323350	0.02278710	0.00044638
1143	0.02312110	0.02267520	0.00044594
1144	0.02300330	0.02255850	0.00044473
1145	0.02288200	0.02243780	0.00044425
1146	0.02275680	0.02231380	0.00044300
1147	0.02263010	0.02218760	0.00044248
1148	0.02250060	0.02205940	0.00044119
1149	0.02237000	0.02192940	0.00044062
1150	0.02223630	0.02179700	0.00043929
1151	0.02209970	0.02166100	0.00043868
1152	0.02195790	0.02152060	0.00043731
1153	0.02181110	0.02137450	0.00043666
1154	0.02165610	0.02122090	0.00043524
1155	0.02149270	0.02105820	0.00043453
1156	0.02131750	0.02088440	0.00043305
1157	0.02113000	0.02069780	0.00043226
1158	0.02092900	0.02049840	0.00043068
1159	0.02071520	0.02028540	0.00042980
1160	0.02048360	0.02005550	0.00042810
1161	0.02023440	0.01980740	0.00042705
1162	0.01996590	0.01954070	0.00042517
1163	0.01968030	0.01925630	0.00042392
1164	0.01937840	0.01895660	0.00042182
1165	0.01906250	0.01864220	0.00042032
1166	0.01873720	0.01831930	0.00041793
1167	0.01840760	0.01799140	0.00041613
1168	0.01807460	0.01766110	0.00041344
1169	0.01774650	0.01733510	0.00041133
1170	0.01742830	0.01702000	0.00040834
1171	0.01713160	0.01672560	0.00040594
1172	0.01686460	0.01646190	0.00040272
1173	0.01664220	0.01624200	0.00040015
1174	0.01647110	0.01607430	0.00039680
1175	0.01636110	0.01596690	0.00039418
1176	0.01631480	0.01592390	0.00039090
1177	0.01633810	0.01594960	0.00038849
1178	0.01643030	0.01604480	0.00038553
1179	0.01659210	0.01620860	0.00038349
1180	0.01681980	0.01643880	0.00038102
1181	0.01710910	0.01672950	0.00037956
1182	0.01745260	0.01707490	0.00037773
1183	0.01784730	0.01747040	0.00037694
1184	0.01828340	0.01790750	0.00037583
1185	0.01875580	0.01838000	0.00037580
1186	0.01925580	0.01888040	0.00037539
1187	0.01977890	0.01940290	0.00037603
1188	0.02031750	0.01994110	0.00037636
1189	0.02086410	0.02048640	0.00037777
1190	0.02140770	0.02102890	0.00037880
1191	0.02194200	0.02156110	0.00038086
1192	0.02245590	0.02207340	0.00038249
1193	0.02294330	0.02255820	0.00038509
1194	0.02339330	0.02300610	0.00038719
1195	0.02380100	0.02341080	0.00039021
1196	0.02416060	0.02376790	0.00039265
1197	0.02447170	0.02407580	0.00039594
1198	0.02473450	0.02433590	0.00039864
1199	0.02495270	0.02455060	0.00040217
1200	0.02512900	0.02472400	0.00040505
1201	0.02526760	0.02485890	0.00040871
1202	0.02537370	0.02496200	0.00041164
1203	0.02545330	0.02503810	0.00041517
1204	0.02550950	0.02509180	0.00041771
1205	0.02554740	0.02512680	0.00042068
1206	0.02556930	0.02514670	0.00042256
1207	0.02557910	0.02515430	0.00042484
1208	0.02557820	0.02515220	0.00042601
1209	0.02557140	0.02514380	0.00042757
1210	0.02556120	0.02513320	0.00042805
1211	0.02555040	0.02512140	0.00042902
1212	0.02553960	0.02511060	0.00042906
1213	0.02553010	0.02510040	0.00042975
1214	0.02552180	0.02509210	0.00042966
1215	0.02551360	0.02508320	0.00043035
1216	0.02550360	0.02507330	0.00043033
1217	0.02549110	0.02506000	0.00043113
1218	0.02547420	0.02504290	0.00043126
1219	0.02545460	0.02502240	0.00043219
1220	0.02543230	0.02499990	0.00043243
1221	0.02541110	0.02497760	0.00043348
1222	0.02539040	0.02495650	0.00043390
1223	0.02537030	0.02493510	0.00043522
1224	0.02535080	0.02491480	0.00043604
1225	0.02533250	0.02489480	0.00043777
1226	0.02531630	0.02487740	0.00043890
1227	0.02530590	0.02486500	0.00044087
1228	0.02530170	0.02485950	0.00044218
1229	0.02530760	0.02486330	0.00044428
1230	0.02531970	0.02487400	0.00044567
1231	0.02533890	0.02489100	0.00044783
1232	0.02536340	0.02491410	0.00044931
1233	0.02539330	0.02494180	0.00045150
1234	0.02542860	0.02497580	0.00045283
1235	0.02546770	0.02501310	0.00045457
1236	0.02550620	0.02505090	0.00045531
1237	0.02554430	0.02508720	0.00045709
1238	0.02558140	0.02512270	0.00045871
1239	0.02561730	0.02515600	0.00046131
1240	0.02565220	0.02518910	0.00046315
1241	0.02568750	0.02522190	0.00046559
1242	0.02572280	0.02525570	0.00046718
1243	0.02576230	0.02529280	0.00046949
1244	0.02580680	0.02533570	0.00047104
1245	0.02586030	0.02538700	0.00047336
1246	0.02592330	0.02544830	0.00047500
1247	0.02599460	0.02551710	0.00047744
1248	0.02607380	0.02559470	0.00047912
1249	0.02616400	0.02568250	0.00048152
1250	0.02626330	0.02578030	0.00048308
1251	0.02637310	0.02588790	0.00048522
1252	0.02648850	0.02600200	0.00048654
1253	0.02660800	0.02611960	0.00048847
1254	0.02672640	0.02623670	0.00048968
1255	0.02684270	0.02635110	0.00049164
1256	0.02695110	0.02645820	0.00049293
1257	0.02705270	0.02655760	0.00049512
1258	0.02714140	0.02664450	0.00049693
1259	0.02721600	0.02671640	0.00049957
1260	0.02727440	0.02677290	0.00050144
1261	0.02731770	0.02681420	0.00050344
1262	0.02734110	0.02683720	0.00050390
1263	0.02734420	0.02683930	0.00050487
1264	0.02731860	0.02681360	0.00050499
1265	0.02726570	0.02675970	0.00050600
1266	0.02718520	0.02667890	0.00050635
1267	0.02708350	0.02657620	0.00050723
1268	0.02696210	0.02645480	0.00050725
1269	0.02682610	0.02631800	0.00050805
1270	0.02667800	0.02616970	0.00050829
1271	0.02652480	0.02601560	0.00050915
1272	0.02636450	0.02585530	0.00050912
1273	0.02620200	0.02569250	0.00050951
1274	0.02603780	0.02552890	0.00050891
1275	0.02587550	0.02536680	0.00050866
1276	0.02571390	0.02520650	0.00050736
1277	0.02555580	0.02504940	0.00050646
1278	0.02540110	0.02489660	0.00050453
1279	0.02525330	0.02475020	0.00050306
1280	0.02511010	0.02460950	0.00050062
1281	0.02497360	0.02447500	0.00049869
1282	0.02484110	0.02434520	0.00049584
1283	0.02471390	0.02422030	0.00049361
1284	0.02459120	0.02410070	0.00049055
1285	0.02447460	0.02398640	0.00048820
1286	0.02436400	0.02387890	0.00048517
1287	0.02426220	0.02377910	0.00048301
1288	0.02416730	0.02368700	0.00048031
1289	0.02408030	0.02360170	0.00047856
1290	0.02399890	0.02352260	0.00047630
1291	0.02392620	0.02345120	0.00047499
1292	0.02386330	0.02339010	0.00047321
1293	0.02381420	0.02334180	0.00047241
1294	0.02377800	0.02330680	0.00047116
1295	0.02375440	0.02328350	0.00047089
1296	0.02373760	0.02326740	0.00047012
1297	0.02372560	0.02325540	0.00047025
1298	0.02371220	0.02324240	0.00046982
1299	0.02369710	0.02322690	0.00047020
1300	0.02367700	0.02320710	0.00046991
1301	0.02365570	0.02318530	0.00047040
1302	0.02363340	0.02316320	0.00047020
1303	0.02361430	0.02314360	0.00047071
1304	0.02359700	0.02312650	0.00047048
1305	0.02358330	0.02311230	0.00047097
1306	0.02357140	0.02310070	0.00047072
1307	0.02356250	0.02309130	0.00047118
1308	0.02355500	0.02308410	0.00047087
1309	0.02355020	0.02307900	0.00047128
1310	0.02354760	0.02307670	0.00047092
1311	0.02354880	0.02307750	0.00047127
1312	0.02355420	0.02308330	0.00047090
1313	0.02356680	0.02309550	0.00047127
1314	0.02358530	0.02311430	0.00047092
1315	0.02361290	0.02314150	0.00047132
1316	0.02364840	0.02317740	0.00047103
1317	0.02369380	0.02322230	0.00047148
1318	0.02374890	0.02327770	0.00047122
1319	0.02381520	0.02334350	0.00047170
1320	0.02389110	0.02341960	0.00047150
1321	0.02397440	0.02350230	0.00047208
1322	0.02405890	0.02358690	0.00047196
1323	0.02414340	0.02367080	0.00047260
1324	0.02422330	0.02375080	0.00047252
1325	0.02429780	0.02382460	0.00047317
1326	0.02436130	0.02388820	0.00047309
1327	0.02441430	0.02394060	0.00047372
1328	0.02445240	0.02397880	0.00047361
1329	0.02447530	0.02400110	0.00047422
1330	0.02447900	0.02400480	0.00047412
1331	0.02446450	0.02398970	0.00047477
1332	0.02442920	0.02395450	0.00047467
1333	0.02437540	0.02390010	0.00047529
1334	0.02430120	0.02382600	0.00047520
1335	0.02420860	0.02373280	0.00047583
1336	0.02409770	0.02362190	0.00047572
1337	0.02397190	0.02349550	0.00047634
1338	0.02383260	0.02335640	0.00047619
1339	0.02368330	0.02320660	0.00047672
1340	0.02352560	0.02304910	0.00047647
1341	0.02336280	0.02288590	0.00047688
1342	0.02319540	0.02271890	0.00047651
1343	0.02302670	0.02254980	0.00047682
1344	0.02285490	0.02237850	0.00047633
1345	0.02268330	0.02220680	0.00047651
1346	0.02251070	0.02203480	0.00047589
1347	0.02234070	0.02186480	0.00047595
1348	0.02217170	0.02169650	0.00047521
1349	0.02200900	0.02153380	0.00047517
1350	0.02185220	0.02137780	0.00047436
1351	0.02170420	0.02122990	0.00047426
1352	0.02156500	0.02109160	0.00047345
1353	0.02143940	0.02096610	0.00047337
1354	0.02132700	0.02085440	0.00047260
1355	0.02123130	0.02075870	0.00047257
1356	0.02114780	0.02067600	0.00047185
1357	0.02107850	0.02060660	0.00047190
1358	0.02101590	0.02054460	0.00047128
1359	0.02096220	0.02049080	0.00047139
1360	0.02091540	0.02044460	0.00047079
1361	0.02088030	0.02040940	0.00047086
1362	0.02085520	0.02038490	0.00047022
1363	0.02084460	0.02037420	0.00047033
1364	0.02085000	0.02038030	0.00046970
1365	0.02087760	0.02040780	0.00046978
1366	0.02092920	0.02046010	0.00046912
1367	0.02100940	0.02054020	0.00046920
1368	0.02112110	0.02065240	0.00046865
1369	0.02126770	0.02079880	0.00046894
1370	0.02144640	0.02097780	0.00046861
1371	0.02165270	0.02118360	0.00046905
1372	0.02187820	0.02140950	0.00046879
1373	0.02211390	0.02164460	0.00046927
1374	0.02234920	0.02188010	0.00046904
1375	0.02257140	0.02210190	0.00046952
1376	0.02276600	0.02229670	0.00046925
1377	0.02292340	0.02245370	0.00046967
1378	0.02303330	0.02256390	0.00046932
1379	0.02309210	0.02262250	0.00046961
1380	0.02309540	0.02262640	0.00046907
1381	0.02304800	0.02257890	0.00046912
1382	0.02295480	0.02248640	0.00046833
1383	0.02282650	0.02235840	0.00046810
1384	0.02266930	0.02220230	0.00046699
1385	0.02249200	0.02202560	0.00046641
1386	0.02229600	0.02183110	0.00046493
1387	0.02208690	0.02162300	0.00046399
1388	0.02186520	0.02140310	0.00046216
1389	0.02163520	0.02117430	0.00046087
1390	0.02139340	0.02093460	0.00045871
1391	0.02114060	0.02068340	0.00045712
1392	0.02087510	0.02042040	0.00045467
1393	0.02059950	0.02014670	0.00045281
1394	0.02031530	0.01986530	0.00045008
1395	0.02002400	0.01957610	0.00044795
1396	0.01972580	0.01928080	0.00044500
1397	0.01941620	0.01897350	0.00044265
1398	0.01909460	0.01865510	0.00043950
1399	0.01876830	0.01833140	0.00043699
1400	0.01843990	0.01800620	0.00043366
1401	0.01811340	0.01768250	0.00043092
1402	0.01779520	0.01736770	0.00042747
1403	0.01750290	0.01707810	0.00042481
1404	0.01724920	0.01682780	0.00042147
1405	0.01704440	0.01662530	0.00041905
1406	0.01688650	0.01647040	0.00041610
1407	0.01677640	0.01636230	0.00041408
1408	0.01671230	0.01630080	0.00041151
1409	0.01669450	0.01628470	0.00040982
1410	0.01671840	0.01631070	0.00040762
1411	0.01678650	0.01638020	0.00040634
1412	0.01690050	0.01649600	0.00040451
1413	0.01706090	0.01665730	0.00040361
1414	0.01726710	0.01686500	0.00040215
1415	0.01752080	0.01711920	0.00040157
1416	0.01782130	0.01742080	0.00040045
1417	0.01817260	0.01777230	0.00040032
1418	0.01857520	0.01817540	0.00039976
1419	0.01902910	0.01862890	0.00040023
1420	0.01953230	0.01913180	0.00040042
1421	0.02008010	0.01967840	0.00040173
1422	0.02066030	0.02025760	0.00040271
1423	0.02125990	0.02085510	0.00040480
1424	0.02185830	0.02145180	0.00040649
1425	0.02243720	0.02202800	0.00040923
1426	0.02297460	0.02256310	0.00041153
1427	0.02345430	0.02303950	0.00041479
1428	0.02385450	0.02343690	0.00041759
1429	0.02416670	0.02374530	0.00042134
1430	0.02438620	0.02396150	0.00042467
1431	0.02451540	0.02408640	0.00042896
1432	0.02456980	0.02413700	0.00043274
1433	0.02456300	0.02412560	0.00043738
1434	0.02450870	0.02406730	0.00044146
1435	0.02443850	0.02399220	0.00044627
1436	0.02437250	0.02392240	0.00045010
1437	0.02432960	0.02387550	0.00045415
1438	0.02431520	0.02385840	0.00045673
1439	0.02432810	0.02386890	0.00045917
1440	0.02436560	0.02390550	0.00046004
1441	0.02442510	0.02396440	0.00046072
1442	0.02449650	0.02403660	0.00045983
1443	0.02458300	0.02412400	0.00045898
1444	0.02468770	0.02423080	0.00045696
1445	0.02481080	0.02435540	0.00045538
1446	0.02495460	0.02450170	0.00045291
1447	0.02512200	0.02467070	0.00045124
1448	0.02530710	0.02485790	0.00044912
1449	0.02550310	0.02505500	0.00044807
1450	0.02569440	0.02524770	0.00044668
1451	0.02586870	0.02542230	0.00044634
1452	0.02601290	0.02556740	0.00044551
1453	0.02611910	0.02567350	0.00044561
1454	0.02617860	0.02573350	0.00044514
1455	0.02618900	0.02574340	0.00044554
1456	0.02615200	0.02570660	0.00044537
1457	0.02607540	0.02562930	0.00044610
1458	0.02596720	0.02552090	0.00044629
1459	0.02583690	0.02538950	0.00044735
1460	0.02569100	0.02524320	0.00044774
1461	0.02553730	0.02508850	0.00044883
1462	0.02538370	0.02493460	0.00044907
1463	0.02523800	0.02478810	0.00044985
1464	0.02510340	0.02465380	0.00044961
1465	0.02498530	0.02453550	0.00044981
1466	0.02488420	0.02443500	0.00044911
1467	0.02480260	0.02435350	0.00044909
1468	0.02474130	0.02429290	0.00044839
1469	0.02470570	0.02425710	0.00044861
1470	0.02469350	0.02424510	0.00044832
1471	0.02470670	0.02425770	0.00044903
1472	0.02474080	0.02429150	0.00044928
1473	0.02479290	0.02434230	0.00045055
1474	0.02485240	0.02440100	0.00045135
1475	0.02491450	0.02446140	0.00045312
1476	0.02497030	0.02451600	0.00045438
1477	0.02501280	0.02455630	0.00045648
1478	0.02503370	0.02457580	0.00045789
1479	0.02503150	0.02457150	0.00045994
1480	0.02500520	0.02454410	0.00046117
1481	0.02495760	0.02449470	0.00046292
1482	0.02488960	0.02442590	0.00046373
1483	0.02480780	0.02434280	0.00046495
1484	0.02471590	0.02425070	0.00046516
1485	0.02462270	0.02415690	0.00046579
1486	0.02452640	0.02406100	0.00046538
1487	0.02443320	0.02396780	0.00046548
1488	0.02434110	0.02387650	0.00046463
1489	0.02425500	0.02379070	0.00046431
1490	0.02417170	0.02370850	0.00046324
1491	0.02409230	0.02362930	0.00046292
1492	0.02401270	0.02355070	0.00046198
1493	0.02393830	0.02347650	0.00046182
1494	0.02386980	0.02340870	0.00046108
1495	0.02381300	0.02335170	0.00046124
1496	0.02376630	0.02330540	0.00046089
1497	0.02373160	0.02327020	0.00046144
1498	0.02370750	0.02324600	0.00046144
1499	0.02369260	0.02323030	0.00046237
1500	0.02368170	0.02321900	0.00046273
1501	0.02367250	0.02320850	0.00046394
1502	0.02366120	0.02319680	0.00046444
1503	0.02364590	0.02318030	0.00046565
1504	0.02362600	0.02315990	0.00046610
1505	0.02360470	0.02313740	0.00046731
1506	0.02358330	0.02311540	0.00046786
1507	0.02356350	0.02309430	0.00046919
1508	0.02354610	0.02307630	0.00046982
1509	0.02353580	0.02306470	0.00047115
1510	0.02353260	0.02306090	0.00047170
1511	0.02353850	0.02306570	0.00047287
1512	0.02355240	0.02307920	0.00047320
1513	0.02357470	0.02310060	0.00047411
1514	0.02359980	0.02312560	0.00047420
1515	0.02362230	0.02314740	0.00047491
1516	0.02363390	0.02315910	0.00047480
1517	0.02362840	0.02315310	0.00047529
1518	0.02359660	0.02312160	0.00047494
1519	0.02353540	0.02306020	0.00047516
1520	0.02344010	0.02296550	0.00047455
1521	0.02331390	0.02283940	0.00047451
1522	0.02315440	0.02268080	0.00047359
1523	0.02296590	0.02249270	0.00047321
1524	0.02274830	0.02227630	0.00047192
1525	0.02250770	0.02203660	0.00047114
1526	0.02225070	0.02178130	0.00046941
1527	0.02198700	0.02151880	0.00046816
1528	0.02172460	0.02125860	0.00046598
1529	0.02147510	0.02101080	0.00046435
1530	0.02124600	0.02078420	0.00046188
1531	0.02104660	0.02058660	0.00046004
1532	0.02088070	0.02042330	0.00045745
1533	0.02075500	0.02029940	0.00045556
1534	0.02067130	0.02021830	0.00045299
1535	0.02063130	0.02018020	0.00045120
1536	0.02063360	0.02018490	0.00044876
1537	0.02068000	0.02023290	0.00044712
1538	0.02076670	0.02032180	0.00044484
1539	0.02089330	0.02045000	0.00044337
1540	0.02105370	0.02061240	0.00044133
1541	0.02124410	0.02080400	0.00044012
1542	0.02145570	0.02101730	0.00043836
1543	0.02168320	0.02124570	0.00043743
1544	0.02191880	0.02148280	0.00043598
1545	0.02215940	0.02172400	0.00043540
1546	0.02239590	0.02196160	0.00043432
1547	0.02262660	0.02219240	0.00043414
1548	0.02284400	0.02241050	0.00043348
1549	0.02304860	0.02261490	0.00043370
1550	0.02323720	0.02280380	0.00043341
1551	0.02341120	0.02297720	0.00043402
1552	0.02356910	0.02313500	0.00043414
1553	0.02371550	0.02328030	0.00043518
1554	0.02384980	0.02341410	0.00043575
1555	0.02397720	0.02354000	0.00043721
1556	0.02409850	0.02366030	0.00043811
1557	0.02421920	0.02377940	0.00043988
1558	0.02433800	0.02389690	0.00044107
1559	0.02445670	0.02401360	0.00044312
1560	0.02457370	0.02412910	0.00044452
1561	0.02469000	0.02424330	0.00044669
1562	0.02480210	0.02435390	0.00044814
1563	0.02491100	0.02446070	0.00045033
1564	0.02501210	0.02456030	0.00045175
1565	0.02510350	0.02464960	0.00045389
1566	0.02517990	0.02472460	0.00045530
1567	0.02524020	0.02478280	0.00045739
1568	0.02528420	0.02482550	0.00045868
1569	0.02531510	0.02485440	0.00046063
1570	0.02533430	0.02487250	0.00046177
1571	0.02534610	0.02488240	0.00046363
1572	0.02534900	0.02488420	0.00046477
1573	0.02534520	0.02487850	0.00046666
1574	0.02533470	0.02486680	0.00046784
1575	0.02531830	0.02484860	0.00046973
1576	0.02529320	0.02482240	0.00047086
1577	0.02525780	0.02478510	0.00047264
1578	0.02520850	0.02473480	0.00047365
1579	0.02514570	0.02467040	0.00047529
1580	0.02506970	0.02459360	0.00047611
1581	0.02498270	0.02450510	0.00047759
1582	0.02488650	0.02440820	0.00047821
1583	0.02478500	0.02430550	0.00047944
1584	0.02468340	0.02420370	0.00047979
1585	0.02458780	0.02410710	0.00048070
1586	0.02450200	0.02402130	0.00048071
1587	0.02443050	0.02394920	0.00048127
1588	0.02437430	0.02389330	0.00048098
1589	0.02433510	0.02385370	0.00048134
1590	0.02430950	0.02382860	0.00048088
1591	0.02429740	0.02381630	0.00048111
1592	0.02429300	0.02381240	0.00048058
1593	0.02429550	0.02381470	0.00048078
1594	0.02430030	0.02382000	0.00048023
1595	0.02430560	0.02382510	0.00048042
1596	0.02430600	0.02382600	0.00047992
1597	0.02429920	0.02381900	0.00048022
1598	0.02428190	0.02380200	0.00047986
1599	0.02425460	0.02377430	0.00048032
1600	0.02421340	0.02373320	0.00048013
1601	0.02415810	0.02367740	0.00048075
1602	0.02408560	0.02360490	0.00048068
1603	0.02399530	0.02351390	0.00048141
1604	0.02388390	0.02340250	0.00048145
1605	0.02375120	0.02326900	0.00048225
1606	0.02359260	0.02311030	0.00048229
1607	0.02340760	0.02292460	0.00048303
1608	0.02319590	0.02271290	0.00048295
1609	0.02296150	0.02247800	0.00048350
1610	0.02270690	0.02222380	0.00048318
1611	0.02244130	0.02195780	0.00048345
1612	0.02217330	0.02169050	0.00048280
1613	0.02191410	0.02143130	0.00048273
1614	0.02167070	0.02118900	0.00048177
1615	0.02145030	0.02096890	0.00048141
1616	0.02125360	0.02077340	0.00048019
1617	0.02108190	0.02060230	0.00047960
1618	0.02093200	0.02045380	0.00047821
1619	0.02080250	0.02032500	0.00047750
1620	0.02068860	0.02021260	0.00047600
1621	0.02058970	0.02011450	0.00047520
1622	0.02050370	0.02003010	0.00047365
1623	0.02042980	0.01995700	0.00047282
1624	0.02036240	0.01989120	0.00047124
1625	0.02030040	0.01983000	0.00047040
1626	0.02023650	0.01976760	0.00046884
1627	0.02016950	0.01970150	0.00046797
1628	0.02009770	0.01963130	0.00046640
1629	0.02002400	0.01955850	0.00046558
1630	0.01994640	0.01948230	0.00046410
1631	0.01987050	0.01940710	0.00046342
1632	0.01979470	0.01933260	0.00046207
1633	0.01972910	0.01926760	0.00046151
1634	0.01967210	0.01921180	0.00046027
1635	0.01963070	0.01917090	0.00045978
1636	0.01960700	0.01914850	0.00045855
1637	0.01960310	0.01914510	0.00045802
1638	0.01961490	0.01915810	0.00045681
1639	0.01964420	0.01918790	0.00045632
1640	0.01968290	0.01922780	0.00045512
1641	0.01972310	0.01926840	0.00045465
1642	0.01975510	0.01930160	0.00045347
1643	0.01977450	0.01932150	0.00045303
1644	0.01977460	0.01932280	0.00045185
1645	0.01976030	0.01930890	0.00045137
1646	0.01973510	0.01928500	0.00045011
1647	0.01970710	0.01925770	0.00044944
1648	0.01968440	0.01923650	0.00044788
1649	0.01968180	0.01923510	0.00044678
1650	0.01970930	0.01926470	0.00044461
1651	0.01977520	0.01933240	0.00044275
1652	0.01988580	0.01944600	0.00043982
1653	0.02004300	0.01960570	0.00043731
1654	0.02024550	0.01981170	0.00043384
1655	0.02048960	0.02005840	0.00043114
1656	0.02076230	0.02033420	0.00042810
1657	0.02105900	0.02063280	0.00042626
1658	0.02136820	0.02094400	0.00042424
1659	0.02168600	0.02126240	0.00042363
1660	0.02200660	0.02158370	0.00042290
1661	0.02232350	0.02190010	0.00042344
1662	0.02262440	0.02220070	0.00042375
1663	0.02290180	0.02247660	0.00042522
1664	0.02315050	0.02272410	0.00042641
1665	0.02336640	0.02293750	0.00042891
1666	0.02355020	0.02311910	0.00043115
1667	0.02370470	0.02327020	0.00043448
1668	0.02383320	0.02339590	0.00043729
1669	0.02394110	0.02350030	0.00044081
1670	0.02403220	0.02358900	0.00044320
1671	0.02410850	0.02366260	0.00044583
1672	0.02416670	0.02371940	0.00044728
1673	0.02420570	0.02375640	0.00044925
1674	0.02422330	0.02377290	0.00045044
1675	0.02422340	0.02377090	0.00045242
1676	0.02421050	0.02375660	0.00045384
1677	0.02419080	0.02373470	0.00045614
1678	0.02416410	0.02370650	0.00045759
1679	0.02413230	0.02367270	0.00045960
1680	0.02409140	0.02363070	0.00046066
1681	0.02404290	0.02358060	0.00046228
1682	0.02398690	0.02352400	0.00046285
1683	0.02392390	0.02346010	0.00046380
1684	0.02385210	0.02338840	0.00046372
1685	0.02377430	0.02331010	0.00046420
1686	0.02369230	0.02322850	0.00046379
1687	0.02361100	0.02314700	0.00046399
1688	0.02353080	0.02306740	0.00046332
1689	0.02345250	0.02298930	0.00046319
1690	0.02337730	0.02291510	0.00046221
1691	0.02330780	0.02284590	0.00046189
1692	0.02324610	0.02278520	0.00046082
1693	0.02319430	0.02273390	0.00046041
1694	0.02315250	0.02269330	0.00045924
1695	0.02312090	0.02266210	0.00045872
1696	0.02309940	0.02264200	0.00045743
1697	0.02309250	0.02263570	0.00045682
1698	0.02310280	0.02264730	0.00045553
1699	0.02313070	0.02267580	0.00045496
1700	0.02317630	0.02272260	0.00045366
1701	0.02323800	0.02278490	0.00045306
1702	0.02330990	0.02285820	0.00045171
1703	0.02338630	0.02293520	0.00045114
1704	0.02346110	0.02301120	0.00044988
1705	0.02353160	0.02308220	0.00044940
1706	0.02359560	0.02314740	0.00044819
1707	0.02365420	0.02320650	0.00044770
1708	0.02370620	0.02325980	0.00044647
1709	0.02375280	0.02330690	0.00044594
1710	0.02379490	0.02335020	0.00044470
1711	0.02383720	0.02339290	0.00044424
1712	0.02388210	0.02343890	0.00044319
1713	0.02393390	0.02349100	0.00044296
1714	0.02399270	0.02355050	0.00044220
1715	0.02405840	0.02361610	0.00044234
1716	0.02412620	0.02368420	0.00044201
1717	0.02419130	0.02374870	0.00044260
1718	0.02424480	0.02380210	0.00044270
1719	0.02428160	0.02383790	0.00044364
1720	0.02429320	0.02384920	0.00044399
1721	0.02427940	0.02383430	0.00044513
1722	0.02423610	0.02379050	0.00044559
1723	0.02416840	0.02372170	0.00044674
1724	0.02407790	0.02363080	0.00044704
1725	0.02397580	0.02352780	0.00044793
1726	0.02386740	0.02341960	0.00044788
1727	0.02376570	0.02331740	0.00044833
1728	0.02367530	0.02322750	0.00044782
1729	0.02360480	0.02315700	0.00044783
1730	0.02355570	0.02310870	0.00044696
1731	0.02353270	0.02308600	0.00044669
1732	0.02353380	0.02308820	0.00044561
1733	0.02356200	0.02311670	0.00044524
1734	0.02361030	0.02316610	0.00044418
1735	0.02367780	0.02323390	0.00044393
1736	0.02375750	0.02331440	0.00044309
1737	0.02384650	0.02340330	0.00044314
1738	0.02393670	0.02349400	0.00044274
1739	0.02402490	0.02358160	0.00044327
1740	0.02410450	0.02366130	0.00044326
1741	0.02417290	0.02372880	0.00044409
1742	0.02422560	0.02378130	0.00044430
1743	0.02426340	0.02381810	0.00044527
1744	0.02428340	0.02383780	0.00044554
1745	0.02428730	0.02384080	0.00044647
1746	0.02427570	0.02382910	0.00044663
1747	0.02425220	0.02380480	0.00044741
1748	0.02421920	0.02377180	0.00044740
1749	0.02418040	0.02373240	0.00044799
1750	0.02413800	0.02369020	0.00044774
1751	0.02409520	0.02364720	0.00044805
1752	0.02405320	0.02360570	0.00044753
1753	0.02401290	0.02356540	0.00044758
1754	0.02397310	0.02352630	0.00044676
1755	0.02393630	0.02348980	0.00044649
1756	0.02390350	0.02345820	0.00044538
1757	0.02388020	0.02343530	0.00044482
1758	0.02386710	0.02342370	0.00044338
1759	0.02386860	0.02342590	0.00044267
1760	0.02388240	0.02344100	0.00044135
1761	0.02390670	0.02346590	0.00044082
1762	0.02393550	0.02349590	0.00043965
1763	0.02396690	0.02352770	0.00043926
1764	0.02399410	0.02355580	0.00043821
1765	0.02401590	0.02357800	0.00043795
1766	0.02402840	0.02359140	0.00043705
1767	0.02403210	0.02359520	0.00043692
1768	0.02402550	0.02358930	0.00043625
1769	0.02401080	0.02357430	0.00043645
1770	0.02398850	0.02355250	0.00043607
1771	0.02396460	0.02352810	0.00043655
1772	0.02394140	0.02350490	0.00043641
1773	0.02392260	0.02348550	0.00043707
1774	0.02390850	0.02347140	0.00043708
1775	0.02390090	0.02346300	0.00043790
1776	0.02389760	0.02345960	0.00043808
1777	0.02389940	0.02346030	0.00043907
1778	0.02390350	0.02346410	0.00043941
1779	0.02391200	0.02347150	0.00044058
1780	0.02392210	0.02348100	0.00044110
1781	0.02393460	0.02349220	0.00044240
1782	0.02394720	0.02350410	0.00044304
1783	0.02395990	0.02351540	0.00044446
1784	0.02396970	0.02352450	0.00044522
1785	0.02397500	0.02352820	0.00044675
1786	0.02397270	0.02352510	0.00044758
1787	0.02396360	0.02351440	0.00044916
1788	0.02394670	0.02349670	0.00045003
1789	0.02392690	0.02347520	0.00045165
1790	0.02390680	0.02345430	0.00045254
1791	0.02389370	0.02343950	0.00045417
1792	0.02389540	0.02344030	0.00045512
1793	0.02391890	0.02346210	0.00045684
1794	0.02397060	0.02351270	0.00045791
1795	0.02405550	0.02359580	0.00045977
1796	0.02417250	0.02371150	0.00046102
1797	0.02431770	0.02385470	0.00046308
1798	0.02448470	0.02402010	0.00046452
1799	0.02466780	0.02420100	0.00046678
1800	0.02486050	0.02439210	0.00046838
1801	0.02505710	0.02458640	0.00047073
1802	0.02525100	0.02477860	0.00047237
1803	0.02543910	0.02496440	0.00047473
1804	0.02561570	0.02513940	0.00047631
1805	0.02577940	0.02530080	0.00047856
1806	0.02592580	0.02544580	0.00048001
1807	0.02605450	0.02557240	0.00048208
1808	0.02616400	0.02568070	0.00048330
1809	0.02625750	0.02577240	0.00048512
1810	0.02633280	0.02584670	0.00048609
1811	0.02639010	0.02590250	0.00048767
1812	0.02642910	0.02594070	0.00048839
1813	0.02644930	0.02595950	0.00048973
1814	0.02644750	0.02595730	0.00049025
1815	0.02642310	0.02593180	0.00049137
1816	0.02637200	0.02588030	0.00049166
1817	0.02629770	0.02580520	0.00049257
1818	0.02620210	0.02570940	0.00049265
1819	0.02609080	0.02559750	0.00049337
1820	0.02596510	0.02547190	0.00049329
1821	0.02582900	0.02533510	0.00049387
1822	0.02568070	0.02518700	0.00049368
1823	0.02552360	0.02502940	0.00049417
1824	0.02535670	0.02486280	0.00049390
1825	0.02518170	0.02468740	0.00049431
1826	0.02499840	0.02450450	0.00049397
1827	0.02480920	0.02431490	0.00049432
1828	0.02461490	0.02412100	0.00049396
1829	0.02441740	0.02392320	0.00049427
1830	0.02421560	0.02372180	0.00049383
1831	0.02401430	0.02352020	0.00049407
1832	0.02381040	0.02331690	0.00049354
1833	0.02360690	0.02311320	0.00049367
1834	0.02339940	0.02290640	0.00049299
1835	0.02318790	0.02269500	0.00049291
1836	0.02296940	0.02247750	0.00049194
1837	0.02274840	0.02225690	0.00049151
1838	0.02252650	0.02203630	0.00049017
1839	0.02231400	0.02182460	0.00048937
1840	0.02211680	0.02162910	0.00048768
1841	0.02194510	0.02145850	0.00048661
1842	0.02180570	0.02132100	0.00048471
1843	0.02170570	0.02122220	0.00048347
1844	0.02164890	0.02116740	0.00048146
1845	0.02164180	0.02116160	0.00048016
1846	0.02168300	0.02120480	0.00047816
1847	0.02177290	0.02129590	0.00047695
1848	0.02190680	0.02143170	0.00047512
1849	0.02208180	0.02160760	0.00047412
1850	0.02228970	0.02181720	0.00047252
1851	0.02252320	0.02205140	0.00047175
1852	0.02277210	0.02230170	0.00047040
1853	0.02303070	0.02256080	0.00046989
1854	0.02328740	0.02281860	0.00046880
1855	0.02353420	0.02306570	0.00046851
1856	0.02375860	0.02329100	0.00046759
1857	0.02395440	0.02348700	0.00046744
1858	0.02411470	0.02364810	0.00046666
1859	0.02423740	0.02377080	0.00046666
1860	0.02431450	0.02384840	0.00046604
1861	0.02434520	0.02387900	0.00046621
1862	0.02432780	0.02386210	0.00046578
1863	0.02426580	0.02379970	0.00046617
1864	0.02416310	0.02369720	0.00046592
1865	0.02403100	0.02356460	0.00046643
1866	0.02387750	0.02341120	0.00046625
1867	0.02371380	0.02324700	0.00046682
1868	0.02354340	0.02307670	0.00046669
1869	0.02336980	0.02290250	0.00046731
1870	0.02319180	0.02272450	0.00046723
1871	0.02300920	0.02254130	0.00046789
1872	0.02281830	0.02235040	0.00046783
1873	0.02262050	0.02215210	0.00046847
1874	0.02241390	0.02194560	0.00046833
1875	0.02219860	0.02172980	0.00046880
1876	0.02197390	0.02150550	0.00046840
1877	0.02174270	0.02127410	0.00046857
1878	0.02150780	0.02103990	0.00046785
1879	0.02127630	0.02080860	0.00046771
1880	0.02105090	0.02058420	0.00046670
1881	0.02083430	0.02036800	0.00046629
1882	0.02062760	0.02016260	0.00046506
1883	0.02043550	0.01997100	0.00046447
1884	0.02026000	0.01979690	0.00046311
1885	0.02010760	0.01964510	0.00046245
1886	0.01998160	0.01952050	0.00046106
1887	0.01988690	0.01942650	0.00046038
1888	0.01982560	0.01936660	0.00045900
1889	0.01980250	0.01934410	0.00045836
1890	0.01981920	0.01936210	0.00045704
1891	0.01987500	0.01941850	0.00045649
1892	0.01997100	0.01951570	0.00045528
1893	0.02010920	0.01965440	0.00045486
1894	0.02028760	0.01983370	0.00045386
1895	0.02050200	0.02004830	0.00045370
1896	0.02074590	0.02029290	0.00045301
1897	0.02101690	0.02056380	0.00045316
1898	0.02130620	0.02085340	0.00045275
1899	0.02160790	0.02115470	0.00045318
1900	0.02190920	0.02145620	0.00045301
1901	0.02220320	0.02174950	0.00045366
1902	0.02248280	0.02202910	0.00045371
1903	0.02274200	0.02228740	0.00045458
1904	0.02297580	0.02252090	0.00045485
1905	0.02318220	0.02272620	0.00045592
1906	0.02335030	0.02289390	0.00045637
1907	0.02347400	0.02301640	0.00045760
1908	0.02355070	0.02309250	0.00045820
1909	0.02358240	0.02312290	0.00045955
1910	0.02357180	0.02311160	0.00046019
1911	0.02352930	0.02306770	0.00046154
1912	0.02346720	0.02300500	0.00046221
1913	0.02339990	0.02293630	0.00046362
1914	0.02333780	0.02287350	0.00046437
1915	0.02328610	0.02282030	0.00046581
1916	0.02324810	0.02278160	0.00046650
1917	0.02322880	0.02276100	0.00046781
1918	0.02322650	0.02275820	0.00046831
1919	0.02324070	0.02277140	0.00046935
1920	0.02326880	0.02279930	0.00046949
1921	0.02330990	0.02283970	0.00047016
1922	0.02335780	0.02288790	0.00046995
1923	0.02340780	0.02293750	0.00047029
1924	0.02345030	0.02298050	0.00046976
1925	0.02347750	0.02300770	0.00046980
1926	0.02348360	0.02301460	0.00046904
1927	0.02346770	0.02299870	0.00046892
1928	0.02342560	0.02295750	0.00046806
1929	0.02336000	0.02289210	0.00046790
1930	0.02327370	0.02280660	0.00046702
1931	0.02317280	0.02270590	0.00046688
1932	0.02306360	0.02259760	0.00046601
1933	0.02295300	0.02248720	0.00046587
1934	0.02284610	0.02238110	0.00046498
1935	0.02274760	0.02228280	0.00046481
1936	0.02265830	0.02219440	0.00046390
1937	0.02258140	0.02211770	0.00046370
1938	0.02251620	0.02205340	0.00046277
1939	0.02246390	0.02200130	0.00046258
1940	0.02242420	0.02196250	0.00046169
1941	0.02239970	0.02193810	0.00046157
1942	0.02239080	0.02193000	0.00046078
1943	0.02239910	0.02193830	0.00046077
1944	0.02242200	0.02196190	0.00046008
1945	0.02246040	0.02200020	0.00046019
1946	0.02251030	0.02205070	0.00045961
1947	0.02256970	0.02210990	0.00045979
1948	0.02263150	0.02217230	0.00045926
1949	0.02269490	0.02223540	0.00045950
1950	0.02275280	0.02229380	0.00045900
1951	0.02280340	0.02234410	0.00045925
1952	0.02284070	0.02238200	0.00045877
1953	0.02286410	0.02240500	0.00045903
1954	0.02287010	0.02241160	0.00045856
1955	0.02285950	0.02240070	0.00045881
1956	0.02282980	0.02237150	0.00045833
1957	0.02278380	0.02232520	0.00045858
1958	0.02272350	0.02226540	0.00045812
1959	0.02265390	0.02219550	0.00045841
1960	0.02257720	0.02211920	0.00045798
1961	0.02249870	0.02204040	0.00045831
1962	0.02242000	0.02196210	0.00045795
1963	0.02234650	0.02188810	0.00045837
1964	0.02227950	0.02182130	0.00045810
1965	0.02222360	0.02176500	0.00045862
1966	0.02217980	0.02172140	0.00045844
1967	0.02215210	0.02169300	0.00045905
1968	0.02213960	0.02168070	0.00045895
1969	0.02214390	0.02168430	0.00045961
1970	0.02216210	0.02170260	0.00045955
1971	0.02219410	0.02173390	0.00046023
1972	0.02223620	0.02177610	0.00046017
1973	0.02228720	0.02182640	0.00046083
1974	0.02234240	0.02188170	0.00046072
1975	0.02240090	0.02193950	0.00046132
1976	0.02245830	0.02199720	0.00046116
1977	0.02251280	0.02205110	0.00046170
1978	0.02256090	0.02209950	0.00046148
1979	0.02260170	0.02213970	0.00046196
1980	0.02263170	0.02217010	0.00046167
1981	0.02265150	0.02218940	0.00046208
1982	0.02266020	0.02219850	0.00046174
1983	0.02266000	0.02219800	0.00046209
1984	0.02264960	0.02218790	0.00046169
1985	0.02263120	0.02216920	0.00046198
1986	0.02260460	0.02214310	0.00046152
1987	0.02257260	0.02211090	0.00046174
1988	0.02253510	0.02207390	0.00046119
1989	0.02249620	0.02203490	0.00046133
1990	0.02245570	0.02199500	0.00046071
1991	0.02241620	0.02195550	0.00046076
1992	0.02237600	0.02191590	0.00046005
1993	0.02233760	0.02187760	0.00046001
1994	0.02229890	0.02183970	0.00045922
1995	0.02226170	0.02180260	0.00045911
1996	0.02222370	0.02176550	0.00045825
1997	0.02218710	0.02172900	0.00045805
1998	0.02215050	0.02169350	0.00045706
1999	0.02211670	0.02166000	0.00045672
2000	0.02208450	0.02162890	0.00045564
2001	0.02205560	0.02160040	0.00045521
2002	0.02202840	0.02157440	0.00045401
2003	0.02200490	0.02155140	0.00045345
2004	0.02198310	0.02153100	0.00045212
2005	0.02196570	0.02151420	0.00045149
2006	0.02195040	0.02150030	0.00045011
2007	0.02193790	0.02148850	0.00044940
2008	0.02192590	0.02147800	0.00044796
2009	0.02191580	0.02146860	0.00044721
2010	0.02190620	0.02146050	0.00044574
2011	0.02189940	0.02145430	0.00044500
2012	0.02189430	0.02145070	0.00044359
2013	0.02189280	0.02144990	0.00044298
2014	0.02189350	0.02145180	0.00044174
2015	0.02189760	0.02145630	0.00044131
2016	0.02190270	0.02146240	0.00044025
2017	0.02190910	0.02146910	0.00044001
2018	0.02191520	0.02147600	0.00043917
2019	0.02192230	0.02148310	0.00043919
2020	0.02192820	0.02148960	0.00043864
2021	0.02193550	0.02149650	0.00043899
2022	0.02194320	0.02150440	0.00043881
2023	0.02195320	0.02151360	0.00043958
2024	0.02196410	0.02152430	0.00043982
2025	0.02197780	0.02153690	0.00044092
2026	0.02199380	0.02155240	0.00044144
2027	0.02201320	0.02157040	0.00044283
2028	0.02203420	0.02159060	0.00044357
2029	0.02205760	0.02161240	0.00044514
2030	0.02208320	0.02163720	0.00044600
2031	0.02211120	0.02166360	0.00044763
2032	0.02214020	0.02169170	0.00044844
2033	0.02217030	0.02172040	0.00044988
2034	0.02220080	0.02175030	0.00045041
2035	0.02223270	0.02178110	0.00045161
2036	0.02226530	0.02181320	0.00045204
2037	0.02229930	0.02184610	0.00045320
2038	0.02233520	0.02188160	0.00045361
2039	0.02237520	0.02192050	0.00045473
2040	0.02241820	0.02196300	0.00045513
2041	0.02246490	0.02200860	0.00045627
2042	0.02251250	0.02205580	0.00045671
2043	0.02256280	0.02210490	0.00045788
2044	0.02261480	0.02215650	0.00045837
2045	0.02267060	0.02221110	0.00045959
2046	0.02272940	0.02226930	0.00046012
2047	0.02279310	0.02233170	0.00046137
2048	0.02286130	0.02239940	0.00046193
2049	0.02293740	0.02247420	0.00046319
2050	0.02302000	0.02255620	0.00046376
2051	0.02311050	0.02264550	0.00046506
2052	0.02320750	0.02274180	0.00046572
2053	0.02331130	0.02284410	0.00046716
2054	0.02341910	0.02295120	0.00046794
2055	0.02353200	0.02306250	0.00046949
2056	0.02364710	0.02317670	0.00047036
2057	0.02376480	0.02329280	0.00047199
2058	0.02388280	0.02340990	0.00047296
2059	0.02400150	0.02352690	0.00047469
2060	0.02411790	0.02364210	0.00047577
2061	0.02423010	0.02375250	0.00047763
2062	0.02433450	0.02385570	0.00047883
2063	0.02442970	0.02394890	0.00048079
2064	0.02451160	0.02402950	0.00048205
2065	0.02457850	0.02409450	0.00048400
2066	0.02462440	0.02413920	0.00048518
2067	0.02464610	0.02415910	0.00048697
2068	0.02463970	0.02415180	0.00048791
2069	0.02460560	0.02411620	0.00048943
2070	0.02454520	0.02405510	0.00049007
2071	0.02446360	0.02397240	0.00049123
2072	0.02436280	0.02387140	0.00049146
2073	0.02424610	0.02375380	0.00049221
2074	0.02411340	0.02362130	0.00049203
2075	0.02396830	0.02347590	0.00049240
2076	0.02381030	0.02331840	0.00049187
2077	0.02364270	0.02315090	0.00049189
2078	0.02346690	0.02297580	0.00049104
2079	0.02328510	0.02279440	0.00049078
2080	0.02309660	0.02260690	0.00048966
2081	0.02290430	0.02241520	0.00048917
2082	0.02270820	0.02222030	0.00048784
2083	0.02251030	0.02202310	0.00048716
2084	0.02230740	0.02182170	0.00048569
2085	0.02209910	0.02161420	0.00048489
2086	0.02188360	0.02140030	0.00048331
2087	0.02166210	0.02117970	0.00048242
2088	0.02143490	0.02095420	0.00048075
2089	0.02120600	0.02072620	0.00047977
2090	0.02097980	0.02050170	0.00047800
2091	0.02076200	0.02028510	0.00047693
2092	0.02056220	0.02008720	0.00047505
2093	0.02038770	0.01991390	0.00047386
2094	0.02024520	0.01977330	0.00047191
2095	0.02014540	0.01967470	0.00047072
2096	0.02009250	0.01962360	0.00046887
2097	0.02008820	0.01962030	0.00046786
2098	0.02013330	0.01966710	0.00046626
2099	0.02022990	0.01976430	0.00046556
2100	0.02037410	0.01990990	0.00046428
2101	0.02056570	0.02010180	0.00046391
2102	0.02080130	0.02033830	0.00046303
2103	0.02107410	0.02061110	0.00046305
2104	0.02137390	0.02091140	0.00046247
2105	0.02169280	0.02123000	0.00046272
2106	0.02202010	0.02155780	0.00046232
2107	0.02234850	0.02188580	0.00046272
2108	0.02266380	0.02220140	0.00046246
2109	0.02295530	0.02249230	0.00046298
2110	0.02321050	0.02274760	0.00046287
2111	0.02342340	0.02295990	0.00046357
2112	0.02358460	0.02312100	0.00046364
2113	0.02369150	0.02322700	0.00046451
2114	0.02374030	0.02327550	0.00046475
2115	0.02372910	0.02326330	0.00046576
2116	0.02366100	0.02319490	0.00046608
2117	0.02354090	0.02307370	0.00046711
2118	0.02337250	0.02290510	0.00046739
2119	0.02316530	0.02269700	0.00046833
2120	0.02292680	0.02245830	0.00046852
2121	0.02266490	0.02219550	0.00046935
2122	0.02238450	0.02191520	0.00046932
2123	0.02209220	0.02162230	0.00046988
2124	0.02178890	0.02131930	0.00046958
2125	0.02147790	0.02100810	0.00046983
2126	0.02116450	0.02069530	0.00046914
2127	0.02085790	0.02038900	0.00046895
2128	0.02056840	0.02010060	0.00046776
2129	0.02030250	0.01983550	0.00046706
2130	0.02006560	0.01960020	0.00046543
2131	0.01986000	0.01939560	0.00046442
2132	0.01968690	0.01922440	0.00046254
2133	0.01954720	0.01908590	0.00046136
2134	0.01943860	0.01897920	0.00045943
2135	0.01936200	0.01890380	0.00045826
2136	0.01932020	0.01886380	0.00045648
2137	0.01931530	0.01885970	0.00045555
2138	0.01934530	0.01889130	0.00045403
2139	0.01940740	0.01895410	0.00045334
2140	0.01949820	0.01904620	0.00045200
2141	0.01961740	0.01916590	0.00045145
2142	0.01976540	0.01931510	0.00045023
2143	0.01994460	0.01949490	0.00044972
2144	0.02015200	0.01970350	0.00044849
2145	0.02038590	0.01993790	0.00044802
2146	0.02064020	0.02019330	0.00044692
2147	0.02091390	0.02046720	0.00044671
2148	0.02120280	0.02075680	0.00044595
2149	0.02150450	0.02105840	0.00044609
2150	0.02181260	0.02136700	0.00044565
2151	0.02212390	0.02167780	0.00044605
2152	0.02243040	0.02198460	0.00044580
2153	0.02272720	0.02228080	0.00044631
2154	0.02300550	0.02255940	0.00044612
2155	0.02326020	0.02281350	0.00044665
2156	0.02348290	0.02303640	0.00044643
2157	0.02366880	0.02322170	0.00044703
2158	0.02381090	0.02336380	0.00044707
2159	0.02390740	0.02345920	0.00044812
2160	0.02395600	0.02350740	0.00044859
2161	0.02396220	0.02351230	0.00044991
2162	0.02393210	0.02348160	0.00045050
2163	0.02387930	0.02342740	0.00045184
2164	0.02381200	0.02335950	0.00045250
2165	0.02374230	0.02328840	0.00045399
2166	0.02367640	0.02322160	0.00045479
2167	0.02362250	0.02316600	0.00045650
2168	0.02358050	0.02312290	0.00045764
2169	0.02355130	0.02309150	0.00045978
2170	0.02353280	0.02307150	0.00046134
2171	0.02352340	0.02305960	0.00046383
2172	0.02352090	0.02305520	0.00046572
2173	0.02351990	0.02305140	0.00046843
2174	0.02351610	0.02304570	0.00047037
2175	0.02350850	0.02303560	0.00047295
2176	0.02349550	0.02302100	0.00047451
2177	0.02347910	0.02300260	0.00047651
2178	0.02346020	0.02298280	0.00047740
2179	0.02344410	0.02296540	0.00047867
2180	0.02343330	0.02295450	0.00047885
2181	0.02342950	0.02294990	0.00047954
2182	0.02343150	0.02295220	0.00047933
2183	0.02343970	0.02296000	0.00047973
2184	0.02345220	0.02297300	0.00047923
2185	0.02346700	0.02298770	0.00047930
2186	0.02347940	0.02300090	0.00047852
2187	0.02348760	0.02300910	0.00047851
2188	0.02348890	0.02301100	0.00047782
2189	0.02348230	0.02300440	0.00047789
2190	0.02346700	0.02298980	0.00047715
2191	0.02344400	0.02296690	0.00047708
2192	0.02341270	0.02293650	0.00047624
2193	0.02337480	0.02289860	0.00047619
2194	0.02332990	0.02285440	0.00047550
2195	0.02327980	0.02280420	0.00047559
2196	0.02322110	0.02274620	0.00047493
2197	0.02315550	0.02268050	0.00047494
2198	0.02308270	0.02260850	0.00047418
2199	0.02300610	0.02253200	0.00047415
2200	0.02292610	0.02245280	0.00047337
2201	0.02284620	0.02237300	0.00047328
2202	0.02276670	0.02229440	0.00047235
2203	0.02269010	0.02221800	0.00047201
2204	0.02261560	0.02214470	0.00047083
2205	0.02254640	0.02207610	0.00047030
2206	0.02248240	0.02201340	0.00046897
2207	0.02242860	0.02196020	0.00046834
2208	0.02238570	0.02191880	0.00046692
2209	0.02235850	0.02189230	0.00046621
2210	0.02234560	0.02188090	0.00046477
2211	0.02234990	0.02188570	0.00046413
2212	0.02236820	0.02190540	0.00046283
2213	0.02240170	0.02193930	0.00046237
2214	0.02244620	0.02198490	0.00046124
2215	0.02250070	0.02203980	0.00046089
2216	0.02255960	0.02209970	0.00045986
2217	0.02262140	0.02216180	0.00045959
2218	0.02268100	0.02222240	0.00045862
2219	0.02273860	0.02228020	0.00045839
2220	0.02278970	0.02233230	0.00045739
2221	0.02283480	0.02237770	0.00045709
2222	0.02287010	0.02241410	0.00045603
2223	0.02289670	0.02244100	0.00045568
2224	0.02291180	0.02245720	0.00045461
2225	0.02291760	0.02246340	0.00045426
2226	0.02291340	0.02246020	0.00045320
2227	0.02290250	0.02244960	0.00045289
2228	0.02288430	0.02243240	0.00045192
2229	0.02286260	0.02241080	0.00045173
2230	0.02283760	0.02238670	0.00045090
2231	0.02281290	0.02236200	0.00045088
2232	0.02278830	0.02233810	0.00045021
2233	0.02276650	0.02231610	0.00045033
2234	0.02274640	0.02229660	0.00044980
2235	0.02273000	0.02227990	0.00045007
2236	0.02271640	0.02226670	0.00044971
2237	0.02270660	0.02225640	0.00045018
2238	0.02270000	0.02225000	0.00045000
2239	0.02269780	0.02224720	0.00045059
2240	0.02269750	0.02224700	0.00045047
2241	0.02269870	0.02224760	0.00045110
2242	0.02270010	0.02224910	0.00045102
2243	0.02270210	0.02225040	0.00045167
2244	0.02270350	0.02225190	0.00045160
2245	0.02270470	0.02225250	0.00045225
2246	0.02270410	0.02225190	0.00045216
2247	0.02270120	0.02224840	0.00045277
2248	0.02269440	0.02224170	0.00045265
2249	0.02268430	0.02223110	0.00045324
2250	0.02267030	0.02221720	0.00045308
2251	0.02265320	0.02219960	0.00045362
2252	0.02263180	0.02217840	0.00045341
2253	0.02260730	0.02215340	0.00045388
2254	0.02257900	0.02212540	0.00045359
2255	0.02254970	0.02209570	0.00045396
2256	0.02251920	0.02206570	0.00045356
2257	0.02249050	0.02203670	0.00045380
2258	0.02246320	0.02200990	0.00045324
2259	0.02244050	0.02198720	0.00045332
2260	0.02242230	0.02196970	0.00045262
2261	0.02241160	0.02195900	0.00045257
2262	0.02240660	0.02195480	0.00045174
2263	0.02240880	0.02195720	0.00045158
2264	0.02241680	0.02196610	0.00045069
2265	0.02242940	0.02197890	0.00045049
2266	0.02244470	0.02199510	0.00044954
2267	0.02246260	0.02201340	0.00044928
2268	0.02248060	0.02203230	0.00044830
2269	0.02249820	0.02205010	0.00044807
2270	0.02251320	0.02206600	0.00044718
2271	0.02252570	0.02207870	0.00044706
2272	0.02253270	0.02208640	0.00044628
2273	0.02253490	0.02208860	0.00044627
2274	0.02253080	0.02208520	0.00044563
2275	0.02252320	0.02207740	0.00044581
2276	0.02251160	0.02206630	0.00044533
2277	0.02249940	0.02205370	0.00044564
2278	0.02248830	0.02204300	0.00044531
2279	0.02248300	0.02203730	0.00044578
2280	0.02248570	0.02204010	0.00044563
2281	0.02250080	0.02205450	0.00044627
2282	0.02252850	0.02208220	0.00044626
2283	0.02257120	0.02212420	0.00044705
2284	0.02262720	0.02218000	0.00044720
2285	0.02269820	0.02225000	0.00044817
2286	0.02278120	0.02233270	0.00044849
2287	0.02287680	0.02242720	0.00044962
2288	0.02298140	0.02253130	0.00045010
2289	0.02309480	0.02264340	0.00045139
2290	0.02321180	0.02275970	0.00045201
2291	0.02332970	0.02287620	0.00045344
2292	0.02344280	0.02298860	0.00045419
2293	0.02354890	0.02309310	0.00045574
2294	0.02364190	0.02318520	0.00045661
2295	0.02372010	0.02326180	0.00045826
2296	0.02378040	0.02332120	0.00045921
2297	0.02382190	0.02336100	0.00046091
2298	0.02384220	0.02338040	0.00046187
2299	0.02384220	0.02337870	0.00046355
2300	0.02382120	0.02335680	0.00046447
2301	0.02378160	0.02331560	0.00046606
2302	0.02372500	0.02325810	0.00046686
2303	0.02365490	0.02318660	0.00046830
2304	0.02357240	0.02310350	0.00046894
2305	0.02348180	0.02301160	0.00047019
2306	0.02338430	0.02291370	0.00047063
2307	0.02328440	0.02281280	0.00047167
2308	0.02318300	0.02271110	0.00047186
2309	0.02308490	0.02261230	0.00047264
2310	0.02299080	0.02251830	0.00047257
2311	0.02290400	0.02243090	0.00047310
2312	0.02282380	0.02235110	0.00047279
2313	0.02275220	0.02227910	0.00047312
2314	0.02268870	0.02221610	0.00047264
2315	0.02263440	0.02216160	0.00047282
2316	0.02258780	0.02211560	0.00047223
2317	0.02255130	0.02207900	0.00047233
2318	0.02252340	0.02205170	0.00047171
2319	0.02250410	0.02203230	0.00047181
2320	0.02249140	0.02202010	0.00047123
2321	0.02248460	0.02201320	0.00047141
2322	0.02248150	0.02201060	0.00047092
2323	0.02248260	0.02201140	0.00047123
2324	0.02248660	0.02201570	0.00047092
2325	0.02249440	0.02202300	0.00047142
2326	0.02250310	0.02203190	0.00047129
2327	0.02251260	0.02204060	0.00047193
2328	0.02252100	0.02204910	0.00047190
2329	0.02252910	0.02205650	0.00047262
2330	0.02253360	0.02206100	0.00047264
2331	0.02253480	0.02206140	0.00047339
2332	0.02253010	0.02205670	0.00047339
2333	0.02252030	0.02204620	0.00047408
2334	0.02250240	0.02202840	0.00047400
2335	0.02247890	0.02200430	0.00047455
2336	0.02244870	0.02197430	0.00047431
2337	0.02241460	0.02193990	0.00047469
2338	0.02237600	0.02190170	0.00047427
2339	0.02233600	0.02186150	0.00047450
2340	0.02229440	0.02182050	0.00047397
2341	0.02225410	0.02177990	0.00047415
2342	0.02221380	0.02174020	0.00047361
2343	0.02217570	0.02170190	0.00047379
2344	0.02213860	0.02166530	0.00047327
2345	0.02210450	0.02163100	0.00047349
2346	0.02207200	0.02159900	0.00047303
2347	0.02204290	0.02156960	0.00047332
2348	0.02201590	0.02154300	0.00047291
2349	0.02199250	0.02151930	0.00047322
2350	0.02197200	0.02149920	0.00047281
2351	0.02195490	0.02148170	0.00047312
2352	0.02193810	0.02146540	0.00047271
2353	0.02192230	0.02144930	0.00047300
2354	0.02190530	0.02143270	0.00047255
2355	0.02188720	0.02141440	0.00047279
2356	0.02186580	0.02139350	0.00047227
2357	0.02184180	0.02136940	0.00047245
2358	0.02181280	0.02134090	0.00047188
2359	0.02177920	0.02130720	0.00047201
2360	0.02173890	0.02126750	0.00047139
2361	0.02169250	0.02122100	0.00047147
2362	0.02163790	0.02116710	0.00047080
2363	0.02157620	0.02110540	0.00047081
2364	0.02150520	0.02103510	0.00047006
2365	0.02142600	0.02095600	0.00046998
2366	0.02133630	0.02086710	0.00046913
2367	0.02123780	0.02076880	0.00046895
2368	0.02113060	0.02066260	0.00046799
2369	0.02101850	0.02055080	0.00046770
2370	0.02090270	0.02043600	0.00046665
2371	0.02078840	0.02032210	0.00046628
2372	0.02067810	0.02021290	0.00046514
2373	0.02057750	0.02011280	0.00046467
2374	0.02048980	0.02002640	0.00046344
2375	0.02041970	0.01995680	0.00046289
2376	0.02036880	0.01990720	0.00046163
2377	0.02034040	0.01987930	0.00046108
2378	0.02033550	0.01987560	0.00045985
2379	0.02035710	0.01989780	0.00045939
2380	0.02040360	0.01994540	0.00045827
2381	0.02047700	0.02001910	0.00045794
2382	0.02057410	0.02011710	0.00045699
2383	0.02069290	0.02023610	0.00045686
2384	0.02082970	0.02037360	0.00045610
2385	0.02098310	0.02052690	0.00045615
2386	0.02114910	0.02069350	0.00045560
2387	0.02132520	0.02086940	0.00045587
2388	0.02150290	0.02104730	0.00045553
2389	0.02167450	0.02121860	0.00045598
2390	0.02182920	0.02137340	0.00045578
2391	0.02196230	0.02150600	0.00045630
2392	0.02206310	0.02160700	0.00045611
2393	0.02213040	0.02167380	0.00045660
2394	0.02215970	0.02170330	0.00045635
2395	0.02215460	0.02169780	0.00045679
2396	0.02211560	0.02165910	0.00045647
2397	0.02204710	0.02159030	0.00045682
2398	0.02194950	0.02149310	0.00045640
2399	0.02182940	0.02137280	0.00045665
2400	0.02168940	0.02123320	0.00045611
2401	0.02153870	0.02108250	0.00045624
2402	0.02138100	0.02092540	0.00045561
2403	0.02122460	0.02076890	0.00045566
2404	0.02107430	0.02061930	0.00045495
2405	0.02093920	0.02048430	0.00045494
2406	0.02082340	0.02036920	0.00045420
2407	0.02073550	0.02028130	0.00045420
2408	0.02067780	0.02022430	0.00045350
2409	0.02065520	0.02020170	0.00045354
2410	0.02066900	0.02021610	0.00045287
2411	0.02072190	0.02026890	0.00045297
2412	0.02081190	0.02035950	0.00045238
2413	0.02093740	0.02048480	0.00045258
2414	0.02109260	0.02064050	0.00045211
2415	0.02127120	0.02081880	0.00045243
2416	0.02146350	0.02101140	0.00045207
2417	0.02166050	0.02120810	0.00045247
2418	0.02185600	0.02140380	0.00045216
2419	0.02204640	0.02159380	0.00045259
2420	0.02222490	0.02177260	0.00045232
2421	0.02238870	0.02193590	0.00045284
2422	0.02253080	0.02207820	0.00045267
2423	0.02265100	0.02219770	0.00045329
2424	0.02274540	0.02229220	0.00045322
2425	0.02281510	0.02236110	0.00045396
2426	0.02285760	0.02240360	0.00045402
2427	0.02287560	0.02242080	0.00045487
2428	0.02286750	0.02241250	0.00045503
2429	0.02283710	0.02238110	0.00045599
2430	0.02278420	0.02232800	0.00045623
2431	0.02271380	0.02225650	0.00045724
2432	0.02262680	0.02216930	0.00045749
2433	0.02253060	0.02207210	0.00045848
2434	0.02243040	0.02197170	0.00045871
2435	0.02233400	0.02187430	0.00045964
2436	0.02224640	0.02178660	0.00045980
2437	0.02217380	0.02171320	0.00046062
2438	0.02211870	0.02165810	0.00046061
2439	0.02208580	0.02162460	0.00046119
2440	0.02207670	0.02161580	0.00046093
2441	0.02209330	0.02163200	0.00046128
2442	0.02213430	0.02167350	0.00046081
2443	0.02220020	0.02173920	0.00046099
2444	0.02228960	0.02182920	0.00046041
2445	0.02239960	0.02193900	0.00046056
2446	0.02252430	0.02206420	0.00046005
2447	0.02265880	0.02219850	0.00046031
2448	0.02279570	0.02233580	0.00045993
2449	0.02293100	0.02247070	0.00046035
2450	0.02305730	0.02259710	0.00046018
2451	0.02316990	0.02270910	0.00046081
2452	0.02326170	0.02280090	0.00046082
2453	0.02332870	0.02286710	0.00046159
2454	0.02336760	0.02290590	0.00046171
2455	0.02337880	0.02291620	0.00046257
2456	0.02336180	0.02289910	0.00046274
2457	0.02332050	0.02285690	0.00046361
2458	0.02325630	0.02279250	0.00046374
2459	0.02317500	0.02271050	0.00046455
2460	0.02308020	0.02261570	0.00046459
2461	0.02297980	0.02251460	0.00046526
2462	0.02287790	0.02241280	0.00046510
2463	0.02278260	0.02231710	0.00046554
2464	0.02269810	0.02223300	0.00046511
2465	0.02263180	0.02216650	0.00046524
2466	0.02258690	0.02212240	0.00046452
2467	0.02256690	0.02210250	0.00046438
2468	0.02257050	0.02210710	0.00046343
2469	0.02259960	0.02213640	0.00046312
2470	0.02265070	0.02218870	0.00046205
2471	0.02272290	0.02226120	0.00046172
2472	0.02281080	0.02235010	0.00046072
2473	0.02291220	0.02245170	0.00046050
2474	0.02301890	0.02255920	0.00045967
2475	0.02312630	0.02266670	0.00045965
2476	0.02322670	0.02276770	0.00045901
2477	0.02331570	0.02285650	0.00045917
2478	0.02338510	0.02292630	0.00045871
2479	0.02343380	0.02297480	0.00045903
2480	0.02345760	0.02299900	0.00045868
2481	0.02345910	0.02300000	0.00045908
2482	0.02343640	0.02297760	0.00045877
2483	0.02339250	0.02293330	0.00045915
2484	0.02332940	0.02287070	0.00045876
2485	0.02325250	0.02279350	0.00045902
2486	0.02316320	0.02270470	0.00045847
2487	0.02306790	0.02260940	0.00045853
2488	0.02296850	0.02251080	0.00045774
2489	0.02287040	0.02241290	0.00045753
2490	0.02277450	0.02231810	0.00045644
2491	0.02268490	0.02222890	0.00045592
2492	0.02260180	0.02214720	0.00045454
2493	0.02252770	0.02207390	0.00045375
2494	0.02246000	0.02200780	0.00045214
2495	0.02239910	0.02194790	0.00045116
2496	0.02234230	0.02189290	0.00044939
2497	0.02229130	0.02184300	0.00044831
2498	0.02224300	0.02179660	0.00044649
2499	0.02219830	0.02175290	0.00044543
2500	0.02215570	0.02171200	0.00044370
