Time	Cd Total	Cd Pressure	Cd Viscous
1	0.16771700	0.16178500	0.00593183
2	0.22640900	0.21906300	0.00734663
3	0.28464000	0.27575400	0.00888535
4	0.31142400	0.30110600	0.01031840
5	0.29412700	0.28258900	0.01153830
6	0.24031600	0.22788000	0.01243610
7	0.17132300	0.15829100	0.01303170
8	0.11124600	0.09788170	0.01336380
9	0.07725780	0.06376480	0.01349310
10	0.07551160	0.06205130	0.01346030
11	0.10095200	0.08764910	0.01330280
12	0.14107100	0.12803800	0.01303230
13	0.18190500	0.16921700	0.01268810
14	0.21211400	0.19981600	0.01229810
15	0.22629300	0.21440500	0.01188800
16	0.22473100	0.21325200	0.01147960
17	0.21226700	0.20118200	0.01108510
18	0.19568700	0.18497200	0.01071480
19	0.18120400	0.17082800	0.01037600
20	0.17281900	0.16274500	0.01007440
21	0.17164400	0.16183300	0.00981132
22	0.17643300	0.16684700	0.00958583
23	0.18449900	0.17510300	0.00939615
24	0.19288500	0.18365000	0.00923454
25	0.19938700	0.19029100	0.00909635
26	0.20289800	0.19392100	0.00897693
27	0.20344900	0.19457800	0.00887109
28	0.20188900	0.19311200	0.00877723
29	0.19937000	0.19067600	0.00869383
30	0.19709500	0.18847400	0.00862134
31	0.19582300	0.18726300	0.00856030
32	0.19586500	0.18735700	0.00850841
33	0.19707300	0.18860800	0.00846522
34	0.19905000	0.19062200	0.00842823
35	0.20133500	0.19294000	0.00839505
36	0.20347000	0.19510700	0.00836345
37	0.20522900	0.19689600	0.00833278
38	0.20656400	0.19826300	0.00830120
39	0.20757700	0.19930800	0.00826926
40	0.20848400	0.20024800	0.00823627
41	0.20945100	0.20125000	0.00820144
42	0.21058900	0.20242700	0.00816213
43	0.21199300	0.20387400	0.00811836
44	0.21377400	0.20570400	0.00806968
45	0.21595400	0.20793900	0.00801504
46	0.21845300	0.21049600	0.00795701
47	0.22117700	0.21328100	0.00789655
48	0.22406100	0.21622700	0.00783475
49	0.22710800	0.21933600	0.00777257
50	0.23029800	0.22258800	0.00771020
51	0.23362500	0.22597800	0.00764686
52	0.23709700	0.22951400	0.00758228
53	0.24065800	0.23314100	0.00751719
54	0.24424000	0.23678700	0.00745257
55	0.24778400	0.24039400	0.00738932
56	0.25130300	0.24397300	0.00732925
57	0.25476000	0.24748800	0.00727238
58	0.25814400	0.25092500	0.00721854
59	0.26141200	0.25424300	0.00716926
60	0.26459500	0.25747200	0.00712312
61	0.26776800	0.26069000	0.00707803
62	0.27101700	0.26398300	0.00703397
63	0.27432000	0.26733000	0.00698984
64	0.27774500	0.27080200	0.00694320
65	0.28128800	0.27439500	0.00689267
66	0.28498500	0.27814800	0.00683678
67	0.28879400	0.28202200	0.00677191
68	0.29274300	0.28604500	0.00669800
69	0.29685500	0.29024100	0.00661451
70	0.30105000	0.29452800	0.00652137
71	0.30520100	0.29878000	0.00642065
72	0.30916500	0.30284900	0.00631632
73	0.31277100	0.30656100	0.00621013
74	0.31590300	0.30980000	0.00610381
75	0.31862500	0.31262800	0.00599730
76	0.32098600	0.31509500	0.00589106
77	0.32307300	0.31728600	0.00578715
78	0.32494700	0.31926000	0.00568674
79	0.32665500	0.32106500	0.00558961
80	0.32822700	0.32273100	0.00549550
81	0.32971500	0.32431000	0.00540528
82	0.33115700	0.32583800	0.00531902
83	0.33268100	0.32744400	0.00523681
84	0.33438900	0.32923100	0.00515809
85	0.33635900	0.33127600	0.00508275
86	0.33859000	0.33357900	0.00501073
87	0.34110800	0.33616600	0.00494225
88	0.34386500	0.33898700	0.00487781
89	0.34684200	0.34202500	0.00481655
90	0.34999100	0.34523300	0.00475763
91	0.35331000	0.34860900	0.00470025
92	0.35677100	0.35212700	0.00464410
93	0.36042400	0.35583500	0.00458880
94	0.36424700	0.35971300	0.00453466
95	0.36826200	0.36378000	0.00448157
96	0.37244500	0.36801600	0.00442972
97	0.37675000	0.37237000	0.00437956
98	0.38110200	0.37677200	0.00433026
99	0.38537900	0.38109800	0.00428064
100	0.38944000	0.38520900	0.00423038
101	0.39318000	0.38900000	0.00418019
102	0.39654100	0.39241000	0.00413038
103	0.39947400	0.39539200	0.00408180
104	0.40199200	0.39795900	0.00403347
105	0.40411200	0.40012700	0.00398498
106	0.40588700	0.40195100	0.00393685
107	0.40736000	0.40347200	0.00388817
108	0.40858300	0.40474400	0.00383884
109	0.40960100	0.40581100	0.00378952
110	0.41039900	0.40665900	0.00373978
111	0.41098300	0.40729400	0.00368973
112	0.41139100	0.40775000	0.00364157
113	0.41166100	0.40806500	0.00359675
114	0.41182100	0.40826600	0.00355567
115	0.41189900	0.40838100	0.00351841
116	0.41191200	0.40842400	0.00348758
117	0.41192400	0.40846200	0.00346204
118	0.41198600	0.40854400	0.00344136
119	0.41213000	0.40870500	0.00342530
120	0.41236300	0.40894900	0.00341435
121	0.41268500	0.40927600	0.00340876
122	0.41311200	0.40970400	0.00340773
123	0.41369400	0.41028200	0.00341187
124	0.41442000	0.41099900	0.00342149
125	0.41521800	0.41178200	0.00343674
126	0.41595200	0.41249400	0.00345773
127	0.41648000	0.41299600	0.00348416
128	0.41667800	0.41316300	0.00351515
129	0.41645000	0.41290100	0.00354936
130	0.41571300	0.41212800	0.00358593
131	0.41443400	0.41080800	0.00362608
132	0.41259300	0.40892500	0.00366780
133	0.41021300	0.40650500	0.00370749
134	0.40736000	0.40361600	0.00374434
135	0.40412300	0.40034600	0.00377757
136	0.40062900	0.39682200	0.00380648
137	0.39701800	0.39318900	0.00382944
138	0.39341700	0.38957000	0.00384674
139	0.38995100	0.38609200	0.00385904
140	0.38667900	0.38281100	0.00386741
141	0.38365000	0.37977700	0.00387268
142	0.38091400	0.37703900	0.00387538
143	0.37853600	0.37466000	0.00387618
144	0.37652400	0.37264800	0.00387566
145	0.37484900	0.37097500	0.00387431
146	0.37347000	0.36959700	0.00387253
147	0.37232200	0.36845300	0.00386954
148	0.37132200	0.36745700	0.00386479
149	0.37040300	0.36654500	0.00385823
150	0.36950700	0.36565700	0.00384984
151	0.36859700	0.36475700	0.00383959
152	0.36765200	0.36382500	0.00382786
153	0.36670600	0.36289100	0.00381473
154	0.36582600	0.36202600	0.00379979
155	0.36506200	0.36127900	0.00378305
156	0.36445500	0.36069000	0.00376500
157	0.36400900	0.36026400	0.00374551
158	0.36375800	0.36003300	0.00372474
159	0.36373200	0.36002800	0.00370370
160	0.36395700	0.36027400	0.00368295
161	0.36443800	0.36077400	0.00366332
162	0.36516300	0.36151700	0.00364584
163	0.36611300	0.36248200	0.00363116
164	0.36727400	0.36365500	0.00361960
165	0.36858300	0.36497100	0.00361168
166	0.36989400	0.36628700	0.00360679
167	0.37112000	0.36751500	0.00360463
168	0.37219000	0.36858500	0.00360535
169	0.37304700	0.36943900	0.00360870
170	0.37366400	0.37005000	0.00361385
171	0.37404300	0.37042300	0.00362052
172	0.37422400	0.37059600	0.00362779
173	0.37426100	0.37062500	0.00363589
174	0.37421400	0.37057000	0.00364376
175	0.37412000	0.37047000	0.00365057
176	0.37401700	0.37036000	0.00365629
177	0.37391100	0.37025000	0.00366081
178	0.37376300	0.37009800	0.00366465
179	0.37356500	0.36989700	0.00366773
180	0.37328600	0.36961700	0.00366867
181	0.37291800	0.36925000	0.00366718
182	0.37242600	0.36876200	0.00366356
183	0.37182700	0.36817000	0.00365773
184	0.37113200	0.36748200	0.00364990
185	0.37037700	0.36673500	0.00364126
186	0.36961500	0.36598100	0.00363335
187	0.36888700	0.36526000	0.00362683
188	0.36823400	0.36461300	0.00362109
189	0.36769500	0.36407800	0.00361680
190	0.36732400	0.36371000	0.00361410
191	0.36719000	0.36357700	0.00361294
192	0.36732000	0.36370600	0.00361391
193	0.36778500	0.36416900	0.00361652
194	0.36861100	0.36499100	0.00362053
195	0.36979400	0.36616800	0.00362602
196	0.37129400	0.36766100	0.00363312
197	0.37308100	0.36944100	0.00364053
198	0.37512400	0.37147500	0.00364845
199	0.37734700	0.37369100	0.00365631
200	0.37969800	0.37603600	0.00366273
201	0.38207500	0.37840800	0.00366754
202	0.38440700	0.38073600	0.00367077
203	0.38665500	0.38298200	0.00367289
204	0.38874400	0.38507000	0.00367394
205	0.39063300	0.38695900	0.00367393
206	0.39231800	0.38864400	0.00367339
207	0.39380000	0.39012700	0.00367267
208	0.39507800	0.39140500	0.00367244
209	0.39616800	0.39249500	0.00367307
210	0.39707300	0.39339800	0.00367447
211	0.39778500	0.39410800	0.00367633
212	0.39832000	0.39464200	0.00367833
213	0.39869900	0.39501900	0.00368008
214	0.39891600	0.39523500	0.00368074
215	0.39898100	0.39530100	0.00368023
216	0.39889600	0.39521700	0.00367852
217	0.39866600	0.39499000	0.00367617
218	0.39830200	0.39462900	0.00367331
219	0.39782800	0.39415700	0.00367118
220	0.39728100	0.39361100	0.00366997
221	0.39667600	0.39300600	0.00366997
222	0.39602800	0.39235700	0.00367130
223	0.39536200	0.39168800	0.00367395
224	0.39468700	0.39100900	0.00367840
225	0.39399300	0.39030900	0.00368398
226	0.39327900	0.38958800	0.00369068
227	0.39253400	0.38883700	0.00369734
228	0.39175700	0.38805300	0.00370357
229	0.39095100	0.38724300	0.00370851
230	0.39014000	0.38642800	0.00371191
231	0.38935100	0.38563700	0.00371401
232	0.38861700	0.38490200	0.00371448
233	0.38795100	0.38423900	0.00371252
234	0.38736700	0.38365800	0.00370855
235	0.38685900	0.38315700	0.00370161
236	0.38638700	0.38269400	0.00369278
237	0.38591400	0.38223300	0.00368130
238	0.38540000	0.38173200	0.00366832
239	0.38479900	0.38114600	0.00365284
240	0.38407100	0.38043500	0.00363647
241	0.38319200	0.37957300	0.00361912
242	0.38214200	0.37854100	0.00360104
243	0.38094200	0.37735900	0.00358394
244	0.37961000	0.37604200	0.00356768
245	0.37816500	0.37461400	0.00355148
246	0.37662600	0.37309100	0.00353529
247	0.37500800	0.37148800	0.00352025
248	0.37335300	0.36984700	0.00350588
249	0.37171100	0.36821900	0.00349198
250	0.37011400	0.36663500	0.00347881
251	0.36858500	0.36511800	0.00346678
252	0.36713900	0.36368300	0.00345660
253	0.36577000	0.36232200	0.00344850
254	0.36444400	0.36100200	0.00344203
255	0.36317400	0.35973700	0.00343734
256	0.36193100	0.35849600	0.00343456
257	0.36068200	0.35724900	0.00343346
258	0.35942200	0.35598900	0.00343367
259	0.35820200	0.35476700	0.00343453
260	0.35705400	0.35361800	0.00343597
261	0.35602500	0.35258800	0.00343786
262	0.35515200	0.35171100	0.00344124
263	0.35447400	0.35102700	0.00344635
264	0.35401200	0.35055900	0.00345305
265	0.35378900	0.35032800	0.00346074
266	0.35379800	0.35032900	0.00346906
267	0.35400900	0.35053100	0.00347764
268	0.35441200	0.35092600	0.00348640
269	0.35502400	0.35152900	0.00349503
270	0.35584000	0.35233700	0.00350291
271	0.35684900	0.35333900	0.00351016
272	0.35802400	0.35450700	0.00351675
273	0.35930100	0.35577800	0.00352349
274	0.36065700	0.35712600	0.00353055
275	0.36207400	0.35853600	0.00353785
276	0.36347800	0.35993300	0.00354544
277	0.36481600	0.36126200	0.00355360
278	0.36604900	0.36248600	0.00356245
279	0.36716200	0.36359000	0.00357188
280	0.36814100	0.36455900	0.00358195
281	0.36901200	0.36541900	0.00359236
282	0.36978500	0.36618300	0.00360228
283	0.37045800	0.36684700	0.00361109
284	0.37097900	0.36736100	0.00361862
285	0.37133900	0.36771400	0.00362486
286	0.37153100	0.36790100	0.00362995
287	0.37153700	0.36790300	0.00363428
288	0.37137600	0.36773900	0.00363785
289	0.37107800	0.36743700	0.00364167
290	0.37066900	0.36702400	0.00364484
291	0.37020500	0.36655800	0.00364711
292	0.36974700	0.36609900	0.00364815
293	0.36935000	0.36570200	0.00364804
294	0.36907600	0.36542900	0.00364701
295	0.36896700	0.36532100	0.00364534
296	0.36906800	0.36542400	0.00364328
297	0.36939600	0.36575400	0.00364113
298	0.36995000	0.36631100	0.00363903
299	0.37072900	0.36709200	0.00363722
300	0.37169100	0.36805600	0.00363567
301	0.37281500	0.36918000	0.00363468
302	0.37408400	0.37045000	0.00363455
303	0.37542500	0.37178900	0.00363590
304	0.37677000	0.37313100	0.00363916
305	0.37807400	0.37443000	0.00364352
306	0.37930900	0.37566100	0.00364838
307	0.38048600	0.37683400	0.00365280
308	0.38162900	0.37797300	0.00365607
309	0.38277000	0.37911300	0.00365762
310	0.38391200	0.38025400	0.00365733
311	0.38507000	0.38141400	0.00365560
312	0.38619200	0.38254000	0.00365256
313	0.38725200	0.38360300	0.00364868
314	0.38822500	0.38458100	0.00364452
315	0.38910500	0.38546400	0.00364139
316	0.38985400	0.38621400	0.00364021
317	0.39046000	0.38681900	0.00364114
318	0.39092100	0.38727700	0.00364406
319	0.39122600	0.38757700	0.00364919
320	0.39138000	0.38772400	0.00365625
321	0.39143000	0.38776500	0.00366475
322	0.39137500	0.38770100	0.00367398
323	0.39121300	0.38753000	0.00368303
324	0.39092700	0.38723600	0.00369105
325	0.39049000	0.38679300	0.00369716
326	0.38990300	0.38620300	0.00370095
327	0.38918500	0.38548300	0.00370195
328	0.38836100	0.38466000	0.00370055
329	0.38746500	0.38376800	0.00369770
330	0.38652900	0.38283500	0.00369383
331	0.38556700	0.38187800	0.00368862
332	0.38459800	0.38091600	0.00368234
333	0.38363600	0.37996100	0.00367529
334	0.38270700	0.37904000	0.00366774
335	0.38181800	0.37815900	0.00365944
336	0.38099000	0.37734000	0.00365049
337	0.38022900	0.37658800	0.00364126
338	0.37955300	0.37592000	0.00363218
339	0.37898800	0.37536400	0.00362366
340	0.37857400	0.37495800	0.00361584
341	0.37832700	0.37471800	0.00360897
342	0.37824500	0.37464300	0.00360273
343	0.37830400	0.37470700	0.00359660
344	0.37848800	0.37489800	0.00359045
345	0.37875800	0.37517400	0.00358445
346	0.37911600	0.37553800	0.00357833
347	0.37954300	0.37597100	0.00357202
348	0.38006400	0.37649900	0.00356525
349	0.38068500	0.37712700	0.00355826
350	0.38143900	0.37788800	0.00355081
351	0.38236400	0.37882100	0.00354309
352	0.38350800	0.37997300	0.00353496
353	0.38492800	0.38140100	0.00352654
354	0.38664200	0.38312400	0.00351809
355	0.38866000	0.38515000	0.00351004
356	0.39095600	0.38745400	0.00350247
357	0.39350200	0.39000600	0.00349579
358	0.39622800	0.39273700	0.00349063
359	0.39910300	0.39561600	0.00348726
360	0.40205700	0.39857100	0.00348586
361	0.40506400	0.40157700	0.00348676
362	0.40805400	0.40456400	0.00348990
363	0.41097100	0.40747600	0.00349514
364	0.41373100	0.41022900	0.00350208
365	0.41628800	0.41277800	0.00351045
366	0.41857900	0.41505900	0.00351983
367	0.42056900	0.41703900	0.00352975
368	0.42220800	0.41866800	0.00353999
369	0.42349300	0.41994300	0.00355018
370	0.42443100	0.42087100	0.00356007
371	0.42504600	0.42147600	0.00356980
372	0.42535000	0.42177000	0.00357929
373	0.42535300	0.42176500	0.00358879
374	0.42506800	0.42146900	0.00359875
375	0.42451600	0.42090700	0.00360905
376	0.42370300	0.42008400	0.00361968
377	0.42265100	0.41902000	0.00363054
378	0.42139200	0.41775100	0.00364105
379	0.41995600	0.41630600	0.00365041
380	0.41836700	0.41470900	0.00365817
381	0.41664900	0.41298400	0.00366441
382	0.41483100	0.41116100	0.00366932
383	0.41294000	0.40926700	0.00367295
384	0.41100100	0.40732600	0.00367512
385	0.40903300	0.40535800	0.00367568
386	0.40704200	0.40336700	0.00367468
387	0.40503000	0.40135700	0.00367204
388	0.40300300	0.39933500	0.00366777
389	0.40096500	0.39730300	0.00366189
390	0.39893600	0.39528100	0.00365432
391	0.39692200	0.39327700	0.00364534
392	0.39494900	0.39131400	0.00363530
393	0.39303500	0.38941000	0.00362480
394	0.39119800	0.38758400	0.00361429
395	0.38946400	0.38586000	0.00360425
396	0.38784900	0.38425500	0.00359456
397	0.38636000	0.38277500	0.00358512
398	0.38499200	0.38141500	0.00357621
399	0.38373800	0.38017000	0.00356807
400	0.38260700	0.37904600	0.00356080
401	0.38159200	0.37803700	0.00355469
402	0.38069800	0.37714900	0.00354956
403	0.37991900	0.37637400	0.00354573
404	0.37924600	0.37570300	0.00354316
405	0.37867100	0.37512900	0.00354224
406	0.37819100	0.37464800	0.00354298
407	0.37780100	0.37425600	0.00354549
408	0.37749700	0.37394800	0.00354941
409	0.37727300	0.37371900	0.00355421
410	0.37713600	0.37357700	0.00355995
411	0.37710700	0.37354100	0.00356626
412	0.37720800	0.37363400	0.00357315
413	0.37745000	0.37386900	0.00358055
414	0.37782800	0.37423900	0.00358858
415	0.37832200	0.37472500	0.00359725
416	0.37890600	0.37529900	0.00360665
417	0.37956700	0.37595100	0.00361631
418	0.38028800	0.37666100	0.00362620
419	0.38105600	0.37742000	0.00363613
420	0.38185400	0.37820800	0.00364611
421	0.38266000	0.37900400	0.00365602
422	0.38344600	0.37978000	0.00366580
423	0.38419600	0.38052000	0.00367539
424	0.38488700	0.38120200	0.00368450
425	0.38549100	0.38179800	0.00369348
426	0.38598900	0.38228700	0.00370249
427	0.38635700	0.38264500	0.00371174
428	0.38658100	0.38285900	0.00372134
429	0.38664100	0.38290900	0.00373180
430	0.38653300	0.38279000	0.00374314
431	0.38626300	0.38250800	0.00375532
432	0.38585700	0.38208800	0.00376883
433	0.38532700	0.38154400	0.00378340
434	0.38471500	0.38091600	0.00379968
435	0.38404400	0.38022700	0.00381659
436	0.38336000	0.37952600	0.00383410
437	0.38268400	0.37883200	0.00385182
438	0.38203900	0.37816900	0.00386972
439	0.38144300	0.37755500	0.00388765
440	0.38091500	0.37700900	0.00390558
441	0.38048900	0.37656500	0.00392356
442	0.38019100	0.37624900	0.00394170
443	0.38004700	0.37608700	0.00396002
444	0.38005800	0.37607900	0.00397857
445	0.38022200	0.37622500	0.00399734
446	0.38051900	0.37650300	0.00401645
447	0.38093900	0.37690300	0.00403569
448	0.38145000	0.37739600	0.00405489
449	0.38203300	0.37795900	0.00407375
450	0.38263800	0.37854600	0.00409207
451	0.38324100	0.37913100	0.00410958
452	0.38379800	0.37967200	0.00412614
453	0.38428100	0.38013900	0.00414164
454	0.38465500	0.38049900	0.00415591
455	0.38489300	0.38072400	0.00416875
456	0.38496700	0.38078700	0.00418027
457	0.38482800	0.38063800	0.00419078
458	0.38447400	0.38027300	0.00420024
459	0.38390600	0.37969800	0.00420833
460	0.38315100	0.37893600	0.00421489
461	0.38221500	0.37799500	0.00422009
462	0.38112900	0.37690600	0.00422388
463	0.37991300	0.37568600	0.00422639
464	0.37860500	0.37437800	0.00422732
465	0.37725500	0.37302700	0.00422755
466	0.37590700	0.37168000	0.00422690
467	0.37460200	0.37037500	0.00422657
468	0.37336500	0.36913900	0.00422613
469	0.37221600	0.36798900	0.00422670
470	0.37119000	0.36696200	0.00422781
471	0.37030100	0.36607100	0.00422938
472	0.36952800	0.36529600	0.00423183
473	0.36887800	0.36464400	0.00423463
474	0.36832500	0.36408700	0.00423797
475	0.36783600	0.36359400	0.00424129
476	0.36739000	0.36314500	0.00424451
477	0.36696100	0.36271500	0.00424679
478	0.36649200	0.36224300	0.00424842
479	0.36595200	0.36170200	0.00424973
480	0.36529500	0.36104500	0.00425041
481	0.36453500	0.36028400	0.00425036
482	0.36366800	0.35941900	0.00424899
483	0.36271300	0.35846600	0.00424705
484	0.36166900	0.35742500	0.00424437
485	0.36056100	0.35632000	0.00424081
486	0.35940600	0.35517000	0.00423647
487	0.35820500	0.35397400	0.00423122
488	0.35696100	0.35273600	0.00422553
489	0.35567600	0.35145600	0.00421955
490	0.35436500	0.35015200	0.00421354
491	0.35303900	0.34883100	0.00420786
492	0.35170100	0.34749800	0.00420324
493	0.35036100	0.34616100	0.00419999
494	0.34904600	0.34484800	0.00419831
495	0.34780100	0.34360200	0.00419849
496	0.34663400	0.34243400	0.00420043
497	0.34556600	0.34136200	0.00420394
498	0.34459700	0.34038700	0.00420904
499	0.34371200	0.33949600	0.00421563
500	0.34290200	0.33867900	0.00422327
501	0.34214900	0.33791700	0.00423130
502	0.34143300	0.33719400	0.00423932
503	0.34072100	0.33647500	0.00424658
504	0.33997600	0.33572300	0.00425258
505	0.33916000	0.33490300	0.00425683
506	0.33827300	0.33401300	0.00425929
507	0.33733000	0.33307000	0.00426003
508	0.33635200	0.33209300	0.00425909
509	0.33535500	0.33109800	0.00425641
510	0.33436000	0.33010800	0.00425204
511	0.33337900	0.32913200	0.00424668
512	0.33241900	0.32817800	0.00424042
513	0.33148300	0.32725000	0.00423299
514	0.33058800	0.32636400	0.00422422
515	0.32975200	0.32553800	0.00421427
516	0.32900400	0.32480100	0.00420263
517	0.32836000	0.32417100	0.00418937
518	0.32785900	0.32368400	0.00417461
519	0.32753800	0.32337900	0.00415870
520	0.32740500	0.32326300	0.00414217
521	0.32748200	0.32335600	0.00412542
522	0.32776400	0.32365500	0.00410893
523	0.32826700	0.32417400	0.00409308
524	0.32897900	0.32490100	0.00407812
525	0.32991300	0.32584800	0.00406431
526	0.33105100	0.32699900	0.00405178
527	0.33239700	0.32835600	0.00404098
528	0.33393600	0.32990400	0.00403224
529	0.33566500	0.33164000	0.00402580
530	0.33755200	0.33353000	0.00402165
531	0.33956800	0.33554800	0.00401992
532	0.34165800	0.33763700	0.00402062
533	0.34376700	0.33974300	0.00402360
534	0.34585500	0.34182600	0.00402861
535	0.34787800	0.34384300	0.00403541
536	0.34977800	0.34573400	0.00404360
537	0.35153800	0.34748500	0.00405278
538	0.35315600	0.34909400	0.00406252
539	0.35463900	0.35056600	0.00407248
540	0.35597100	0.35188900	0.00408222
541	0.35715500	0.35306400	0.00409106
542	0.35821400	0.35411500	0.00409842
543	0.35916600	0.35506100	0.00410406
544	0.36001200	0.35590400	0.00410791
545	0.36077000	0.35666000	0.00411012
546	0.36147500	0.35736400	0.00411092
547	0.36215100	0.35804000	0.00411109
548	0.36283100	0.35872000	0.00411146
549	0.36355900	0.35944700	0.00411271
550	0.36437200	0.36025700	0.00411524
551	0.36530800	0.36118900	0.00411915
552	0.36634500	0.36222000	0.00412454
553	0.36750800	0.36337700	0.00413132
554	0.36880000	0.36466100	0.00413931
555	0.37022800	0.36608000	0.00414826
556	0.37179500	0.36763800	0.00415767
557	0.37350100	0.36933400	0.00416709
558	0.37530900	0.37113300	0.00417608
559	0.37719200	0.37300700	0.00418446
560	0.37910400	0.37491100	0.00419213
561	0.38103300	0.37683400	0.00419898
562	0.38292600	0.37872100	0.00420493
563	0.38474300	0.38053300	0.00420996
564	0.38645600	0.38224200	0.00421405
565	0.38805800	0.38384100	0.00421722
566	0.38955100	0.38533200	0.00421970
567	0.39098200	0.38676000	0.00422168
568	0.39236300	0.38814000	0.00422381
569	0.39373100	0.38950500	0.00422636
570	0.39510800	0.39087800	0.00423002
571	0.39652500	0.39229000	0.00423471
572	0.39800500	0.39376400	0.00424079
573	0.39956700	0.39531900	0.00424820
574	0.40123000	0.39697300	0.00425715
575	0.40299400	0.39872600	0.00426755
576	0.40484000	0.40056000	0.00427933
577	0.40672900	0.40243700	0.00429232
578	0.40864200	0.40433500	0.00430663
579	0.41057600	0.40625400	0.00432234
580	0.41250900	0.40816900	0.00433950
581	0.41442000	0.41006200	0.00435808
582	0.41629200	0.41191400	0.00437824
583	0.41809100	0.41369100	0.00440003
584	0.41979300	0.41537000	0.00442338
585	0.42138600	0.41693800	0.00444820
586	0.42284200	0.41836800	0.00447407
587	0.42413400	0.41963300	0.00450065
588	0.42522600	0.42069800	0.00452772
589	0.42610300	0.42154800	0.00455489
590	0.42674200	0.42216000	0.00458190
591	0.42713900	0.42253000	0.00460858
592	0.42728600	0.42265200	0.00463485
593	0.42721500	0.42255500	0.00466043
594	0.42694000	0.42225400	0.00468520
595	0.42647900	0.42177000	0.00470907
596	0.42585500	0.42112300	0.00473191
597	0.42508600	0.42033200	0.00475322
598	0.42419700	0.41942400	0.00477297
599	0.42322100	0.41843000	0.00479128
600	0.42220900	0.41740100	0.00480827
601	0.42117500	0.41635100	0.00482424
602	0.42013200	0.41529300	0.00483896
603	0.41910300	0.41425000	0.00485227
604	0.41811000	0.41324700	0.00486339
605	0.41717600	0.41230300	0.00487228
606	0.41632200	0.41144300	0.00487918
607	0.41557200	0.41068800	0.00488473
608	0.41494400	0.41005500	0.00488907
609	0.41443400	0.40954200	0.00489171
610	0.41402900	0.40913600	0.00489260
611	0.41370400	0.40881200	0.00489181
612	0.41344000	0.40855000	0.00488950
613	0.41321300	0.40832700	0.00488585
614	0.41299700	0.40811600	0.00488157
615	0.41276000	0.40788300	0.00487670
616	0.41247500	0.40760400	0.00487150
617	0.41212400	0.40725800	0.00486609
618	0.41168200	0.40682100	0.00486114
619	0.41115800	0.40630100	0.00485730
620	0.41054700	0.40569300	0.00485483
621	0.40984600	0.40499300	0.00485359
622	0.40906400	0.40421000	0.00485426
623	0.40823500	0.40337800	0.00485687
624	0.40739000	0.40252800	0.00486152
625	0.40655800	0.40168900	0.00486817
626	0.40572200	0.40084600	0.00487635
627	0.40490100	0.40001500	0.00488579
628	0.40409400	0.39919800	0.00489590
629	0.40331900	0.39841300	0.00490637
630	0.40257800	0.39766100	0.00491650
631	0.40188600	0.39696000	0.00492601
632	0.40125700	0.39632200	0.00493480
633	0.40070400	0.39576200	0.00494253
634	0.40024100	0.39529200	0.00494889
635	0.39988100	0.39492800	0.00495376
636	0.39962700	0.39467000	0.00495705
637	0.39946200	0.39450300	0.00495870
638	0.39937800	0.39441900	0.00495863
639	0.39938600	0.39443000	0.00495686
640	0.39949000	0.39453700	0.00495360
641	0.39971500	0.39476600	0.00494895
642	0.40006900	0.39512600	0.00494310
643	0.40057600	0.39563900	0.00493659
644	0.40125000	0.39632000	0.00492971
645	0.40210200	0.39718000	0.00492255
646	0.40311800	0.39820300	0.00491493
647	0.40428200	0.39937500	0.00490691
648	0.40557100	0.40067200	0.00489872
649	0.40694000	0.40204900	0.00489051
650	0.40835400	0.40347200	0.00488228
651	0.40974700	0.40487300	0.00487394
652	0.41107100	0.40620600	0.00486541
653	0.41227800	0.40742100	0.00485671
654	0.41332100	0.40847300	0.00484775
655	0.41417300	0.40933400	0.00483873
656	0.41483300	0.41000300	0.00482999
657	0.41529300	0.41047200	0.00482151
658	0.41555900	0.41074500	0.00481349
659	0.41566200	0.41085600	0.00480622
660	0.41563800	0.41083800	0.00479989
661	0.41553600	0.41074200	0.00479436
662	0.41539000	0.41060100	0.00478937
663	0.41524600	0.41046100	0.00478541
664	0.41514200	0.41036000	0.00478207
665	0.41511100	0.41033100	0.00477977
666	0.41518000	0.41040100	0.00477844
667	0.41536200	0.41058300	0.00477810
668	0.41566900	0.41089000	0.00477872
669	0.41609900	0.41131900	0.00478027
670	0.41663500	0.41185300	0.00478263
671	0.41725700	0.41247000	0.00478620
672	0.41794000	0.41314900	0.00479085
673	0.41866300	0.41386700	0.00479645
674	0.41939500	0.41459300	0.00480242
675	0.42010500	0.41529700	0.00480805
676	0.42075800	0.41594400	0.00481387
677	0.42131500	0.41649500	0.00481923
678	0.42175700	0.41693300	0.00482332
679	0.42208900	0.41726300	0.00482610
680	0.42231800	0.41749100	0.00482717
681	0.42247500	0.41764800	0.00482659
682	0.42259600	0.41777100	0.00482505
683	0.42270100	0.41787800	0.00482271
684	0.42280400	0.41798400	0.00481941
685	0.42288900	0.41807300	0.00481546
686	0.42293300	0.41812200	0.00481094
687	0.42291200	0.41810600	0.00480591
688	0.42280600	0.41800600	0.00480022
689	0.42261600	0.41782100	0.00479468
690	0.42233500	0.41754600	0.00478884
691	0.42196600	0.41718300	0.00478265
692	0.42151400	0.41673800	0.00477625
693	0.42098600	0.41621600	0.00476979
694	0.42038500	0.41562200	0.00476338
695	0.41971700	0.41496000	0.00475693
696	0.41898600	0.41423600	0.00475067
697	0.41821700	0.41347300	0.00474487
698	0.41741000	0.41267000	0.00473930
699	0.41657200	0.41183800	0.00473374
700	0.41569800	0.41097000	0.00472781
701	0.41479300	0.41007100	0.00472177
702	0.41386200	0.40914600	0.00471564
703	0.41290400	0.40819500	0.00470922
704	0.41191400	0.40721200	0.00470207
705	0.41088800	0.40619400	0.00469381
706	0.40984000	0.40515600	0.00468456
707	0.40876900	0.40409400	0.00467445
708	0.40765900	0.40299500	0.00466379
709	0.40650400	0.40185100	0.00465283
710	0.40530400	0.40066200	0.00464148
711	0.40406000	0.39943000	0.00462989
712	0.40277300	0.39815500	0.00461823
713	0.40145400	0.39684700	0.00460650
714	0.40010900	0.39551400	0.00459475
715	0.39875300	0.39417000	0.00458304
716	0.39735900	0.39278800	0.00457144
717	0.39594200	0.39138200	0.00455973
718	0.39451100	0.38996300	0.00454795
719	0.39307100	0.38853500	0.00453647
720	0.39162000	0.38709500	0.00452548
721	0.39016000	0.38564500	0.00451525
722	0.38869300	0.38418700	0.00450557
723	0.38723100	0.38273400	0.00449629
724	0.38574800	0.38126100	0.00448714
725	0.38422600	0.37974800	0.00447805
726	0.38263700	0.37816800	0.00446892
727	0.38095400	0.37649400	0.00445969
728	0.37914800	0.37469800	0.00445024
729	0.37719600	0.37275600	0.00444071
730	0.37509300	0.37066200	0.00443101
731	0.37285900	0.36843800	0.00442122
732	0.37051000	0.36609800	0.00441137
733	0.36809600	0.36369400	0.00440139
734	0.36562300	0.36123200	0.00439094
735	0.36312500	0.35874500	0.00437989
736	0.36066600	0.35629800	0.00436817
737	0.35828800	0.35393200	0.00435599
738	0.35600900	0.35166500	0.00434377
739	0.35387900	0.34954700	0.00433186
740	0.35192600	0.34760500	0.00432068
741	0.35019400	0.34588300	0.00431032
742	0.34868800	0.34438700	0.00430102
743	0.34742500	0.34313200	0.00429299
744	0.34638400	0.34209800	0.00428627
745	0.34556200	0.34128100	0.00428067
746	0.34494200	0.34066700	0.00427534
747	0.34452100	0.34025000	0.00427038
748	0.34429100	0.34002600	0.00426574
749	0.34425900	0.33999800	0.00426092
750	0.34442400	0.34016800	0.00425594
751	0.34478600	0.34053400	0.00425123
752	0.34531500	0.34106800	0.00424689
753	0.34599700	0.34175300	0.00424332
754	0.34679400	0.34255300	0.00424103
755	0.34768400	0.34344400	0.00424016
756	0.34864800	0.34440700	0.00424107
757	0.34969300	0.34544900	0.00424384
758	0.35082200	0.34657400	0.00424831
759	0.35204000	0.34778500	0.00425507
760	0.35335100	0.34908600	0.00426418
761	0.35472100	0.35044700	0.00427482
762	0.35612900	0.35184200	0.00428658
763	0.35753500	0.35323600	0.00429926
764	0.35892300	0.35461100	0.00431240
765	0.36027200	0.35594600	0.00432580
766	0.36157300	0.35723400	0.00433944
767	0.36281600	0.35846200	0.00435340
768	0.36397300	0.35960500	0.00436720
769	0.36504400	0.36066300	0.00438080
770	0.36604800	0.36165300	0.00439444
771	0.36700200	0.36259400	0.00440799
772	0.36793900	0.36351800	0.00442147
773	0.36886700	0.36443200	0.00443525
774	0.36978700	0.36533800	0.00444937
775	0.37068000	0.36621600	0.00446364
776	0.37152000	0.36704200	0.00447759
777	0.37227600	0.36778600	0.00449057
778	0.37290400	0.36840200	0.00450231
779	0.37339000	0.36887700	0.00451276
780	0.37371600	0.36919500	0.00452136
781	0.37387400	0.36934500	0.00452902
782	0.37387400	0.36933900	0.00453479
783	0.37374800	0.36920700	0.00454060
784	0.37349200	0.36894600	0.00454562
785	0.37311800	0.36856800	0.00454991
786	0.37264500	0.36809000	0.00455452
787	0.37211300	0.36755400	0.00455886
788	0.37154100	0.36697700	0.00456386
789	0.37097500	0.36640600	0.00456933
790	0.37043600	0.36586200	0.00457427
791	0.36993100	0.36535200	0.00457965
792	0.36946400	0.36487900	0.00458510
793	0.36908800	0.36449800	0.00458976
794	0.36881400	0.36422000	0.00459412
795	0.36865000	0.36405300	0.00459764
796	0.36859200	0.36399200	0.00459990
797	0.36860400	0.36400300	0.00460095
798	0.36866700	0.36406700	0.00460003
799	0.36875900	0.36416200	0.00459779
800	0.36887700	0.36428300	0.00459388
801	0.36902800	0.36444000	0.00458869
802	0.36921200	0.36462900	0.00458307
803	0.36942300	0.36484500	0.00457791
804	0.36964000	0.36506600	0.00457388
805	0.36985800	0.36528700	0.00457107
806	0.37004500	0.36547400	0.00457077
807	0.37016900	0.36559600	0.00457292
808	0.37017800	0.36560000	0.00457734
809	0.37003900	0.36545500	0.00458422
810	0.36972200	0.36512900	0.00459334
811	0.36923000	0.36462600	0.00460390
812	0.36857200	0.36395700	0.00461554
813	0.36780800	0.36318100	0.00462761
814	0.36696000	0.36232000	0.00463986
815	0.36606100	0.36140900	0.00465222
816	0.36513700	0.36047300	0.00466442
817	0.36424600	0.35957000	0.00467622
818	0.36343000	0.35874300	0.00468760
819	0.36273900	0.35804000	0.00469864
820	0.36220800	0.35749900	0.00470940
821	0.36189500	0.35717500	0.00471979
822	0.36183700	0.35710800	0.00472977
823	0.36208000	0.35734100	0.00473906
824	0.36261500	0.35786700	0.00474746
825	0.36342000	0.35866500	0.00475498
826	0.36448300	0.35972100	0.00476177
827	0.36580200	0.36103400	0.00476812
828	0.36734900	0.36257500	0.00477404
829	0.36911300	0.36433400	0.00477960
830	0.37108700	0.36630200	0.00478505
831	0.37325500	0.36846500	0.00479052
832	0.37559800	0.37080200	0.00479618
833	0.37810100	0.37329900	0.00480210
834	0.38073600	0.37592800	0.00480792
835	0.38346000	0.37864600	0.00481376
836	0.38623600	0.38141600	0.00481956
837	0.38901300	0.38418800	0.00482498
838	0.39175300	0.38692300	0.00482959
839	0.39442900	0.38959700	0.00483290
840	0.39702000	0.39218600	0.00483477
841	0.39952400	0.39468900	0.00483502
842	0.40196700	0.39713400	0.00483369
843	0.40437100	0.39953900	0.00483107
844	0.40672500	0.40189800	0.00482730
845	0.40902400	0.40420200	0.00482216
846	0.41121400	0.40639800	0.00481566
847	0.41324600	0.40843800	0.00480813
848	0.41508100	0.41028200	0.00479927
849	0.41671100	0.41192100	0.00478967
850	0.41812500	0.41334600	0.00477894
851	0.41937800	0.41461000	0.00476760
852	0.42051000	0.41575500	0.00475514
853	0.42158000	0.41683700	0.00474222
854	0.42261500	0.41788600	0.00472854
855	0.42364700	0.41893200	0.00471488
856	0.42468500	0.41998400	0.00470135
857	0.42574400	0.42105600	0.00468828
858	0.42681700	0.42214100	0.00467627
859	0.42790400	0.42323900	0.00466490
860	0.42899300	0.42433800	0.00465510
861	0.43007600	0.42543000	0.00464615
862	0.43113500	0.42649600	0.00463900
863	0.43217400	0.42754100	0.00463316
864	0.43317600	0.42854700	0.00462856
865	0.43414700	0.42952200	0.00462530
866	0.43508400	0.43046100	0.00462316
867	0.43595700	0.43133600	0.00462159
868	0.43676500	0.43214500	0.00462030
869	0.43752800	0.43290800	0.00461935
870	0.43823900	0.43362100	0.00461884
871	0.43890100	0.43428200	0.00461888
872	0.43951200	0.43489200	0.00461950
873	0.44008400	0.43546300	0.00462037
874	0.44060500	0.43598400	0.00462173
875	0.44107500	0.43645200	0.00462338
876	0.44148000	0.43685500	0.00462475
877	0.44180700	0.43718100	0.00462589
878	0.44204800	0.43742100	0.00462724
879	0.44218100	0.43755300	0.00462839
880	0.44219500	0.43756600	0.00462956
881	0.44207800	0.43744700	0.00463063
882	0.44181500	0.43718300	0.00463186
883	0.44139200	0.43675900	0.00463293
884	0.44080700	0.43617200	0.00463453
885	0.44005700	0.43542000	0.00463659
886	0.43914500	0.43450600	0.00463912
887	0.43806600	0.43342400	0.00464219
888	0.43683500	0.43219000	0.00464586
889	0.43544700	0.43079700	0.00464980
890	0.43394500	0.42929000	0.00465408
891	0.43232800	0.42766900	0.00465859
892	0.43062000	0.42595600	0.00466352
893	0.42883300	0.42416400	0.00466874
894	0.42699200	0.42231700	0.00467433
895	0.42508200	0.42040100	0.00468049
896	0.42311100	0.41842300	0.00468758
897	0.42107700	0.41638200	0.00469566
898	0.41899300	0.41428900	0.00470472
899	0.41685600	0.41214100	0.00471545
900	0.41469900	0.40997100	0.00472799
901	0.41251200	0.40777000	0.00474191
902	0.41029800	0.40554200	0.00475642
903	0.40807400	0.40330200	0.00477116
904	0.40584300	0.40105800	0.00478531
905	0.40363000	0.39883200	0.00479811
906	0.40143800	0.39662800	0.00480970
907	0.39929700	0.39447700	0.00482001
908	0.39722400	0.39239500	0.00482841
909	0.39523300	0.39039900	0.00483479
910	0.39335100	0.38851100	0.00483983
911	0.39159300	0.38674900	0.00484374
912	0.38998500	0.38513800	0.00484701
913	0.38852000	0.38367000	0.00484920
914	0.38721000	0.38235900	0.00485103
915	0.38607000	0.38121800	0.00485237
916	0.38510400	0.38025000	0.00485309
917	0.38430400	0.37945000	0.00485392
918	0.38366800	0.37881300	0.00485430
919	0.38321100	0.37835600	0.00485512
920	0.38291700	0.37806100	0.00485633
921	0.38280400	0.37794600	0.00485840
922	0.38284700	0.37798600	0.00486083
923	0.38301600	0.37815200	0.00486414
924	0.38327300	0.37840500	0.00486778
925	0.38358300	0.37871200	0.00487171
926	0.38390600	0.37903000	0.00487580
927	0.38426100	0.37938100	0.00487979
928	0.38462400	0.37974100	0.00488367
929	0.38499300	0.38010600	0.00488720
930	0.38533800	0.38044700	0.00489025
931	0.38564400	0.38075000	0.00489359
932	0.38590100	0.38100400	0.00489693
933	0.38611900	0.38121900	0.00490022
934	0.38630800	0.38140500	0.00490322
935	0.38650600	0.38160000	0.00490571
936	0.38673300	0.38182600	0.00490730
937	0.38697200	0.38206500	0.00490784
938	0.38717700	0.38227000	0.00490691
939	0.38734000	0.38243500	0.00490479
940	0.38744000	0.38253900	0.00490096
941	0.38745500	0.38255900	0.00489549
942	0.38734500	0.38245700	0.00488823
943	0.38710700	0.38222700	0.00487944
944	0.38674200	0.38187200	0.00486929
945	0.38624900	0.38139100	0.00485839
946	0.38562200	0.38077600	0.00484637
947	0.38485700	0.38002300	0.00483398
948	0.38396200	0.37914100	0.00482096
949	0.38297900	0.37817100	0.00480797
950	0.38192200	0.37712700	0.00479477
951	0.38077600	0.37599400	0.00478148
952	0.37955200	0.37478400	0.00476803
953	0.37825600	0.37350100	0.00475480
954	0.37691300	0.37217100	0.00474179
955	0.37552100	0.37079200	0.00472917
956	0.37410000	0.36938400	0.00471683
957	0.37268600	0.36798100	0.00470479
958	0.37128800	0.36659500	0.00469294
959	0.36991800	0.36523700	0.00468144
960	0.36858500	0.36391400	0.00467047
961	0.36729400	0.36263300	0.00466027
962	0.36604500	0.36139400	0.00465103
963	0.36484700	0.36020400	0.00464304
964	0.36370200	0.35906600	0.00463629
965	0.36261600	0.35798500	0.00463077
966	0.36157700	0.35695000	0.00462649
967	0.36056300	0.35594000	0.00462361
968	0.35954600	0.35492400	0.00462252
969	0.35850700	0.35388300	0.00462329
970	0.35744800	0.35282200	0.00462595
971	0.35638000	0.35174900	0.00463058
972	0.35531300	0.35067500	0.00463722
973	0.35427900	0.34963300	0.00464617
974	0.35331500	0.34865700	0.00465761
975	0.35248400	0.34781300	0.00467135
976	0.35182700	0.34714000	0.00468703
977	0.35137100	0.34666700	0.00470428
978	0.35115200	0.34643000	0.00472255
979	0.35117300	0.34643200	0.00474150
980	0.35144200	0.34668200	0.00475976
981	0.35189400	0.34711700	0.00477618
982	0.35246000	0.34767100	0.00478978
983	0.35312500	0.34832500	0.00480017
984	0.35386000	0.34905300	0.00480722
985	0.35465000	0.34983900	0.00481148
986	0.35551500	0.35070200	0.00481316
987	0.35647300	0.35166100	0.00481259
988	0.35755000	0.35274000	0.00481024
989	0.35874100	0.35393500	0.00480648
990	0.36005500	0.35525300	0.00480168
991	0.36146600	0.35667000	0.00479646
992	0.36296900	0.35817700	0.00479119
993	0.36454100	0.35975500	0.00478652
994	0.36616800	0.36138500	0.00478275
995	0.36783600	0.36305500	0.00478029
996	0.36952800	0.36474800	0.00477941
997	0.37124500	0.36646500	0.00478027
998	0.37299800	0.36821400	0.00478313
999	0.37480700	0.37002000	0.00478770
1000	0.37667800	0.37188400	0.00479369
1001	0.37859100	0.37379000	0.00480091
1002	0.38053900	0.37573000	0.00480900
1003	0.38251300	0.37769600	0.00481755
1004	0.38450700	0.37968000	0.00482641
1005	0.38651700	0.38168200	0.00483566
1006	0.38851800	0.38367300	0.00484524
1007	0.39053100	0.38567600	0.00485498
1008	0.39254000	0.38767500	0.00486487
1009	0.39456500	0.38969000	0.00487466
1010	0.39658700	0.39170200	0.00488421
1011	0.39860500	0.39371200	0.00489329
1012	0.40060100	0.39570000	0.00490156
1013	0.40254900	0.39764100	0.00490865
1014	0.40443900	0.39952400	0.00491433
1015	0.40624600	0.40132800	0.00491841
1016	0.40797600	0.40305500	0.00492107
1017	0.40964100	0.40471900	0.00492244
1018	0.41124700	0.40632400	0.00492290
1019	0.41280200	0.40788000	0.00492204
1020	0.41430000	0.40938100	0.00491943
1021	0.41575900	0.41084500	0.00491472
1022	0.41717700	0.41226900	0.00490847
1023	0.41860000	0.41370000	0.00490043
1024	0.42001000	0.41512000	0.00489045
1025	0.42140200	0.41652400	0.00487821
1026	0.42277500	0.41791200	0.00486345
1027	0.42413800	0.41929100	0.00484604
1028	0.42553200	0.42070600	0.00482612
1029	0.42694100	0.42213800	0.00480382
1030	0.42833200	0.42355200	0.00477951
1031	0.42969700	0.42494300	0.00475370
1032	0.43101800	0.42629100	0.00472686
1033	0.43229300	0.42759300	0.00469942
1034	0.43350100	0.42882900	0.00467173
1035	0.43464700	0.43000300	0.00464422
1036	0.43571300	0.43109600	0.00461738
1037	0.43669300	0.43210100	0.00459181
1038	0.43756200	0.43299400	0.00456805
1039	0.43830900	0.43376300	0.00454661
1040	0.43893000	0.43440200	0.00452773
1041	0.43942900	0.43491800	0.00451147
1042	0.43981600	0.43531800	0.00449782
1043	0.44010200	0.43561500	0.00448668
1044	0.44030200	0.43582500	0.00447763
1045	0.44043300	0.43596200	0.00447057
1046	0.44051300	0.43604800	0.00446512
1047	0.44056800	0.43610700	0.00446082
1048	0.44061400	0.43615700	0.00445766
1049	0.44067400	0.43621900	0.00445561
1050	0.44073600	0.43628100	0.00445501
1051	0.44080800	0.43635200	0.00445575
1052	0.44089200	0.43643500	0.00445732
1053	0.44100700	0.43654700	0.00445970
1054	0.44114400	0.43668200	0.00446278
1055	0.44131300	0.43684600	0.00446643
1056	0.44148600	0.43701500	0.00447078
1057	0.44164000	0.43716400	0.00447605
1058	0.44174300	0.43726100	0.00448220
1059	0.44177300	0.43728400	0.00448909
1060	0.44170600	0.43721000	0.00449672
1061	0.44153700	0.43703100	0.00450552
1062	0.44125300	0.43673800	0.00451502
1063	0.44085800	0.43633300	0.00452468
1064	0.44035600	0.43582200	0.00453437
1065	0.43975700	0.43521300	0.00454392
1066	0.43906300	0.43450900	0.00455309
1067	0.43828000	0.43371900	0.00456149
1068	0.43740700	0.43283800	0.00456889
1069	0.43644800	0.43187300	0.00457501
1070	0.43539300	0.43081300	0.00457977
1071	0.43421900	0.42963500	0.00458323
1072	0.43289900	0.42831300	0.00458576
1073	0.43141900	0.42683100	0.00458779
1074	0.42976900	0.42517900	0.00458963
1075	0.42794900	0.42335700	0.00459147
1076	0.42597900	0.42138500	0.00459334
1077	0.42386300	0.41926700	0.00459583
1078	0.42162800	0.41702900	0.00459889
1079	0.41928600	0.41468300	0.00460256
1080	0.41685100	0.41224500	0.00460658
1081	0.41432400	0.40971300	0.00461081
1082	0.41171800	0.40710200	0.00461515
1083	0.40904800	0.40442900	0.00461956
1084	0.40634900	0.40172400	0.00462416
1085	0.40364700	0.39901800	0.00462892
1086	0.40099100	0.39635700	0.00463390
1087	0.39841000	0.39377100	0.00463913
1088	0.39593500	0.39129000	0.00464482
1089	0.39359300	0.38894200	0.00465124
1090	0.39140200	0.38674400	0.00465825
1091	0.38937900	0.38471400	0.00466580
1092	0.38753800	0.38286400	0.00467362
1093	0.38587400	0.38119300	0.00468126
1094	0.38438000	0.37969200	0.00468845
1095	0.38305900	0.37836400	0.00469488
1096	0.38189800	0.37719700	0.00470040
1097	0.38088400	0.37618000	0.00470453
1098	0.38002400	0.37531700	0.00470721
1099	0.37932000	0.37461100	0.00470873
1100	0.37879100	0.37408200	0.00470904
1101	0.37843100	0.37372300	0.00470808
1102	0.37824100	0.37353600	0.00470548
1103	0.37820000	0.37349900	0.00470119
1104	0.37830400	0.37360900	0.00469531
1105	0.37853100	0.37384400	0.00468777
1106	0.37887600	0.37419700	0.00467865
1107	0.37930700	0.37463900	0.00466836
1108	0.37982500	0.37516800	0.00465731
1109	0.38041700	0.37577100	0.00464570
1110	0.38107200	0.37643900	0.00463340
1111	0.38179300	0.37717300	0.00462055
1112	0.38258200	0.37797500	0.00460735
1113	0.38341200	0.37881800	0.00459390
1114	0.38425900	0.37967800	0.00458047
1115	0.38512000	0.38055200	0.00456724
1116	0.38599000	0.38143600	0.00455370
1117	0.38686300	0.38232300	0.00453984
1118	0.38772600	0.38320000	0.00452563
1119	0.38857800	0.38406700	0.00451064
1120	0.38940600	0.38491100	0.00449468
1121	0.39020100	0.38572300	0.00447770
1122	0.39095900	0.38649900	0.00445980
1123	0.39167800	0.38723600	0.00444142
1124	0.39236100	0.38793800	0.00442293
1125	0.39300100	0.38859700	0.00440469
1126	0.39359200	0.38920500	0.00438682
1127	0.39411300	0.38974300	0.00436918
1128	0.39455000	0.39019800	0.00435186
1129	0.39489800	0.39056300	0.00433474
1130	0.39516300	0.39084500	0.00431794
1131	0.39535300	0.39105100	0.00430153
1132	0.39547700	0.39119200	0.00428563
1133	0.39554700	0.39127700	0.00427006
1134	0.39556000	0.39130500	0.00425493
1135	0.39551400	0.39127400	0.00424046
1136	0.39541500	0.39118800	0.00422690
1137	0.39525700	0.39104200	0.00421420
1138	0.39504200	0.39083900	0.00420236
1139	0.39476700	0.39057600	0.00419136
1140	0.39444100	0.39026000	0.00418103
1141	0.39405700	0.38988500	0.00417156
1142	0.39359400	0.38943100	0.00416327
1143	0.39303300	0.38887600	0.00415609
1144	0.39235200	0.38820200	0.00415054
1145	0.39153000	0.38738500	0.00414559
1146	0.39055900	0.38641700	0.00414248
1147	0.38942800	0.38528800	0.00414043
1148	0.38812700	0.38398800	0.00413943
1149	0.38664900	0.38250900	0.00413998
1150	0.38498900	0.38084800	0.00414069
1151	0.38314200	0.37899900	0.00414335
1152	0.38112200	0.37697500	0.00414743
1153	0.37893000	0.37477900	0.00415173
1154	0.37655500	0.37239800	0.00415766
1155	0.37400000	0.36983600	0.00416411
1156	0.37128900	0.36711900	0.00416989
1157	0.36844700	0.36427100	0.00417637
1158	0.36551500	0.36133200	0.00418258
1159	0.36252900	0.35834100	0.00418749
1160	0.35946900	0.35527600	0.00419260
1161	0.35636500	0.35216800	0.00419755
1162	0.35326200	0.34906100	0.00420176
1163	0.35019700	0.34599200	0.00420524
1164	0.34722000	0.34301000	0.00420937
1165	0.34438100	0.34016700	0.00421372
1166	0.34175100	0.33753300	0.00421790
1167	0.33935300	0.33513100	0.00422198
1168	0.33719100	0.33296400	0.00422708
1169	0.33530100	0.33106800	0.00423333
1170	0.33372100	0.32948100	0.00424021
1171	0.33247200	0.32822500	0.00424758
1172	0.33159400	0.32733900	0.00425492
1173	0.33111800	0.32685500	0.00426277
1174	0.33104400	0.32677300	0.00427091
1175	0.33136300	0.32708400	0.00427891
1176	0.33204900	0.32776300	0.00428637
1177	0.33308200	0.32878900	0.00429315
1178	0.33443600	0.33013700	0.00429916
1179	0.33607800	0.33177400	0.00430440
1180	0.33796000	0.33365200	0.00430876
1181	0.34004500	0.33573300	0.00431207
1182	0.34228100	0.33796600	0.00431459
1183	0.34462300	0.34030700	0.00431638
1184	0.34703600	0.34271900	0.00431753
1185	0.34947600	0.34515800	0.00431824
1186	0.35191400	0.34759500	0.00431839
1187	0.35432900	0.35001100	0.00431819
1188	0.35666900	0.35235100	0.00431775
1189	0.35890700	0.35459000	0.00431714
1190	0.36102700	0.35671000	0.00431641
1191	0.36303900	0.35872300	0.00431583
1192	0.36495000	0.36063400	0.00431554
1193	0.36676900	0.36245300	0.00431580
1194	0.36849000	0.36417300	0.00431664
1195	0.37009000	0.36577200	0.00431797
1196	0.37152100	0.36720200	0.00431985
1197	0.37277100	0.36844900	0.00432242
1198	0.37381300	0.36948800	0.00432562
1199	0.37462400	0.37029500	0.00432939
1200	0.37519700	0.37086400	0.00433373
1201	0.37549400	0.37115500	0.00433894
1202	0.37550700	0.37116200	0.00434503
1203	0.37524000	0.37088800	0.00435202
1204	0.37473200	0.37037200	0.00435992
1205	0.37400700	0.36963800	0.00436851
1206	0.37308300	0.36870500	0.00437763
1207	0.37199900	0.36761200	0.00438725
1208	0.37079600	0.36639900	0.00439745
1209	0.36951300	0.36510500	0.00440832
1210	0.36823500	0.36381500	0.00441999
1211	0.36698900	0.36255700	0.00443236
1212	0.36581800	0.36137300	0.00444516
1213	0.36477600	0.36031800	0.00445811
1214	0.36388600	0.35941600	0.00447086
1215	0.36317700	0.35869400	0.00448332
1216	0.36266200	0.35816700	0.00449531
1217	0.36236200	0.35785600	0.00450693
1218	0.36226700	0.35774800	0.00451830
1219	0.36238800	0.35785800	0.00452963
1220	0.36273000	0.35818900	0.00454101
1221	0.36333200	0.35877900	0.00455242
1222	0.36417400	0.35961000	0.00456396
1223	0.36522400	0.36064800	0.00457579
1224	0.36645600	0.36186800	0.00458801
1225	0.36781800	0.36321800	0.00460055
1226	0.36925200	0.36463800	0.00461340
1227	0.37076200	0.36613500	0.00462672
1228	0.37233300	0.36769300	0.00464050
1229	0.37397800	0.36932400	0.00465472
1230	0.37565300	0.37098400	0.00466912
1231	0.37732900	0.37264600	0.00468361
1232	0.37899900	0.37430100	0.00469807
1233	0.38065000	0.37593800	0.00471258
1234	0.38229900	0.37757200	0.00472705
1235	0.38395600	0.37921400	0.00474153
1236	0.38559500	0.38084000	0.00475587
1237	0.38722000	0.38245100	0.00476943
1238	0.38879200	0.38401100	0.00478188
1239	0.39030400	0.38551100	0.00479285
1240	0.39174000	0.38693800	0.00480207
1241	0.39310700	0.38829800	0.00480912
1242	0.39440600	0.38959200	0.00481364
1243	0.39566100	0.39084600	0.00481524
1244	0.39689600	0.39208200	0.00481393
1245	0.39813100	0.39332200	0.00480929
1246	0.39936600	0.39456500	0.00480123
1247	0.40061900	0.39583000	0.00478966
1248	0.40187600	0.39710100	0.00477503
1249	0.40311000	0.39835200	0.00475768
1250	0.40431800	0.39958000	0.00473798
1251	0.40545700	0.40074100	0.00471604
1252	0.40653300	0.40184000	0.00469230
1253	0.40752600	0.40285900	0.00466694
1254	0.40843600	0.40379500	0.00464088
1255	0.40929900	0.40468400	0.00461459
1256	0.41013700	0.40554800	0.00458855
1257	0.41095400	0.40639100	0.00456262
1258	0.41175400	0.40721800	0.00453665
1259	0.41255100	0.40804000	0.00451110
1260	0.41328500	0.40879900	0.00448581
1261	0.41391200	0.40945200	0.00446043
1262	0.41439800	0.40996400	0.00443476
1263	0.41472200	0.41031300	0.00440866
1264	0.41487600	0.41049400	0.00438204
1265	0.41487600	0.41052100	0.00435489
1266	0.41475000	0.41042300	0.00432739
1267	0.41454400	0.41024400	0.00429995
1268	0.41429500	0.41002200	0.00427326
1269	0.41404200	0.40979500	0.00424778
1270	0.41382000	0.40959700	0.00422348
1271	0.41364700	0.40944700	0.00420047
1272	0.41349200	0.40931300	0.00417877
1273	0.41338100	0.40922200	0.00415850
1274	0.41331400	0.40917400	0.00414039
1275	0.41331900	0.40919400	0.00412517
1276	0.41339800	0.40928500	0.00411298
1277	0.41353500	0.40943100	0.00410357
1278	0.41372000	0.40962300	0.00409693
1279	0.41392500	0.40983300	0.00409247
1280	0.41411300	0.41002300	0.00408970
1281	0.41427400	0.41018600	0.00408869
1282	0.41438500	0.41029600	0.00408896
1283	0.41443200	0.41034100	0.00409015
1284	0.41440700	0.41031500	0.00409236
1285	0.41431900	0.41022300	0.00409648
1286	0.41419700	0.41009400	0.00410241
1287	0.41406000	0.40995000	0.00410979
1288	0.41391900	0.40980100	0.00411828
1289	0.41378000	0.40965300	0.00412758
1290	0.41363300	0.40949600	0.00413701
1291	0.41344900	0.40930200	0.00414614
1292	0.41321600	0.40906100	0.00415468
1293	0.41295500	0.40879200	0.00416354
1294	0.41267100	0.40849800	0.00417252
1295	0.41235800	0.40817700	0.00418158
1296	0.41200300	0.40781200	0.00419064
1297	0.41160100	0.40740100	0.00419979
1298	0.41117400	0.40696400	0.00420946
1299	0.41072800	0.40650800	0.00421963
1300	0.41025400	0.40602300	0.00423056
1301	0.40975600	0.40551400	0.00424203
1302	0.40921600	0.40496200	0.00425391
1303	0.40860300	0.40433800	0.00426568
1304	0.40790500	0.40362700	0.00427750
1305	0.40710200	0.40281300	0.00428920
1306	0.40623000	0.40192900	0.00430065
1307	0.40529300	0.40098100	0.00431194
1308	0.40431600	0.39999300	0.00432293
1309	0.40330300	0.39896900	0.00433382
1310	0.40226700	0.39792200	0.00434444
1311	0.40121800	0.39686300	0.00435489
1312	0.40017000	0.39580400	0.00436537
1313	0.39910700	0.39473200	0.00437556
1314	0.39801400	0.39362800	0.00438561
1315	0.39689600	0.39250100	0.00439540
1316	0.39574200	0.39133700	0.00440514
1317	0.39455200	0.39013800	0.00441404
1318	0.39332700	0.38890500	0.00442185
1319	0.39207800	0.38765000	0.00442797
1320	0.39081200	0.38637900	0.00443270
1321	0.38954200	0.38510600	0.00443568
1322	0.38827500	0.38383800	0.00443716
1323	0.38702400	0.38258700	0.00443684
1324	0.38580400	0.38136900	0.00443519
1325	0.38459600	0.38016400	0.00443224
1326	0.38338500	0.37895600	0.00442870
1327	0.38214900	0.37772400	0.00442567
1328	0.38089000	0.37646600	0.00442338
1329	0.37957500	0.37515300	0.00442154
1330	0.37820200	0.37378200	0.00441989
1331	0.37677200	0.37235300	0.00441834
1332	0.37531700	0.37090000	0.00441684
1333	0.37381800	0.36940200	0.00441605
1334	0.37227700	0.36786200	0.00441537
1335	0.37065500	0.36624000	0.00441478
1336	0.36895600	0.36454100	0.00441496
1337	0.36716100	0.36274500	0.00441567
1338	0.36528900	0.36087100	0.00441711
1339	0.36335300	0.35893300	0.00441969
1340	0.36138800	0.35696500	0.00442376
1341	0.35941300	0.35498400	0.00442957
1342	0.35747100	0.35303500	0.00443622
1343	0.35558400	0.35114100	0.00444268
1344	0.35376300	0.34931500	0.00444870
1345	0.35203100	0.34757700	0.00445365
1346	0.35038100	0.34592400	0.00445737
1347	0.34883800	0.34437900	0.00445906
1348	0.34737200	0.34291400	0.00445812
1349	0.34601700	0.34156200	0.00445489
1350	0.34477900	0.34033000	0.00444923
1351	0.34369800	0.33925600	0.00444161
1352	0.34279300	0.33836200	0.00443161
1353	0.34211100	0.33769200	0.00441939
1354	0.34168100	0.33727500	0.00440539
1355	0.34154500	0.33715500	0.00438955
1356	0.34166200	0.33729000	0.00437184
1357	0.34204800	0.33769500	0.00435268
1358	0.34267300	0.33834000	0.00433282
1359	0.34355900	0.33924600	0.00431259
1360	0.34471700	0.34042400	0.00429244
1361	0.34616900	0.34189600	0.00427287
1362	0.34786900	0.34361500	0.00425409
1363	0.34977900	0.34554200	0.00423655
1364	0.35182000	0.34760000	0.00422007
1365	0.35393800	0.34973300	0.00420457
1366	0.35608000	0.35189000	0.00419025
1367	0.35822900	0.35405200	0.00417753
1368	0.36035400	0.35618900	0.00416582
1369	0.36239900	0.35824500	0.00415476
1370	0.36431600	0.36017100	0.00414448
1371	0.36604000	0.36190500	0.00413506
1372	0.36750700	0.36338000	0.00412666
1373	0.36864900	0.36452900	0.00412008
1374	0.36943100	0.36531600	0.00411527
1375	0.36981100	0.36569800	0.00411315
1376	0.36975900	0.36564600	0.00411222
1377	0.36927400	0.36516000	0.00411347
1378	0.36841700	0.36430100	0.00411559
1379	0.36725300	0.36313300	0.00411977
1380	0.36587400	0.36174800	0.00412582
1381	0.36437500	0.36024300	0.00413254
1382	0.36283500	0.35869300	0.00414194
1383	0.36132100	0.35716700	0.00415410
1384	0.35986100	0.35569200	0.00416840
1385	0.35844700	0.35426300	0.00418389
1386	0.35704300	0.35284200	0.00420125
1387	0.35562700	0.35140700	0.00422051
1388	0.35417400	0.34993300	0.00424091
1389	0.35268700	0.34842500	0.00426201
1390	0.35117000	0.34688700	0.00428363
1391	0.34966200	0.34535600	0.00430512
1392	0.34821300	0.34388700	0.00432645
1393	0.34687600	0.34252900	0.00434725
1394	0.34571900	0.34135300	0.00436654
1395	0.34478800	0.34040400	0.00438391
1396	0.34413400	0.33973600	0.00439840
1397	0.34372000	0.33931000	0.00441033
1398	0.34354600	0.33912600	0.00441946
1399	0.34361100	0.33918500	0.00442595
1400	0.34391400	0.33948400	0.00443003
1401	0.34445800	0.34002700	0.00443114
1402	0.34522300	0.34079400	0.00442987
1403	0.34619200	0.34176500	0.00442608
1404	0.34734500	0.34292500	0.00441984
1405	0.34865800	0.34424700	0.00441106
1406	0.35011600	0.34571500	0.00440052
1407	0.35174300	0.34735300	0.00438964
1408	0.35355600	0.34917700	0.00437921
1409	0.35557200	0.35120200	0.00436933
1410	0.35775700	0.35339700	0.00435989
1411	0.36009000	0.35573900	0.00435111
1412	0.36254200	0.35819900	0.00434322
1413	0.36508400	0.36074800	0.00433632
1414	0.36768400	0.36335300	0.00433039
1415	0.37028200	0.36595800	0.00432434
1416	0.37283000	0.36851200	0.00431779
1417	0.37519900	0.37088800	0.00431069
1418	0.37732200	0.37301900	0.00430272
1419	0.37918000	0.37488600	0.00429448
1420	0.38081300	0.37652600	0.00428687
1421	0.38220900	0.37793000	0.00427973
1422	0.38341400	0.37914100	0.00427342
1423	0.38446500	0.38019600	0.00426910
1424	0.38536700	0.38109900	0.00426777
1425	0.38614800	0.38187800	0.00426972
1426	0.38678700	0.38251200	0.00427516
1427	0.38726500	0.38298000	0.00428411
1428	0.38749900	0.38320300	0.00429655
1429	0.38746000	0.38314800	0.00431223
1430	0.38711700	0.38278500	0.00433116
1431	0.38646600	0.38211300	0.00435365
1432	0.38555900	0.38117900	0.00437936
1433	0.38446800	0.38006000	0.00440770
1434	0.38327000	0.37883200	0.00443795
1435	0.38206900	0.37759900	0.00446930
1436	0.38095100	0.37644900	0.00450124
1437	0.38001000	0.37547700	0.00453313
1438	0.37929400	0.37473000	0.00456371
1439	0.37883000	0.37423700	0.00459231
1440	0.37857800	0.37396000	0.00461824
1441	0.37845500	0.37381400	0.00464086
1442	0.37838300	0.37372300	0.00465993
1443	0.37826000	0.37358500	0.00467506
1444	0.37799800	0.37331100	0.00468688
1445	0.37755200	0.37285700	0.00469521
1446	0.37691200	0.37221100	0.00470019
1447	0.37611500	0.37141200	0.00470223
1448	0.37522800	0.37052600	0.00470276
1449	0.37433600	0.36963400	0.00470232
1450	0.37351800	0.36881700	0.00470113
1451	0.37281700	0.36811700	0.00469988
1452	0.37228900	0.36759100	0.00469871
1453	0.37196100	0.36726400	0.00469769
1454	0.37185200	0.36715500	0.00469661
1455	0.37194700	0.36725100	0.00469544
1456	0.37222700	0.36753200	0.00469439
1457	0.37267000	0.36797700	0.00469339
1458	0.37321700	0.36852500	0.00469217
1459	0.37381500	0.36912400	0.00469067
1460	0.37444000	0.36975100	0.00468901
1461	0.37509500	0.37040800	0.00468723
1462	0.37580900	0.37112300	0.00468581
1463	0.37661800	0.37193300	0.00468503
1464	0.37753900	0.37285400	0.00468496
1465	0.37857700	0.37389100	0.00468569
1466	0.37970300	0.37501600	0.00468717
1467	0.38090100	0.37621200	0.00468900
1468	0.38211600	0.37742500	0.00469093
1469	0.38332700	0.37863400	0.00469281
1470	0.38447900	0.37978400	0.00469497
1471	0.38557000	0.38087300	0.00469699
1472	0.38658000	0.38188200	0.00469875
1473	0.38753600	0.38283600	0.00470037
1474	0.38842700	0.38372600	0.00470160
1475	0.38929400	0.38459100	0.00470287
1476	0.39014100	0.38543600	0.00470416
1477	0.39099800	0.38629300	0.00470479
1478	0.39188500	0.38717900	0.00470561
1479	0.39282000	0.38811400	0.00470632
1480	0.39379600	0.38909000	0.00470639
1481	0.39479600	0.39009000	0.00470612
1482	0.39578900	0.39108400	0.00470505
1483	0.39676100	0.39205800	0.00470308
1484	0.39770800	0.39300700	0.00470074
1485	0.39864600	0.39394900	0.00469693
1486	0.39956000	0.39486700	0.00469265
1487	0.40046300	0.39577400	0.00468833
1488	0.40134700	0.39666300	0.00468385
1489	0.40220500	0.39752400	0.00468031
1490	0.40302900	0.39835200	0.00467749
1491	0.40381600	0.39914100	0.00467494
1492	0.40456000	0.39988800	0.00467260
1493	0.40525000	0.40057900	0.00467025
1494	0.40589700	0.40122900	0.00466748
1495	0.40651700	0.40185300	0.00466428
1496	0.40712100	0.40246000	0.00466052
1497	0.40773300	0.40307700	0.00465590
1498	0.40834000	0.40368900	0.00465026
1499	0.40892300	0.40428000	0.00464360
1500	0.40946400	0.40482800	0.00463610
1501	0.40993800	0.40531000	0.00462768
1502	0.41032000	0.40570200	0.00461789
1503	0.41059100	0.40598400	0.00460661
1504	0.41074800	0.40615400	0.00459378
1505	0.41079100	0.40621100	0.00457932
1506	0.41069100	0.40612800	0.00456333
1507	0.41045900	0.40591300	0.00454611
1508	0.41010500	0.40557700	0.00452785
1509	0.40962700	0.40511900	0.00450859
1510	0.40904900	0.40456100	0.00448853
1511	0.40837900	0.40391000	0.00446816
1512	0.40762300	0.40317500	0.00444802
1513	0.40679900	0.40237100	0.00442850
1514	0.40592300	0.40151300	0.00440968
1515	0.40501500	0.40062300	0.00439166
1516	0.40407300	0.39969800	0.00437472
1517	0.40310000	0.39874000	0.00435924
1518	0.40209500	0.39775000	0.00434503
1519	0.40107200	0.39674000	0.00433200
1520	0.40005800	0.39573700	0.00432041
1521	0.39908300	0.39477200	0.00431058
1522	0.39817600	0.39387300	0.00430268
1523	0.39735300	0.39305600	0.00429689
1524	0.39662700	0.39233400	0.00429305
1525	0.39599900	0.39170800	0.00429087
1526	0.39548600	0.39119500	0.00429070
1527	0.39508300	0.39079100	0.00429228
1528	0.39477700	0.39048100	0.00429548
1529	0.39454700	0.39024700	0.00429995
1530	0.39436300	0.39005800	0.00430535
1531	0.39419700	0.38988500	0.00431129
1532	0.39401400	0.38969600	0.00431787
1533	0.39378600	0.38946100	0.00432480
1534	0.39350200	0.38917000	0.00433197
1535	0.39317300	0.38883400	0.00433948
1536	0.39279500	0.38844800	0.00434723
1537	0.39236800	0.38801300	0.00435538
1538	0.39188500	0.38752100	0.00436408
1539	0.39137300	0.38699900	0.00437389
1540	0.39086200	0.38647700	0.00438484
1541	0.39039000	0.38599300	0.00439693
1542	0.38998400	0.38557300	0.00441011
1543	0.38966300	0.38523800	0.00442451
1544	0.38943600	0.38499500	0.00444038
1545	0.38930800	0.38485000	0.00445757
1546	0.38925700	0.38478200	0.00447544
1547	0.38925200	0.38475900	0.00449271
1548	0.38926900	0.38476000	0.00450841
1549	0.38930300	0.38478100	0.00452191
1550	0.38937900	0.38484600	0.00453341
1551	0.38951700	0.38497400	0.00454318
1552	0.38973300	0.38518200	0.00455119
1553	0.39004100	0.38548400	0.00455705
1554	0.39044800	0.38588800	0.00456012
1555	0.39094000	0.38637900	0.00456052
1556	0.39149200	0.38693300	0.00455819
1557	0.39206400	0.38751100	0.00455328
1558	0.39261500	0.38806800	0.00454641
1559	0.39312600	0.38858900	0.00453720
1560	0.39358300	0.38905700	0.00452597
1561	0.39398000	0.38946800	0.00451251
1562	0.39431300	0.38981600	0.00449686
1563	0.39459100	0.39011200	0.00447959
1564	0.39481800	0.39035700	0.00446071
1565	0.39500600	0.39056500	0.00444086
1566	0.39516400	0.39074400	0.00442022
1567	0.39529300	0.39089400	0.00439868
1568	0.39539600	0.39101800	0.00437733
1569	0.39546900	0.39111200	0.00435615
1570	0.39551400	0.39117900	0.00433479
1571	0.39553000	0.39121500	0.00431450
1572	0.39551200	0.39121700	0.00429489
1573	0.39546300	0.39118700	0.00427513
1574	0.39538000	0.39112300	0.00425673
1575	0.39524500	0.39100600	0.00423897
1576	0.39505200	0.39083200	0.00422083
1577	0.39479700	0.39059200	0.00420429
1578	0.39449100	0.39030300	0.00418794
1579	0.39413700	0.38996500	0.00417133
1580	0.39374800	0.38959200	0.00415600
1581	0.39333900	0.38919900	0.00414074
1582	0.39291700	0.38879100	0.00412583
1583	0.39250000	0.38838700	0.00411283
1584	0.39209500	0.38799500	0.00410072
1585	0.39170600	0.38761600	0.00408929
1586	0.39132200	0.38724200	0.00407995
1587	0.39095000	0.38687800	0.00407130
1588	0.39056500	0.38650200	0.00406261
1589	0.39016100	0.38610500	0.00405558
1590	0.38971800	0.38566900	0.00404947
1591	0.38923200	0.38518900	0.00404301
1592	0.38869800	0.38466000	0.00403816
1593	0.38810500	0.38407100	0.00403476
1594	0.38745200	0.38342100	0.00403137
1595	0.38673800	0.38271000	0.00402748
1596	0.38594400	0.38191900	0.00402442
1597	0.38507100	0.38104900	0.00402185
1598	0.38412100	0.38010200	0.00401922
1599	0.38311100	0.37909400	0.00401660
1600	0.38205500	0.37804000	0.00401451
1601	0.38097100	0.37695900	0.00401283
1602	0.37988000	0.37586900	0.00401154
1603	0.37877600	0.37476500	0.00401039
1604	0.37764300	0.37363400	0.00400915
1605	0.37646900	0.37246100	0.00400769
1606	0.37524500	0.37123900	0.00400577
1607	0.37396600	0.36996200	0.00400326
1608	0.37266100	0.36866100	0.00399987
1609	0.37136100	0.36736500	0.00399575
1610	0.37007600	0.36608500	0.00399127
1611	0.36882100	0.36483400	0.00398674
1612	0.36759400	0.36361200	0.00398203
1613	0.36637200	0.36239500	0.00397734
1614	0.36512700	0.36115400	0.00397237
1615	0.36385600	0.35988800	0.00396762
1616	0.36255000	0.35858700	0.00396306
1617	0.36123000	0.35727100	0.00395838
1618	0.35989500	0.35594100	0.00395360
1619	0.35855800	0.35460900	0.00394895
1620	0.35721600	0.35327100	0.00394478
1621	0.35587600	0.35193500	0.00394124
1622	0.35453300	0.35059500	0.00393809
1623	0.35318900	0.34925300	0.00393532
1624	0.35183600	0.34790300	0.00393307
1625	0.35048800	0.34655700	0.00393089
1626	0.34917100	0.34524200	0.00392867
1627	0.34793300	0.34400600	0.00392612
1628	0.34682400	0.34290100	0.00392286
1629	0.34589300	0.34197400	0.00391883
1630	0.34514300	0.34122900	0.00391417
1631	0.34457600	0.34066700	0.00390885
1632	0.34414200	0.34023900	0.00390333
1633	0.34384300	0.33994500	0.00389710
1634	0.34367000	0.33977900	0.00389067
1635	0.34364000	0.33975500	0.00388430
1636	0.34374800	0.33986900	0.00387850
1637	0.34400000	0.34012600	0.00387394
1638	0.34437200	0.34050200	0.00387027
1639	0.34490000	0.34103200	0.00386777
1640	0.34560400	0.34173700	0.00386664
1641	0.34652900	0.34266300	0.00386665
1642	0.34768600	0.34381800	0.00386773
1643	0.34907900	0.34520900	0.00386997
1644	0.35071100	0.34683800	0.00387332
1645	0.35255400	0.34867600	0.00387799
1646	0.35457700	0.35069300	0.00388363
1647	0.35678300	0.35289400	0.00388963
1648	0.35916000	0.35526400	0.00389552
1649	0.36170500	0.35780400	0.00390110
1650	0.36440100	0.36049500	0.00390617
1651	0.36723500	0.36332400	0.00391044
1652	0.37013800	0.36622300	0.00391420
1653	0.37309600	0.36917800	0.00391777
1654	0.37606500	0.37214300	0.00392186
1655	0.37898000	0.37505300	0.00392716
1656	0.38176800	0.37783400	0.00393404
1657	0.38437400	0.38043100	0.00394271
1658	0.38675900	0.38280600	0.00395286
1659	0.38890000	0.38493500	0.00396459
1660	0.39078200	0.38680500	0.00397749
1661	0.39241900	0.38842800	0.00399151
1662	0.39383100	0.38982500	0.00400638
1663	0.39504600	0.39102400	0.00402215
1664	0.39609800	0.39205900	0.00403889
1665	0.39701300	0.39295700	0.00405633
1666	0.39780300	0.39372800	0.00407489
1667	0.39849500	0.39440000	0.00409467
1668	0.39908400	0.39496800	0.00411554
1669	0.39957700	0.39544000	0.00413694
1670	0.39998300	0.39582400	0.00415864
1671	0.40029900	0.39611900	0.00418086
1672	0.40052700	0.39632300	0.00420359
1673	0.40067200	0.39644500	0.00422658
1674	0.40067700	0.39642800	0.00424943
1675	0.40052500	0.39625300	0.00427233
1676	0.40024500	0.39595000	0.00429519
1677	0.39986600	0.39554700	0.00431836
1678	0.39939200	0.39505200	0.00434065
1679	0.39882000	0.39445800	0.00436235
1680	0.39816200	0.39378000	0.00438265
1681	0.39743200	0.39303000	0.00440215
1682	0.39665100	0.39223000	0.00442087
1683	0.39582500	0.39138600	0.00443942
1684	0.39494700	0.39048900	0.00445750
1685	0.39400700	0.38953200	0.00447546
1686	0.39300100	0.38850800	0.00449335
1687	0.39193000	0.38741800	0.00451151
1688	0.39079900	0.38626900	0.00452970
1689	0.38962500	0.38507700	0.00454806
1690	0.38843900	0.38387300	0.00456641
1691	0.38726900	0.38268400	0.00458459
1692	0.38614400	0.38154200	0.00460215
1693	0.38508300	0.38046400	0.00461931
1694	0.38409700	0.37946100	0.00463605
1695	0.38321300	0.37856100	0.00465185
1696	0.38243700	0.37777000	0.00466672
1697	0.38177800	0.37709700	0.00468060
1698	0.38124400	0.37655100	0.00469351
1699	0.38083700	0.37613200	0.00470551
1700	0.38054500	0.37582800	0.00471649
1701	0.38036000	0.37563300	0.00472672
1702	0.38026100	0.37552500	0.00473605
1703	0.38024800	0.37550300	0.00474495
1704	0.38031800	0.37556400	0.00475408
1705	0.38047700	0.37571300	0.00476386
1706	0.38072500	0.37595100	0.00477468
1707	0.38106000	0.37627300	0.00478677
1708	0.38144500	0.37664500	0.00480004
1709	0.38183700	0.37702300	0.00481390
1710	0.38217900	0.37735200	0.00482666
1711	0.38242600	0.37758800	0.00483747
1712	0.38256300	0.37771600	0.00484705
1713	0.38259100	0.37773500	0.00485593
1714	0.38252800	0.37766300	0.00486473
1715	0.38241300	0.37753900	0.00487411
1716	0.38226900	0.37738500	0.00488402
1717	0.38211500	0.37722000	0.00489457
1718	0.38194000	0.37703500	0.00490526
1719	0.38174300	0.37682700	0.00491574
1720	0.38153600	0.37661000	0.00492553
1721	0.38128000	0.37634600	0.00493426
1722	0.38094700	0.37600600	0.00494164
1723	0.38054100	0.37559400	0.00494732
1724	0.38008100	0.37513000	0.00495085
1725	0.37963800	0.37468700	0.00495186
1726	0.37922600	0.37427600	0.00495025
1727	0.37885400	0.37390800	0.00494618
1728	0.37852500	0.37358500	0.00493992
1729	0.37825300	0.37332100	0.00493198
1730	0.37802600	0.37310300	0.00492284
1731	0.37786100	0.37294900	0.00491274
1732	0.37776100	0.37285900	0.00490193
1733	0.37776800	0.37287700	0.00489074
1734	0.37786300	0.37298400	0.00487942
1735	0.37804600	0.37317800	0.00486804
1736	0.37830700	0.37345000	0.00485667
1737	0.37864000	0.37379400	0.00484528
1738	0.37903500	0.37420000	0.00483407
1739	0.37948100	0.37465800	0.00482318
1740	0.37995600	0.37514300	0.00481267
1741	0.38043100	0.37562900	0.00480219
1742	0.38090700	0.37611500	0.00479150
1743	0.38140600	0.37662600	0.00478012
1744	0.38193500	0.37716700	0.00476820
1745	0.38249800	0.37774200	0.00475567
1746	0.38307400	0.37833100	0.00474287
1747	0.38364600	0.37891600	0.00473027
1748	0.38418800	0.37947000	0.00471810
1749	0.38468000	0.37997400	0.00470662
1750	0.38511200	0.38041600	0.00469606
1751	0.38546500	0.38077800	0.00468615
1752	0.38570400	0.38102700	0.00467714
1753	0.38580200	0.38113300	0.00466877
1754	0.38572700	0.38106500	0.00466141
1755	0.38543800	0.38078300	0.00465538
1756	0.38493700	0.38028600	0.00465049
1757	0.38424800	0.37960100	0.00464651
1758	0.38342400	0.37878100	0.00464320
1759	0.38252700	0.37788600	0.00464087
1760	0.38160200	0.37696200	0.00463987
1761	0.38067200	0.37603200	0.00464039
1762	0.37975300	0.37511100	0.00464259
1763	0.37884500	0.37419800	0.00464641
1764	0.37793800	0.37328600	0.00465190
1765	0.37701700	0.37235800	0.00465939
1766	0.37606900	0.37140100	0.00466818
1767	0.37509400	0.37041500	0.00467835
1768	0.37409900	0.36941000	0.00468962
1769	0.37312900	0.36842800	0.00470165
1770	0.37223700	0.36752200	0.00471449
1771	0.37146400	0.36673600	0.00472812
1772	0.37085600	0.36611400	0.00474187
1773	0.37043500	0.36567900	0.00475547
1774	0.37023900	0.36547000	0.00476852
1775	0.37027300	0.36549300	0.00478060
1776	0.37052900	0.36573800	0.00479138
1777	0.37097100	0.36617000	0.00480082
1778	0.37156500	0.36675600	0.00480865
1779	0.37228600	0.36747100	0.00481476
1780	0.37311300	0.36829400	0.00481908
1781	0.37401800	0.36919600	0.00482202
1782	0.37498500	0.37016200	0.00482379
1783	0.37601000	0.37118500	0.00482449
1784	0.37710400	0.37227900	0.00482435
1785	0.37827500	0.37345100	0.00482390
1786	0.37953700	0.37471400	0.00482317
1787	0.38088400	0.37606100	0.00482265
1788	0.38232100	0.37749900	0.00482235
1789	0.38384200	0.37902000	0.00482237
1790	0.38541600	0.38059300	0.00482292
1791	0.38702600	0.38220200	0.00482434
1792	0.38863800	0.38381200	0.00482585
1793	0.39021300	0.38538600	0.00482764
1794	0.39174400	0.38691400	0.00482960
1795	0.39322200	0.38839100	0.00483167
1796	0.39465700	0.38982400	0.00483339
1797	0.39602900	0.39119400	0.00483504
1798	0.39733400	0.39249700	0.00483627
1799	0.39854200	0.39370500	0.00483687
1800	0.39965500	0.39481800	0.00483688
1801	0.40066000	0.39582300	0.00483646
1802	0.40157400	0.39673800	0.00483562
1803	0.40241600	0.39758100	0.00483445
1804	0.40318500	0.39835200	0.00483303
1805	0.40389500	0.39906400	0.00483123
1806	0.40454200	0.39971300	0.00482891
1807	0.40512300	0.40029700	0.00482611
1808	0.40563800	0.40081500	0.00482306
1809	0.40607900	0.40125900	0.00481996
1810	0.40642900	0.40161300	0.00481692
1811	0.40665800	0.40184400	0.00481390
1812	0.40676500	0.40195500	0.00481092
1813	0.40675600	0.40194800	0.00480820
1814	0.40666300	0.40185700	0.00480597
1815	0.40650200	0.40169700	0.00480441
1816	0.40626300	0.40146000	0.00480314
1817	0.40593900	0.40113700	0.00480202
1818	0.40549500	0.40069400	0.00480097
1819	0.40490300	0.40010300	0.00479998
1820	0.40414900	0.39935000	0.00479886
1821	0.40325100	0.39845400	0.00479751
1822	0.40221400	0.39741800	0.00479617
1823	0.40107000	0.39627500	0.00479492
1824	0.39981200	0.39501800	0.00479395
1825	0.39845200	0.39365900	0.00479324
1826	0.39698200	0.39219000	0.00479280
1827	0.39541300	0.39062000	0.00479258
1828	0.39373700	0.38894400	0.00479255
1829	0.39198700	0.38719500	0.00479259
1830	0.39016800	0.38537500	0.00479237
1831	0.38833800	0.38354600	0.00479162
1832	0.38650800	0.38171800	0.00479031
1833	0.38472200	0.37993400	0.00478810
1834	0.38300700	0.37822200	0.00478520
1835	0.38138200	0.37660000	0.00478181
1836	0.37987700	0.37509900	0.00477818
1837	0.37850400	0.37373000	0.00477411
1838	0.37727000	0.37250000	0.00476973
1839	0.37618600	0.37142100	0.00476521
1840	0.37526100	0.37050000	0.00476085
1841	0.37450600	0.36975000	0.00475628
1842	0.37391900	0.36916700	0.00475184
1843	0.37350900	0.36876100	0.00474724
1844	0.37327100	0.36852800	0.00474266
1845	0.37319100	0.36845400	0.00473771
1846	0.37326200	0.36853000	0.00473273
1847	0.37346300	0.36873500	0.00472738
1848	0.37376400	0.36904200	0.00472207
1849	0.37411800	0.36940200	0.00471660
1850	0.37447700	0.36976600	0.00471139
1851	0.37478900	0.37008300	0.00470618
1852	0.37500800	0.37030700	0.00470106
1853	0.37511000	0.37041400	0.00469581
1854	0.37509300	0.37040200	0.00469047
1855	0.37498200	0.37029700	0.00468478
1856	0.37483300	0.37015400	0.00467880
1857	0.37469900	0.37002600	0.00467272
1858	0.37462700	0.36996000	0.00466686
1859	0.37466400	0.37000300	0.00466131
1860	0.37483900	0.37018200	0.00465636
1861	0.37518600	0.37053400	0.00465237
1862	0.37571100	0.37106100	0.00464970
1863	0.37639600	0.37174800	0.00464831
1864	0.37720600	0.37255800	0.00464824
1865	0.37806700	0.37341800	0.00464930
1866	0.37888800	0.37423600	0.00465160
1867	0.37959200	0.37493700	0.00465497
1868	0.38012900	0.37546900	0.00465955
1869	0.38048200	0.37581600	0.00466547
1870	0.38066100	0.37598900	0.00467282
1871	0.38071100	0.37603000	0.00468127
1872	0.38068300	0.37599300	0.00469064
1873	0.38062100	0.37592100	0.00470050
1874	0.38053600	0.37582500	0.00471074
1875	0.38042000	0.37569900	0.00472106
1876	0.38025500	0.37552300	0.00473161
1877	0.38003700	0.37529500	0.00474231
1878	0.37976300	0.37501000	0.00475311
1879	0.37945100	0.37468700	0.00476391
1880	0.37911100	0.37433700	0.00477433
1881	0.37876700	0.37398300	0.00478449
1882	0.37844100	0.37364600	0.00479433
1883	0.37814700	0.37334400	0.00480347
1884	0.37788600	0.37307400	0.00481148
1885	0.37765400	0.37283600	0.00481827
1886	0.37742400	0.37260000	0.00482414
1887	0.37718300	0.37235300	0.00482935
1888	0.37691600	0.37208200	0.00483412
1889	0.37661700	0.37177800	0.00483811
1890	0.37628200	0.37144100	0.00484106
1891	0.37591200	0.37106900	0.00484268
1892	0.37550800	0.37066500	0.00484292
1893	0.37505600	0.37021400	0.00484186
1894	0.37453400	0.36969400	0.00483927
1895	0.37392800	0.36909200	0.00483522
1896	0.37321400	0.36838400	0.00483017
1897	0.37239700	0.36757300	0.00482377
1898	0.37146500	0.36664900	0.00481622
1899	0.37042100	0.36561300	0.00480781
1900	0.36928800	0.36449000	0.00479836
1901	0.36810800	0.36332000	0.00478820
1902	0.36691700	0.36214000	0.00477757
1903	0.36573900	0.36097200	0.00476688
1904	0.36458500	0.35982800	0.00475616
1905	0.36347500	0.35872900	0.00474580
1906	0.36243100	0.35769600	0.00473578
1907	0.36147600	0.35675000	0.00472605
1908	0.36063100	0.35591400	0.00471677
1909	0.35991500	0.35520700	0.00470785
1910	0.35933800	0.35463800	0.00469976
1911	0.35889500	0.35420300	0.00469190
1912	0.35857000	0.35388600	0.00468425
1913	0.35831400	0.35363700	0.00467724
1914	0.35809500	0.35342400	0.00467081
1915	0.35789200	0.35322700	0.00466492
1916	0.35767600	0.35301700	0.00465949
1917	0.35744100	0.35278700	0.00465415
1918	0.35717200	0.35252300	0.00464867
1919	0.35685300	0.35221000	0.00464300
1920	0.35647400	0.35183700	0.00463705
1921	0.35603300	0.35140200	0.00463069
1922	0.35550800	0.35088400	0.00462394
1923	0.35489600	0.35027900	0.00461678
1924	0.35417700	0.34956800	0.00460940
1925	0.35338200	0.34878000	0.00460214
1926	0.35255400	0.34795900	0.00459544
1927	0.35174100	0.34715100	0.00458946
1928	0.35096600	0.34638100	0.00458431
1929	0.35025600	0.34567600	0.00457985
1930	0.34961900	0.34504300	0.00457637
1931	0.34905100	0.34447800	0.00457380
1932	0.34854800	0.34397600	0.00457214
1933	0.34810100	0.34353000	0.00457094
1934	0.34770700	0.34313700	0.00456990
1935	0.34736700	0.34279800	0.00456885
1936	0.34708600	0.34251800	0.00456775
1937	0.34687200	0.34230500	0.00456670
1938	0.34673800	0.34217200	0.00456574
1939	0.34669100	0.34212700	0.00456493
1940	0.34674500	0.34218100	0.00456423
1941	0.34690000	0.34233700	0.00456362
1942	0.34715300	0.34259000	0.00456313
1943	0.34749500	0.34293200	0.00456289
1944	0.34790300	0.34334000	0.00456294
1945	0.34837100	0.34380800	0.00456345
1946	0.34888600	0.34432200	0.00456428
1947	0.34944100	0.34487500	0.00456552
1948	0.35000600	0.34543900	0.00456698
1949	0.35060100	0.34603300	0.00456854
1950	0.35123200	0.34666200	0.00457012
1951	0.35192000	0.34734800	0.00457175
1952	0.35267000	0.34809600	0.00457341
1953	0.35349700	0.34892200	0.00457520
1954	0.35440000	0.34982300	0.00457705
1955	0.35538400	0.35080500	0.00457925
1956	0.35643600	0.35185400	0.00458185
1957	0.35755800	0.35297300	0.00458494
1958	0.35875900	0.35417100	0.00458841
1959	0.36003400	0.35544200	0.00459227
1960	0.36137800	0.35678200	0.00459656
1961	0.36278300	0.35818200	0.00460133
1962	0.36422400	0.35961800	0.00460664
1963	0.36568900	0.36107600	0.00461223
1964	0.36717900	0.36256100	0.00461823
1965	0.36870400	0.36408000	0.00462442
1966	0.37026800	0.36563700	0.00463068
1967	0.37187400	0.36723700	0.00463712
1968	0.37353400	0.36889000	0.00464367
1969	0.37524500	0.37059400	0.00465043
1970	0.37700600	0.37234900	0.00465749
1971	0.37880400	0.37413900	0.00466497
1972	0.38064600	0.37597300	0.00467281
1973	0.38250300	0.37782300	0.00468082
1974	0.38434900	0.37966000	0.00468876
1975	0.38614800	0.38145200	0.00469648
1976	0.38788000	0.38317600	0.00470381
1977	0.38952700	0.38481700	0.00471065
1978	0.39107700	0.38636000	0.00471675
1979	0.39252000	0.38779800	0.00472205
1980	0.39384000	0.38911300	0.00472644
1981	0.39503700	0.39030700	0.00472998
1982	0.39610300	0.39137000	0.00473283
1983	0.39703900	0.39230400	0.00473519
1984	0.39781700	0.39308000	0.00473712
1985	0.39845200	0.39371300	0.00473869
1986	0.39894000	0.39420000	0.00473978
1987	0.39929400	0.39455400	0.00474027
1988	0.39950900	0.39476900	0.00474012
1989	0.39960000	0.39486000	0.00473937
1990	0.39955500	0.39481700	0.00473812
1991	0.39940000	0.39466300	0.00473646
1992	0.39914000	0.39440600	0.00473439
1993	0.39879900	0.39406700	0.00473207
1994	0.39839800	0.39366800	0.00472963
1995	0.39798100	0.39325400	0.00472732
1996	0.39756900	0.39284300	0.00472539
1997	0.39718800	0.39246500	0.00472388
1998	0.39684800	0.39212600	0.00472292
1999	0.39655900	0.39183600	0.00472251
2000	0.39631400	0.39159200	0.00472274
2001	0.39612800	0.39140400	0.00472350
2002	0.39599100	0.39126600	0.00472471
2003	0.39592500	0.39119800	0.00472627
2004	0.39592000	0.39119100	0.00472837
2005	0.39600100	0.39127000	0.00473094
2006	0.39616600	0.39143200	0.00473439
2007	0.39643600	0.39169700	0.00473838
2008	0.39679300	0.39205000	0.00474347
2009	0.39723800	0.39248800	0.00474966
2010	0.39774900	0.39299200	0.00475687
2011	0.39830900	0.39354400	0.00476515
2012	0.39889900	0.39412500	0.00477391
2013	0.39949400	0.39471100	0.00478301
2014	0.40007600	0.39528400	0.00479202
2015	0.40063500	0.39583400	0.00480100
2016	0.40116500	0.39635500	0.00480969
2017	0.40165900	0.39684100	0.00481798
2018	0.40212300	0.39729800	0.00482541
2019	0.40255700	0.39772400	0.00483224
2020	0.40297300	0.39813500	0.00483848
2021	0.40337200	0.39852800	0.00484422
2022	0.40374800	0.39889900	0.00484924
2023	0.40408500	0.39923200	0.00485339
2024	0.40435600	0.39950000	0.00485657
2025	0.40454700	0.39968800	0.00485873
2026	0.40463200	0.39977200	0.00485982
2027	0.40460900	0.39974900	0.00485992
2028	0.40446700	0.39960800	0.00485886
2029	0.40420900	0.39935300	0.00485653
2030	0.40383800	0.39898500	0.00485314
2031	0.40335800	0.39850900	0.00484855
2032	0.40277100	0.39792900	0.00484293
2033	0.40207600	0.39723900	0.00483665
2034	0.40128500	0.39645500	0.00482995
2035	0.40038400	0.39556100	0.00482307
2036	0.39938800	0.39457200	0.00481630
2037	0.39831700	0.39350700	0.00480932
2038	0.39722700	0.39242400	0.00480221
2039	0.39616600	0.39137100	0.00479475
2040	0.39516200	0.39037500	0.00478705
2041	0.39422800	0.38944900	0.00477904
2042	0.39336400	0.38859300	0.00477061
2043	0.39256500	0.38780300	0.00476181
2044	0.39181900	0.38706600	0.00475296
2045	0.39111200	0.38636700	0.00474407
2046	0.39044500	0.38571000	0.00473524
2047	0.38982600	0.38510000	0.00472639
2048	0.38926000	0.38454200	0.00471765
2049	0.38876200	0.38405300	0.00470901
2050	0.38834500	0.38364500	0.00470025
2051	0.38802600	0.38333400	0.00469138
2052	0.38781500	0.38313300	0.00468246
2053	0.38772000	0.38304700	0.00467363
2054	0.38774400	0.38307900	0.00466490
2055	0.38788000	0.38322300	0.00465636
2056	0.38811500	0.38346700	0.00464794
2057	0.38841900	0.38378000	0.00463954
2058	0.38877500	0.38414400	0.00463149
2059	0.38914600	0.38452300	0.00462385
2060	0.38951800	0.38490100	0.00461691
2061	0.38983500	0.38522400	0.00461079
2062	0.39008800	0.38548200	0.00460579
2063	0.39025800	0.38565700	0.00460181
2064	0.39033300	0.38573400	0.00459893
2065	0.39029200	0.38569500	0.00459698
2066	0.39011100	0.38551500	0.00459582
2067	0.38979400	0.38519900	0.00459536
2068	0.38934800	0.38475300	0.00459532
2069	0.38877800	0.38418200	0.00459529
2070	0.38809300	0.38349800	0.00459501
2071	0.38732900	0.38273500	0.00459463
2072	0.38649800	0.38190400	0.00459375
2073	0.38558800	0.38099600	0.00459237
2074	0.38460700	0.38001600	0.00459050
2075	0.38357800	0.37899000	0.00458807
2076	0.38249900	0.37791400	0.00458487
2077	0.38137500	0.37679400	0.00458069
2078	0.38020300	0.37562800	0.00457552
2079	0.37901000	0.37444000	0.00456984
2080	0.37782100	0.37325700	0.00456381
2081	0.37665000	0.37209200	0.00455744
2082	0.37551300	0.37096200	0.00455046
2083	0.37441900	0.36987600	0.00454272
2084	0.37334800	0.36881300	0.00453439
2085	0.37228600	0.36776100	0.00452496
2086	0.37122800	0.36671400	0.00451372
2087	0.37017600	0.36567600	0.00450064
2088	0.36912100	0.36463500	0.00448588
2089	0.36805800	0.36358900	0.00446908
2090	0.36700300	0.36255300	0.00445038
2091	0.36592300	0.36149300	0.00442966
2092	0.36483200	0.36042400	0.00440776
2093	0.36372900	0.35934400	0.00438453
2094	0.36260500	0.35824400	0.00436034
2095	0.36146300	0.35712700	0.00433604
2096	0.36032100	0.35600900	0.00431216
2097	0.35919600	0.35490700	0.00428905
2098	0.35809600	0.35382800	0.00426782
2099	0.35704600	0.35279700	0.00424893
2100	0.35605800	0.35182600	0.00423238
2101	0.35514100	0.35092200	0.00421860
2102	0.35428900	0.35008200	0.00420720
2103	0.35350500	0.34930700	0.00419759
2104	0.35278400	0.34859500	0.00418981
2105	0.35212100	0.34793800	0.00418315
2106	0.35149400	0.34731600	0.00417765
2107	0.35088300	0.34671000	0.00417350
2108	0.35027800	0.34610800	0.00417027
2109	0.34966700	0.34549900	0.00416790
2110	0.34905000	0.34488300	0.00416605
2111	0.34843100	0.34426600	0.00416455
2112	0.34783800	0.34367300	0.00416431
2113	0.34728800	0.34312300	0.00416515
2114	0.34680600	0.34263900	0.00416674
2115	0.34639900	0.34223000	0.00416897
2116	0.34606000	0.34188900	0.00417198
2117	0.34579700	0.34162100	0.00417581
2118	0.34559200	0.34141200	0.00418029
2119	0.34543800	0.34125300	0.00418520
2120	0.34532600	0.34113500	0.00419061
2121	0.34525900	0.34106300	0.00419631
2122	0.34524700	0.34104500	0.00420210
2123	0.34530900	0.34110200	0.00420752
2124	0.34544500	0.34123300	0.00421229
2125	0.34565300	0.34143600	0.00421616
2126	0.34590600	0.34168700	0.00421897
2127	0.34618400	0.34196300	0.00422089
2128	0.34645700	0.34223500	0.00422197
2129	0.34671200	0.34249000	0.00422213
2130	0.34694000	0.34271800	0.00422155
2131	0.34713800	0.34291800	0.00422021
2132	0.34731200	0.34309400	0.00421812
2133	0.34747600	0.34326100	0.00421547
2134	0.34764700	0.34343500	0.00421207
2135	0.34783100	0.34362300	0.00420797
2136	0.34803900	0.34383600	0.00420307
2137	0.34827300	0.34407600	0.00419736
2138	0.34854400	0.34435300	0.00419114
2139	0.34887500	0.34469000	0.00418449
2140	0.34928400	0.34510700	0.00417738
2141	0.34981000	0.34564000	0.00417003
2142	0.35049400	0.34633100	0.00416256
2143	0.35137600	0.34722100	0.00415543
2144	0.35245100	0.34830200	0.00414907
2145	0.35368400	0.34954000	0.00414381
2146	0.35506200	0.35092200	0.00414007
2147	0.35656200	0.35242400	0.00413802
2148	0.35816000	0.35402200	0.00413800
2149	0.35983600	0.35569700	0.00413978
2150	0.36157500	0.35743200	0.00414325
2151	0.36334600	0.35919800	0.00414857
2152	0.36513800	0.36098200	0.00415571
2153	0.36691100	0.36274600	0.00416489
2154	0.36862100	0.36444600	0.00417587
2155	0.37024500	0.36605700	0.00418836
2156	0.37173200	0.36753000	0.00420214
2157	0.37305900	0.36884200	0.00421692
2158	0.37420800	0.36997500	0.00423267
2159	0.37518100	0.37093200	0.00424903
2160	0.37597200	0.37170600	0.00426569
2161	0.37660200	0.37232000	0.00428242
2162	0.37709900	0.37280000	0.00429900
2163	0.37752700	0.37321100	0.00431556
2164	0.37792700	0.37359500	0.00433189
2165	0.37836000	0.37401200	0.00434828
2166	0.37882900	0.37446400	0.00436459
2167	0.37936200	0.37498100	0.00438096
2168	0.37993900	0.37554200	0.00439703
2169	0.38057400	0.37616100	0.00441276
2170	0.38126700	0.37683900	0.00442789
2171	0.38201400	0.37757200	0.00444215
2172	0.38281300	0.37835800	0.00445534
2173	0.38367500	0.37920800	0.00446733
2174	0.38460200	0.38012300	0.00447809
2175	0.38559800	0.38111000	0.00448777
2176	0.38667600	0.38217900	0.00449668
2177	0.38783000	0.38332500	0.00450495
2178	0.38904600	0.38453400	0.00451261
2179	0.39031000	0.38579000	0.00451966
2180	0.39162800	0.38710200	0.00452591
2181	0.39295800	0.38842600	0.00453146
2182	0.39425700	0.38972000	0.00453633
2183	0.39549500	0.39095400	0.00454041
2184	0.39664700	0.39210300	0.00454343
2185	0.39770400	0.39315900	0.00454535
2186	0.39866900	0.39412300	0.00454623
2187	0.39954300	0.39499700	0.00454634
2188	0.40034700	0.39580100	0.00454551
2189	0.40109200	0.39654900	0.00454384
2190	0.40180000	0.39725800	0.00454176
2191	0.40247600	0.39793600	0.00453931
2192	0.40312800	0.39859100	0.00453660
2193	0.40376400	0.39923000	0.00453361
2194	0.40439100	0.39986000	0.00453063
2195	0.40501300	0.40048500	0.00452753
2196	0.40561000	0.40108500	0.00452423
2197	0.40619600	0.40167500	0.00452078
2198	0.40677300	0.40225600	0.00451729
2199	0.40735400	0.40284100	0.00451378
2200	0.40795700	0.40344600	0.00451041
2201	0.40859600	0.40408800	0.00450728
2202	0.40927900	0.40477400	0.00450495
2203	0.41001300	0.40551000	0.00450385
2204	0.41079400	0.40629000	0.00450405
2205	0.41162800	0.40712200	0.00450559
2206	0.41251200	0.40800300	0.00450868
2207	0.41345500	0.40894200	0.00451331
2208	0.41444600	0.40992600	0.00451949
2209	0.41547000	0.41094300	0.00452711
2210	0.41650300	0.41196700	0.00453603
2211	0.41752500	0.41297900	0.00454606
2212	0.41852900	0.41397200	0.00455702
2213	0.41948000	0.41491100	0.00456880
2214	0.42033100	0.41575000	0.00458116
2215	0.42105100	0.41645700	0.00459379
2216	0.42161400	0.41700800	0.00460639
2217	0.42202800	0.41741000	0.00461866
2218	0.42228500	0.41765400	0.00463046
2219	0.42238300	0.41774100	0.00464166
2220	0.42231200	0.41765900	0.00465227
2221	0.42208600	0.41742300	0.00466240
2222	0.42171100	0.41703900	0.00467197
2223	0.42120700	0.41652500	0.00468133
2224	0.42058200	0.41589100	0.00469092
2225	0.41985500	0.41515400	0.00470114
2226	0.41902800	0.41431600	0.00471214
2227	0.41812300	0.41339900	0.00472379
2228	0.41714700	0.41241100	0.00473614
2229	0.41611900	0.41137000	0.00474898
2230	0.41505100	0.41028800	0.00476242
2231	0.41394900	0.40917300	0.00477620
2232	0.41282200	0.40803200	0.00478990
2233	0.41168100	0.40687700	0.00480328
2234	0.41053800	0.40572200	0.00481585
2235	0.40940600	0.40457900	0.00482735
2236	0.40829600	0.40345800	0.00483732
2237	0.40721700	0.40237200	0.00484541
2238	0.40619000	0.40133900	0.00485147
2239	0.40522500	0.40036900	0.00485529
2240	0.40433600	0.39947900	0.00485696
2241	0.40354100	0.39868400	0.00485666
2242	0.40284700	0.39799200	0.00485444
2243	0.40225500	0.39740500	0.00485045
2244	0.40175400	0.39690900	0.00484517
2245	0.40133900	0.39649900	0.00483918
2246	0.40101300	0.39618000	0.00483264
2247	0.40076200	0.39593600	0.00482585
2248	0.40056900	0.39575000	0.00481907
2249	0.40042100	0.39560800	0.00481270
2250	0.40030700	0.39550000	0.00480685
2251	0.40020900	0.39540800	0.00480156
2252	0.40012100	0.39532400	0.00479686
2253	0.40003200	0.39523900	0.00479285
2254	0.39992600	0.39513700	0.00478966
2255	0.39978700	0.39500000	0.00478702
2256	0.39960400	0.39481900	0.00478521
2257	0.39937300	0.39458900	0.00478446
2258	0.39909000	0.39430500	0.00478474
2259	0.39875100	0.39396500	0.00478626
2260	0.39835300	0.39356400	0.00478913
2261	0.39790400	0.39311100	0.00479343
2262	0.39741500	0.39261600	0.00479925
2263	0.39689100	0.39208500	0.00480624
2264	0.39634500	0.39153100	0.00481452
2265	0.39578700	0.39096400	0.00482361
2266	0.39523000	0.39039700	0.00483335
2267	0.39469700	0.38985300	0.00484374
2268	0.39420900	0.38935400	0.00485451
2269	0.39379800	0.38893200	0.00486539
2270	0.39348700	0.38861100	0.00487618
2271	0.39327900	0.38839200	0.00488672
2272	0.39317100	0.38827400	0.00489686
2273	0.39317400	0.38826700	0.00490637
2274	0.39329100	0.38837500	0.00491512
2275	0.39352500	0.38860200	0.00492303
2276	0.39387900	0.38894900	0.00492981
2277	0.39433400	0.38939800	0.00493540
2278	0.39488200	0.38994200	0.00493969
2279	0.39550600	0.39056300	0.00494297
2280	0.39618700	0.39124200	0.00494525
2281	0.39690300	0.39195700	0.00494663
2282	0.39762900	0.39268200	0.00494711
2283	0.39834400	0.39339800	0.00494648
2284	0.39903900	0.39409500	0.00494464
2285	0.39970700	0.39476500	0.00494168
2286	0.40031700	0.39537900	0.00493756
2287	0.40086700	0.39593500	0.00493216
2288	0.40135000	0.39642500	0.00492569
2289	0.40176300	0.39684400	0.00491825
2290	0.40210600	0.39719600	0.00490994
2291	0.40236500	0.39746400	0.00490074
2292	0.40254000	0.39764900	0.00489084
2293	0.40263000	0.39775000	0.00488041
2294	0.40264000	0.39777000	0.00486989
2295	0.40258500	0.39772600	0.00485934
2296	0.40247100	0.39762200	0.00484914
2297	0.40230200	0.39746200	0.00483953
2298	0.40208500	0.39725500	0.00483026
2299	0.40182600	0.39700500	0.00482193
2300	0.40153400	0.39671800	0.00481521
2301	0.40120200	0.39639200	0.00480953
2302	0.40082800	0.39602300	0.00480485
2303	0.40040600	0.39560500	0.00480064
2304	0.39992000	0.39512300	0.00479739
2305	0.39935800	0.39456400	0.00479402
2306	0.39871200	0.39392100	0.00479174
2307	0.39799300	0.39320300	0.00478937
2308	0.39721300	0.39242700	0.00478678
2309	0.39641000	0.39162500	0.00478472
2310	0.39560700	0.39082500	0.00478211
2311	0.39482100	0.39004200	0.00477988
2312	0.39408100	0.38930300	0.00477787
2313	0.39339100	0.38861600	0.00477485
2314	0.39275900	0.38798700	0.00477200
2315	0.39218900	0.38742000	0.00476880
2316	0.39167200	0.38690800	0.00476409
2317	0.39120900	0.38644900	0.00475953
2318	0.39079500	0.38604000	0.00475503
2319	0.39042000	0.38567100	0.00474977
2320	0.39007800	0.38533400	0.00474434
2321	0.38976200	0.38502200	0.00473982
2322	0.38944400	0.38470800	0.00473539
2323	0.38910800	0.38437700	0.00473088
2324	0.38872300	0.38399600	0.00472725
2325	0.38827300	0.38354900	0.00472443
2326	0.38773300	0.38301100	0.00472197
2327	0.38709900	0.38237900	0.00471993
2328	0.38635500	0.38163700	0.00471793
2329	0.38550400	0.38078700	0.00471676
2330	0.38454200	0.37982600	0.00471623
2331	0.38347800	0.37876200	0.00471605
2332	0.38231000	0.37759400	0.00471616
2333	0.38105900	0.37634300	0.00471644
2334	0.37973300	0.37501700	0.00471649
2335	0.37835100	0.37363400	0.00471651
2336	0.37692900	0.37221300	0.00471645
2337	0.37547600	0.37076000	0.00471629
2338	0.37400200	0.36928700	0.00471578
2339	0.37252700	0.36781200	0.00471484
2340	0.37107300	0.36636000	0.00471353
2341	0.36966600	0.36495400	0.00471155
2342	0.36831200	0.36360300	0.00470909
2343	0.36701400	0.36230700	0.00470635
2344	0.36577600	0.36107200	0.00470335
2345	0.36459200	0.35989200	0.00470017
2346	0.36347700	0.35878000	0.00469674
2347	0.36243800	0.35774500	0.00469307
2348	0.36148700	0.35679800	0.00468922
2349	0.36062100	0.35593600	0.00468528
2350	0.35983800	0.35515600	0.00468132
2351	0.35912900	0.35445100	0.00467732
2352	0.35848700	0.35381400	0.00467337
2353	0.35790600	0.35323700	0.00466928
2354	0.35737700	0.35271200	0.00466510
2355	0.35688800	0.35222700	0.00466085
2356	0.35643200	0.35177600	0.00465634
2357	0.35600700	0.35135500	0.00465148
2358	0.35561100	0.35096400	0.00464619
2359	0.35525100	0.35061000	0.00464048
2360	0.35492600	0.35029100	0.00463433
2361	0.35463700	0.35001000	0.00462754
2362	0.35437800	0.34975800	0.00462006
2363	0.35413900	0.34952700	0.00461170
2364	0.35391600	0.34931400	0.00460258
2365	0.35371000	0.34911700	0.00459270
2366	0.35352000	0.34893800	0.00458227
2367	0.35335000	0.34877900	0.00457119
2368	0.35320200	0.34864200	0.00455959
2369	0.35307800	0.34853100	0.00454762
2370	0.35298100	0.34844500	0.00453543
2371	0.35290800	0.34838500	0.00452302
2372	0.35285100	0.34834000	0.00451045
2373	0.35280900	0.34831100	0.00449781
2374	0.35278100	0.34829600	0.00448509
2375	0.35276500	0.34829300	0.00447250
2376	0.35275500	0.34829400	0.00446027
2377	0.35274800	0.34830000	0.00444874
2378	0.35273500	0.34829700	0.00443807
2379	0.35270200	0.34827400	0.00442846
2380	0.35265100	0.34823100	0.00442011
2381	0.35257600	0.34816300	0.00441310
2382	0.35247100	0.34806300	0.00440732
2383	0.35232800	0.34792500	0.00440275
2384	0.35213900	0.34774000	0.00439929
2385	0.35190600	0.34750900	0.00439710
2386	0.35163200	0.34723600	0.00439630
2387	0.35132000	0.34692300	0.00439699
2388	0.35098100	0.34658100	0.00439917
2389	0.35063800	0.34623500	0.00440273
2390	0.35031900	0.34591100	0.00440746
2391	0.35006000	0.34564700	0.00441305
2392	0.34987800	0.34545900	0.00441929
2393	0.34979400	0.34536800	0.00442589
2394	0.34981400	0.34538200	0.00443268
2395	0.34995100	0.34551100	0.00443943
2396	0.35019800	0.34575200	0.00444594
2397	0.35056400	0.34611200	0.00445216
2398	0.35103000	0.34657200	0.00445815
2399	0.35158800	0.34712400	0.00446407
2400	0.35222000	0.34774900	0.00447009
2401	0.35293000	0.34845400	0.00447615
2402	0.35369300	0.34921100	0.00448241
2403	0.35450300	0.35001400	0.00448879
2404	0.35534300	0.35084800	0.00449538
2405	0.35620700	0.35170500	0.00450227
2406	0.35707100	0.35256200	0.00450946
2407	0.35793700	0.35342000	0.00451674
2408	0.35878300	0.35425900	0.00452438
2409	0.35960700	0.35507400	0.00453216
2410	0.36037600	0.35583600	0.00454003
2411	0.36108300	0.35653500	0.00454806
2412	0.36169000	0.35713400	0.00455615
2413	0.36217900	0.35761500	0.00456438
2414	0.36252400	0.35795100	0.00457286
2415	0.36272900	0.35814800	0.00458180
2416	0.36279400	0.35820300	0.00459098
2417	0.36272300	0.35812300	0.00460023
2418	0.36251700	0.35790800	0.00460914
2419	0.36219700	0.35758000	0.00461731
2420	0.36176700	0.35714200	0.00462484
2421	0.36124900	0.35661700	0.00463179
2422	0.36064000	0.35600200	0.00463771
2423	0.35997200	0.35533000	0.00464242
2424	0.35925400	0.35460800	0.00464610
2425	0.35850500	0.35385600	0.00464896
2426	0.35773200	0.35308100	0.00465102
2427	0.35697900	0.35232700	0.00465206
2428	0.35626900	0.35161600	0.00465250
2429	0.35565300	0.35100100	0.00465247
2430	0.35515700	0.35050400	0.00465234
2431	0.35481900	0.35016700	0.00465229
2432	0.35465500	0.35000200	0.00465234
2433	0.35469600	0.35004300	0.00465292
2434	0.35493700	0.35028300	0.00465398
2435	0.35536500	0.35070900	0.00465597
2436	0.35594600	0.35128700	0.00465898
2437	0.35664300	0.35197900	0.00466321
2438	0.35741000	0.35274200	0.00466840
2439	0.35821200	0.35353800	0.00467454
2440	0.35901900	0.35433700	0.00468130
2441	0.35980800	0.35512000	0.00468830
2442	0.36056800	0.35587300	0.00469551
2443	0.36128600	0.35658300	0.00470273
2444	0.36197900	0.35726800	0.00471001
2445	0.36262900	0.35791100	0.00471730
2446	0.36323700	0.35851200	0.00472454
2447	0.36379600	0.35906400	0.00473189
2448	0.36430500	0.35956600	0.00473916
2449	0.36476100	0.36001500	0.00474622
2450	0.36517800	0.36042500	0.00475305
2451	0.36555100	0.36079100	0.00475974
2452	0.36587300	0.36110700	0.00476634
2453	0.36616000	0.36138700	0.00477288
2454	0.36642600	0.36164700	0.00477914
2455	0.36668600	0.36190100	0.00478506
2456	0.36695600	0.36216500	0.00479055
2457	0.36724900	0.36245300	0.00479557
2458	0.36759300	0.36279300	0.00480001
2459	0.36799800	0.36319400	0.00480373
2460	0.36845700	0.36365000	0.00480644
2461	0.36897200	0.36416400	0.00480821
2462	0.36952400	0.36471500	0.00480885
2463	0.37009900	0.36529100	0.00480811
2464	0.37067600	0.36587000	0.00480602
2465	0.37124200	0.36644000	0.00480246
2466	0.37175700	0.36696000	0.00479725
2467	0.37221100	0.36742000	0.00479070
2468	0.37259800	0.36781500	0.00478270
2469	0.37288800	0.36811500	0.00477352
2470	0.37307100	0.36830800	0.00476316
2471	0.37312400	0.36837300	0.00475153
2472	0.37305500	0.36831600	0.00473896
2473	0.37289400	0.36816900	0.00472554
2474	0.37267100	0.36796000	0.00471153
2475	0.37242000	0.36772300	0.00469725
2476	0.37217600	0.36749400	0.00468284
2477	0.37197300	0.36730500	0.00466858
2478	0.37183700	0.36718300	0.00465477
2479	0.37179500	0.36715300	0.00464188
2480	0.37184700	0.36721700	0.00463007
2481	0.37200100	0.36738100	0.00461974
2482	0.37224800	0.36763700	0.00461093
2483	0.37258700	0.36798300	0.00460337
2484	0.37299900	0.36840200	0.00459695
2485	0.37347700	0.36888500	0.00459163
2486	0.37399200	0.36940500	0.00458725
2487	0.37452400	0.36994100	0.00458360
2488	0.37505600	0.37047500	0.00458059
2489	0.37557400	0.37099500	0.00457835
2490	0.37606100	0.37148400	0.00457698
2491	0.37651300	0.37193600	0.00457637
2492	0.37692400	0.37234800	0.00457615
2493	0.37728600	0.37271000	0.00457599
2494	0.37758500	0.37300900	0.00457570
2495	0.37779500	0.37322000	0.00457502
2496	0.37790200	0.37332800	0.00457400
2497	0.37790200	0.37332900	0.00457254
2498	0.37778800	0.37321800	0.00457056
2499	0.37756300	0.37299500	0.00456821
2500	0.37723600	0.37267000	0.00456577
