Time	Cd Total	Cd Pressure	Cd Viscous
1	0.01600350	0.01490280	0.00110071
2	0.04081450	0.03952270	0.00129187
3	0.06311140	0.06157800	0.00153335
4	0.07332110	0.07153130	0.00178976
5	0.06897050	0.06694900	0.00202150
6	0.05352380	0.05133590	0.00218787
7	0.03338020	0.03108300	0.00229730
8	0.01524490	0.01286250	0.00238240
9	0.00379716	0.00135171	0.00244544
10	0.00030258	-0.00217555	0.00247813
11	0.00358234	0.00108416	0.00249818
12	0.01072670	0.00822736	0.00249937
13	0.01881500	0.01632000	0.00249492
14	0.02556180	0.02309190	0.00246993
15	0.02976880	0.02733160	0.00243720
16	0.03125600	0.02885190	0.00240408
17	0.03070640	0.02833670	0.00236965
18	0.02908980	0.02675530	0.00233445
19	0.02738130	0.02508020	0.00230105
20	0.02628780	0.02402310	0.00226467
21	0.02609420	0.02386440	0.00222985
22	0.02671110	0.02451340	0.00219774
23	0.02789690	0.02572490	0.00217198
24	0.02926120	0.02711220	0.00214906
25	0.03049150	0.02835780	0.00213369
26	0.03139310	0.02927470	0.00211834
27	0.03190510	0.02980240	0.00210270
28	0.03213740	0.03004660	0.00209085
29	0.03216690	0.03009140	0.00207548
30	0.03211230	0.03005580	0.00205650
31	0.03211680	0.03007800	0.00203873
32	0.03221270	0.03019270	0.00202005
33	0.03238080	0.03037800	0.00200280
34	0.03253080	0.03054280	0.00198792
35	0.03255000	0.03057490	0.00197514
36	0.03235880	0.03039330	0.00196550
37	0.03195440	0.02999630	0.00195804
38	0.03135120	0.02939710	0.00195406
39	0.03061670	0.02866410	0.00195257
40	0.02981840	0.02786700	0.00195144
41	0.02906020	0.02711040	0.00194985
42	0.02840700	0.02646000	0.00194697
43	0.02787940	0.02593690	0.00194252
44	0.02747280	0.02553650	0.00193635
45	0.02718130	0.02525370	0.00192759
46	0.02698140	0.02506560	0.00191586
47	0.02683800	0.02493600	0.00190200
48	0.02671300	0.02482640	0.00188657
49	0.02658910	0.02471860	0.00187045
50	0.02645090	0.02459690	0.00185404
51	0.02630830	0.02447190	0.00183638
52	0.02617000	0.02435240	0.00181761
53	0.02604230	0.02424220	0.00180014
54	0.02592770	0.02414350	0.00178416
55	0.02583580	0.02406620	0.00176960
56	0.02578660	0.02402980	0.00175685
57	0.02580850	0.02406140	0.00174716
58	0.02591810	0.02417770	0.00174044
59	0.02613010	0.02439420	0.00173591
60	0.02645900	0.02472610	0.00173296
61	0.02688330	0.02515370	0.00172957
62	0.02741570	0.02569020	0.00172547
63	0.02802890	0.02630700	0.00172186
64	0.02869070	0.02697100	0.00171970
65	0.02932490	0.02760670	0.00171813
66	0.02987400	0.02815660	0.00171737
67	0.03030850	0.02859050	0.00171801
68	0.03063780	0.02891690	0.00172081
69	0.03085570	0.02913320	0.00172255
70	0.03100630	0.02928450	0.00172187
71	0.03109680	0.02937730	0.00171956
72	0.03114940	0.02943110	0.00171826
73	0.03117760	0.02945830	0.00171930
74	0.03121430	0.02949080	0.00172345
75	0.03130070	0.02956960	0.00173104
76	0.03143370	0.02969130	0.00174241
77	0.03158820	0.02983110	0.00175708
78	0.03170970	0.02993510	0.00177458
79	0.03173930	0.02994610	0.00179317
80	0.03165840	0.02984760	0.00181078
81	0.03146120	0.02963560	0.00182562
82	0.03116490	0.02932900	0.00183591
83	0.03081280	0.02896810	0.00184471
84	0.03043180	0.02857930	0.00185249
85	0.03005560	0.02819570	0.00185993
86	0.02970390	0.02783750	0.00186640
87	0.02941490	0.02754350	0.00187143
88	0.02922380	0.02734850	0.00187530
89	0.02915330	0.02727510	0.00187825
90	0.02921850	0.02733800	0.00188048
91	0.02942560	0.02754380	0.00188177
92	0.02975980	0.02787720	0.00188256
93	0.03018930	0.02830690	0.00188237
94	0.03067290	0.02879050	0.00188239
95	0.03120370	0.02932090	0.00188281
96	0.03176940	0.02988540	0.00188404
97	0.03235920	0.03047470	0.00188451
98	0.03296220	0.03107850	0.00188363
99	0.03357740	0.03169520	0.00188216
100	0.03419370	0.03231350	0.00188017
101	0.03479730	0.03291900	0.00187833
102	0.03537330	0.03349680	0.00187644
103	0.03591430	0.03404060	0.00187370
104	0.03643700	0.03456700	0.00187000
105	0.03696020	0.03509500	0.00186523
106	0.03751610	0.03565650	0.00185958
107	0.03812670	0.03627170	0.00185498
108	0.03881610	0.03696470	0.00185140
109	0.03959650	0.03774780	0.00184863
110	0.04045370	0.03860700	0.00184666
111	0.04138430	0.03953870	0.00184558
112	0.04236820	0.04052340	0.00184480
113	0.04338070	0.04153680	0.00184387
114	0.04438250	0.04253960	0.00184290
115	0.04535650	0.04351430	0.00184223
116	0.04629310	0.04445090	0.00184220
117	0.04719910	0.04535620	0.00184295
118	0.04808660	0.04624210	0.00184451
119	0.04897430	0.04712750	0.00184682
120	0.04987640	0.04802640	0.00185001
121	0.05079240	0.04893790	0.00185447
122	0.05172390	0.04986360	0.00186026
123	0.05265150	0.05078470	0.00186681
124	0.05354680	0.05167390	0.00187295
125	0.05437580	0.05249750	0.00187838
126	0.05511820	0.05323500	0.00188315
127	0.05575580	0.05386990	0.00188591
128	0.05627080	0.05438440	0.00188638
129	0.05666080	0.05477540	0.00188534
130	0.05692690	0.05504380	0.00188316
131	0.05707750	0.05519790	0.00187960
132	0.05712420	0.05525010	0.00187409
133	0.05707360	0.05520610	0.00186746
134	0.05695080	0.05509030	0.00186050
135	0.05677650	0.05492290	0.00185357
136	0.05657070	0.05472390	0.00184673
137	0.05634760	0.05450720	0.00184045
138	0.05609770	0.05426330	0.00183443
139	0.05581410	0.05398560	0.00182847
140	0.05549240	0.05366990	0.00182249
141	0.05512360	0.05330710	0.00181657
142	0.05470160	0.05289060	0.00181090
143	0.05422210	0.05241670	0.00180534
144	0.05369630	0.05189640	0.00179987
145	0.05314100	0.05134660	0.00179443
146	0.05257580	0.05078670	0.00178918
147	0.05201070	0.05022650	0.00178419
148	0.05144680	0.04966700	0.00177982
149	0.05088700	0.04911030	0.00177664
150	0.05032090	0.04854590	0.00177499
151	0.04974390	0.04796880	0.00177513
152	0.04913880	0.04736120	0.00177752
153	0.04849270	0.04671000	0.00178266
154	0.04780010	0.04600940	0.00179070
155	0.04705930	0.04525770	0.00180156
156	0.04627850	0.04446280	0.00181573
157	0.04545800	0.04362500	0.00183292
158	0.04461090	0.04275890	0.00185199
159	0.04374380	0.04187360	0.00187018
160	0.04289690	0.04101100	0.00188594
161	0.04212060	0.04022090	0.00189966
162	0.04149620	0.03958380	0.00191244
163	0.04107300	0.03914960	0.00192343
164	0.04087820	0.03894390	0.00193429
165	0.04090050	0.03895290	0.00194751
166	0.04111250	0.03915020	0.00196233
167	0.04146970	0.03949370	0.00197608
168	0.04190870	0.03992150	0.00198714
169	0.04237390	0.04037740	0.00199650
170	0.04283150	0.04082630	0.00200515
171	0.04326260	0.04124960	0.00201295
172	0.04366510	0.04164530	0.00201979
173	0.04403420	0.04200780	0.00202640
174	0.04436870	0.04233580	0.00203298
175	0.04466240	0.04262250	0.00203990
176	0.04491530	0.04286820	0.00204716
177	0.04512480	0.04307030	0.00205445
178	0.04529670	0.04323540	0.00206126
179	0.04544150	0.04337400	0.00206754
180	0.04555870	0.04348550	0.00207321
181	0.04566340	0.04358510	0.00207833
182	0.04577130	0.04368860	0.00208272
183	0.04589750	0.04381120	0.00208637
184	0.04604810	0.04395900	0.00208907
185	0.04623010	0.04413930	0.00209073
186	0.04643110	0.04433910	0.00209200
187	0.04664210	0.04454890	0.00209327
188	0.04685930	0.04476470	0.00209459
189	0.04707560	0.04497920	0.00209630
190	0.04729430	0.04519580	0.00209849
191	0.04750410	0.04540290	0.00210125
192	0.04772290	0.04561820	0.00210471
193	0.04794510	0.04583610	0.00210907
194	0.04818140	0.04606670	0.00211477
195	0.04842580	0.04630400	0.00212183
196	0.04867150	0.04654180	0.00212967
197	0.04891670	0.04677860	0.00213813
198	0.04914990	0.04700310	0.00214678
199	0.04938260	0.04722620	0.00215636
200	0.04961150	0.04744330	0.00216827
201	0.04982790	0.04764540	0.00218252
202	0.05002700	0.04782780	0.00219921
203	0.05020720	0.04798900	0.00221818
204	0.05035420	0.04811580	0.00223841
205	0.05044130	0.04818100	0.00226035
206	0.05044690	0.04816280	0.00228409
207	0.05035730	0.04804820	0.00230904
208	0.05016590	0.04783150	0.00233447
209	0.04988540	0.04752500	0.00236032
210	0.04953250	0.04714580	0.00238663
211	0.04912510	0.04671200	0.00241304
212	0.04867380	0.04623530	0.00243851
213	0.04819240	0.04572980	0.00246263
214	0.04769870	0.04521430	0.00248437
215	0.04722060	0.04471690	0.00250372
216	0.04678310	0.04426210	0.00252105
217	0.04638880	0.04385220	0.00253660
218	0.04603670	0.04348620	0.00255059
219	0.04573490	0.04317160	0.00256331
220	0.04549800	0.04292390	0.00257412
221	0.04532660	0.04274390	0.00258278
222	0.04523440	0.04264510	0.00258934
223	0.04523000	0.04263630	0.00259370
224	0.04530520	0.04270940	0.00259571
225	0.04544480	0.04284930	0.00259554
226	0.04563100	0.04303740	0.00259362
227	0.04584850	0.04325770	0.00259077
228	0.04606760	0.04348030	0.00258723
229	0.04624810	0.04366520	0.00258282
230	0.04634990	0.04377230	0.00257765
231	0.04635220	0.04378060	0.00257159
232	0.04624910	0.04368420	0.00256484
233	0.04605910	0.04350190	0.00255720
234	0.04578910	0.04324030	0.00254874
235	0.04545340	0.04291390	0.00253949
236	0.04507270	0.04254300	0.00252964
237	0.04467220	0.04215310	0.00251917
238	0.04426590	0.04175730	0.00250858
239	0.04385360	0.04135560	0.00249799
240	0.04344320	0.04095600	0.00248725
241	0.04303720	0.04056060	0.00247656
242	0.04263200	0.04016670	0.00246532
243	0.04222640	0.03977300	0.00245341
244	0.04183150	0.03939100	0.00244053
245	0.04145940	0.03903230	0.00242710
246	0.04112820	0.03871420	0.00241398
247	0.04084480	0.03844350	0.00240132
248	0.04060680	0.03821800	0.00238880
249	0.04040890	0.03803250	0.00237635
250	0.04024820	0.03788390	0.00236430
251	0.04012100	0.03776830	0.00235266
252	0.04003210	0.03769070	0.00234146
253	0.03998660	0.03765560	0.00233094
254	0.03999160	0.03767060	0.00232097
255	0.04004400	0.03773290	0.00231108
256	0.04013900	0.03783780	0.00230122
257	0.04027200	0.03798050	0.00229159
258	0.04043410	0.03815080	0.00228327
259	0.04061950	0.03834270	0.00227680
260	0.04082070	0.03854910	0.00227160
261	0.04103580	0.03876820	0.00226762
262	0.04125300	0.03898840	0.00226455
263	0.04146250	0.03920040	0.00226208
264	0.04165450	0.03939480	0.00225969
265	0.04182690	0.03956990	0.00225699
266	0.04197510	0.03972100	0.00225411
267	0.04209230	0.03984130	0.00225102
268	0.04217590	0.03992780	0.00224808
269	0.04222480	0.03997940	0.00224540
270	0.04224980	0.04000670	0.00224310
271	0.04224780	0.04000670	0.00224102
272	0.04222160	0.03998240	0.00223924
273	0.04217790	0.03994000	0.00223792
274	0.04213040	0.03989290	0.00223745
275	0.04209440	0.03985630	0.00223814
276	0.04206470	0.03982470	0.00224001
277	0.04203500	0.03979240	0.00224264
278	0.04200090	0.03975510	0.00224580
279	0.04195440	0.03970450	0.00224988
280	0.04187900	0.03962340	0.00225557
281	0.04176600	0.03950250	0.00226344
282	0.04161300	0.03933930	0.00227372
283	0.04141860	0.03913240	0.00228620
284	0.04118320	0.03888300	0.00230020
285	0.04090860	0.03859300	0.00231560
286	0.04060970	0.03827790	0.00233175
287	0.04029680	0.03794930	0.00234749
288	0.03998350	0.03762140	0.00236214
289	0.03967210	0.03729690	0.00237519
290	0.03935530	0.03696920	0.00238609
291	0.03902500	0.03663050	0.00239443
292	0.03866690	0.03626670	0.00240020
293	0.03826830	0.03586460	0.00240368
294	0.03781790	0.03541280	0.00240512
295	0.03731440	0.03490970	0.00240470
296	0.03676150	0.03435850	0.00240303
297	0.03617000	0.03376940	0.00240058
298	0.03555100	0.03315330	0.00239766
299	0.03491600	0.03252150	0.00239453
300	0.03427260	0.03188170	0.00239086
301	0.03363160	0.03124490	0.00238674
302	0.03299890	0.03061670	0.00238218
303	0.03237250	0.02999470	0.00237786
304	0.03175420	0.02937900	0.00237523
305	0.03113970	0.02876420	0.00237554
306	0.03052240	0.02814390	0.00237855
307	0.02990100	0.02751730	0.00238369
308	0.02927890	0.02688800	0.00239091
309	0.02866060	0.02626070	0.00239993
310	0.02804920	0.02563840	0.00241077
311	0.02745410	0.02503050	0.00242357
312	0.02687820	0.02444040	0.00243787
313	0.02632800	0.02387460	0.00245343
314	0.02581960	0.02334990	0.00246968
315	0.02535930	0.02287340	0.00248593
316	0.02496370	0.02246130	0.00250235
317	0.02463900	0.02211980	0.00251923
318	0.02438760	0.02185080	0.00253678
319	0.02421090	0.02165630	0.00255462
320	0.02411000	0.02153770	0.00257234
321	0.02408880	0.02149940	0.00258936
322	0.02414510	0.02153960	0.00260549
323	0.02427680	0.02165670	0.00262017
324	0.02447750	0.02184460	0.00263289
325	0.02473610	0.02209260	0.00264343
326	0.02504620	0.02239450	0.00265170
327	0.02540100	0.02274370	0.00265733
328	0.02579080	0.02313080	0.00265997
329	0.02620640	0.02354690	0.00265946
330	0.02663570	0.02398000	0.00265566
331	0.02707360	0.02442510	0.00264849
332	0.02750990	0.02487200	0.00263792
333	0.02793980	0.02531580	0.00262403
334	0.02835350	0.02574660	0.00260690
335	0.02874590	0.02615920	0.00258663
336	0.02910590	0.02654250	0.00256340
337	0.02942990	0.02689250	0.00253733
338	0.02970780	0.02719930	0.00250851
339	0.02993270	0.02745560	0.00247711
340	0.03009660	0.02765330	0.00244328
341	0.03020270	0.02779520	0.00240741
342	0.03026350	0.02789360	0.00236986
343	0.03029390	0.02796280	0.00233107
344	0.03031710	0.02802530	0.00229174
345	0.03035060	0.02809790	0.00225277
346	0.03041250	0.02819760	0.00221487
347	0.03051030	0.02833180	0.00217853
348	0.03065040	0.02850650	0.00214395
349	0.03082180	0.02871050	0.00211138
350	0.03101120	0.02893050	0.00208073
351	0.03120180	0.02914980	0.00205206
352	0.03138120	0.02935560	0.00202562
353	0.03154320	0.02954190	0.00200129
354	0.03167670	0.02969740	0.00197925
355	0.03176610	0.02980660	0.00195950
356	0.03179860	0.02985660	0.00194198
357	0.03176640	0.02984000	0.00192639
358	0.03166510	0.02975260	0.00191251
359	0.03149840	0.02959830	0.00190006
360	0.03126670	0.02937790	0.00188886
361	0.03097920	0.02910070	0.00187854
362	0.03063950	0.02877060	0.00186891
363	0.03026090	0.02840120	0.00185972
364	0.02986490	0.02801410	0.00185079
365	0.02947130	0.02762930	0.00184195
366	0.02909560	0.02726260	0.00183303
367	0.02875970	0.02693590	0.00182384
368	0.02848330	0.02666920	0.00181418
369	0.02827950	0.02647570	0.00180379
370	0.02815830	0.02636580	0.00179246
371	0.02812150	0.02634150	0.00177999
372	0.02817140	0.02640520	0.00176621
373	0.02830680	0.02655580	0.00175103
374	0.02852610	0.02679170	0.00173441
375	0.02882680	0.02711020	0.00171661
376	0.02920130	0.02750370	0.00169756
377	0.02963830	0.02796070	0.00167764
378	0.03012090	0.02846360	0.00165726
379	0.03062850	0.02899220	0.00163627
380	0.03113950	0.02952450	0.00161496
381	0.03164570	0.03005200	0.00159363
382	0.03214700	0.03057400	0.00157308
383	0.03263580	0.03108250	0.00155336
384	0.03310220	0.03156690	0.00153534
385	0.03353280	0.03201380	0.00151899
386	0.03391090	0.03240610	0.00150485
387	0.03422460	0.03273210	0.00149248
388	0.03446160	0.03298010	0.00148155
389	0.03462630	0.03315470	0.00147160
390	0.03472270	0.03325990	0.00146281
391	0.03476340	0.03330790	0.00145555
392	0.03475060	0.03330060	0.00145004
393	0.03468690	0.03324010	0.00144685
394	0.03457740	0.03313100	0.00144642
395	0.03443810	0.03298910	0.00144899
396	0.03427490	0.03282050	0.00145444
397	0.03409860	0.03263600	0.00146262
398	0.03391550	0.03244190	0.00147363
399	0.03373100	0.03224310	0.00148787
400	0.03354080	0.03203560	0.00150519
401	0.03334230	0.03181710	0.00152516
402	0.03313960	0.03159150	0.00154814
403	0.03292300	0.03134890	0.00157407
404	0.03269380	0.03109160	0.00160217
405	0.03244990	0.03081780	0.00163212
406	0.03219100	0.03052700	0.00166405
407	0.03190740	0.03020890	0.00169846
408	0.03159670	0.02986120	0.00173550
409	0.03124870	0.02947400	0.00177467
410	0.03086740	0.02905200	0.00181537
411	0.03045510	0.02859860	0.00185651
412	0.03002370	0.02812580	0.00189795
413	0.02958130	0.02764190	0.00193941
414	0.02913570	0.02715490	0.00198076
415	0.02869580	0.02667400	0.00202178
416	0.02826920	0.02620670	0.00206245
417	0.02786560	0.02576310	0.00210242
418	0.02748810	0.02534660	0.00214145
419	0.02712790	0.02494830	0.00217959
420	0.02678220	0.02456530	0.00221699
421	0.02644260	0.02418950	0.00225310
422	0.02610640	0.02381850	0.00228791
423	0.02575720	0.02343680	0.00232038
424	0.02538710	0.02303690	0.00235028
425	0.02499350	0.02261580	0.00237774
426	0.02458050	0.02217770	0.00240277
427	0.02415430	0.02172880	0.00242549
428	0.02372710	0.02128110	0.00244602
429	0.02330570	0.02084150	0.00246419
430	0.02289300	0.02041350	0.00247943
431	0.02250790	0.02001640	0.00249146
432	0.02216180	0.01966220	0.00249959
433	0.02186000	0.01935540	0.00250463
434	0.02162190	0.01911510	0.00250676
435	0.02144960	0.01894300	0.00250660
436	0.02135520	0.01885030	0.00250486
437	0.02134190	0.01884020	0.00250168
438	0.02139970	0.01890240	0.00249730
439	0.02152610	0.01903340	0.00249275
440	0.02170520	0.01921750	0.00248767
441	0.02191380	0.01943200	0.00248183
442	0.02213000	0.01965540	0.00247461
443	0.02233570	0.01986950	0.00246621
444	0.02251600	0.02005870	0.00245731
445	0.02266680	0.02021890	0.00244785
446	0.02278640	0.02034830	0.00243810
447	0.02287460	0.02044680	0.00242781
448	0.02293620	0.02051930	0.00241695
449	0.02297720	0.02057180	0.00240545
450	0.02300850	0.02061540	0.00239310
451	0.02303800	0.02065820	0.00237979
452	0.02307250	0.02070690	0.00236562
453	0.02311790	0.02076680	0.00235110
454	0.02317400	0.02083730	0.00233668
455	0.02325560	0.02093270	0.00232287
456	0.02337820	0.02106860	0.00230966
457	0.02355280	0.02125610	0.00229668
458	0.02378180	0.02149800	0.00228377
459	0.02406700	0.02179570	0.00227135
460	0.02440410	0.02214460	0.00225950
461	0.02479750	0.02254950	0.00224809
462	0.02523890	0.02300180	0.00223708
463	0.02573080	0.02350460	0.00222625
464	0.02626840	0.02405240	0.00221593
465	0.02685330	0.02464710	0.00220621
466	0.02748510	0.02528770	0.00219738
467	0.02815340	0.02596390	0.00218951
468	0.02884300	0.02666070	0.00218233
469	0.02954050	0.02736490	0.00217558
470	0.03023770	0.02806830	0.00216939
471	0.03092340	0.02875940	0.00216399
472	0.03158090	0.02942130	0.00215961
473	0.03220290	0.03004640	0.00215647
474	0.03277750	0.03062250	0.00215503
475	0.03328880	0.03113330	0.00215546
476	0.03372450	0.03156660	0.00215788
477	0.03407580	0.03191340	0.00216243
478	0.03433100	0.03216200	0.00216904
479	0.03448610	0.03230920	0.00217692
480	0.03453830	0.03235250	0.00218582
481	0.03448690	0.03229160	0.00219534
482	0.03433240	0.03212740	0.00220494
483	0.03408010	0.03186560	0.00221451
484	0.03374410	0.03152080	0.00222328
485	0.03334530	0.03111450	0.00223073
486	0.03290280	0.03066700	0.00223580
487	0.03243390	0.03019580	0.00223808
488	0.03194620	0.02970780	0.00223839
489	0.03145230	0.02921480	0.00223758
490	0.03096690	0.02873130	0.00223554
491	0.03049880	0.02826650	0.00223225
492	0.03006300	0.02783470	0.00222831
493	0.02966450	0.02744040	0.00222412
494	0.02930540	0.02708590	0.00221951
495	0.02899480	0.02678100	0.00221385
496	0.02874200	0.02653430	0.00220770
497	0.02854760	0.02634620	0.00220140
498	0.02840810	0.02621220	0.00219588
499	0.02832220	0.02613090	0.00219135
500	0.02828930	0.02610130	0.00218794
501	0.02829910	0.02611310	0.00218591
502	0.02834010	0.02615560	0.00218457
503	0.02839870	0.02621530	0.00218340
504	0.02846380	0.02628150	0.00218232
505	0.02853120	0.02635040	0.00218088
506	0.02859920	0.02642030	0.00217890
507	0.02867070	0.02649350	0.00217716
508	0.02875110	0.02657510	0.00217604
509	0.02884910	0.02667440	0.00217472
510	0.02896770	0.02679420	0.00217358
511	0.02910250	0.02692930	0.00217318
512	0.02924830	0.02707520	0.00217308
513	0.02940730	0.02723420	0.00217318
514	0.02957610	0.02740230	0.00217377
515	0.02974920	0.02757410	0.00217503
516	0.02991980	0.02774290	0.00217687
517	0.03008570	0.02790630	0.00217942
518	0.03023850	0.02805650	0.00218197
519	0.03037450	0.02819020	0.00218426
520	0.03048670	0.02830000	0.00218670
521	0.03056860	0.02838010	0.00218854
522	0.03061680	0.02842740	0.00218948
523	0.03062640	0.02843670	0.00218974
524	0.03059170	0.02840210	0.00218964
525	0.03051050	0.02832170	0.00218887
526	0.03038370	0.02819620	0.00218756
527	0.03021670	0.02803080	0.00218591
528	0.03000960	0.02782550	0.00218412
529	0.02976830	0.02758630	0.00218196
530	0.02949450	0.02731500	0.00217945
531	0.02919370	0.02701700	0.00217666
532	0.02886890	0.02669510	0.00217375
533	0.02852680	0.02635590	0.00217095
534	0.02817910	0.02601080	0.00216829
535	0.02783520	0.02566950	0.00216573
536	0.02750330	0.02534020	0.00216312
537	0.02719500	0.02503470	0.00216029
538	0.02692360	0.02476610	0.00215743
539	0.02670650	0.02455180	0.00215467
540	0.02655360	0.02440170	0.00215187
541	0.02647090	0.02432160	0.00214929
542	0.02646430	0.02431710	0.00214716
543	0.02653050	0.02438480	0.00214571
544	0.02666800	0.02452300	0.00214494
545	0.02686530	0.02472040	0.00214486
546	0.02711900	0.02497340	0.00214556
547	0.02742410	0.02527700	0.00214709
548	0.02777220	0.02562320	0.00214898
549	0.02816090	0.02601000	0.00215097
550	0.02858840	0.02643590	0.00215249
551	0.02905330	0.02689980	0.00215356
552	0.02954180	0.02738760	0.00215424
553	0.03005140	0.02789680	0.00215465
554	0.03057670	0.02842230	0.00215438
555	0.03111340	0.02895990	0.00215344
556	0.03165630	0.02950450	0.00215178
557	0.03220380	0.03005390	0.00214994
558	0.03274310	0.03059380	0.00214936
559	0.03326760	0.03111780	0.00214979
560	0.03376830	0.03161750	0.00215084
561	0.03424580	0.03209380	0.00215200
562	0.03469180	0.03253830	0.00215342
563	0.03510100	0.03294520	0.00215579
564	0.03546900	0.03331000	0.00215907
565	0.03579530	0.03363250	0.00216278
566	0.03607650	0.03391010	0.00216642
567	0.03631600	0.03414650	0.00216950
568	0.03651240	0.03434080	0.00217159
569	0.03666680	0.03449440	0.00217241
570	0.03678020	0.03460810	0.00217205
571	0.03685140	0.03468080	0.00217060
572	0.03687720	0.03470890	0.00216832
573	0.03685390	0.03468880	0.00216512
574	0.03677510	0.03461510	0.00216005
575	0.03663500	0.03448150	0.00215352
576	0.03642890	0.03428300	0.00214590
577	0.03615850	0.03402110	0.00213736
578	0.03582180	0.03369430	0.00212749
579	0.03542650	0.03331020	0.00211627
580	0.03497430	0.03287030	0.00210399
581	0.03447540	0.03238460	0.00209080
582	0.03393450	0.03185750	0.00207695
583	0.03335860	0.03129620	0.00206244
584	0.03275720	0.03071010	0.00204716
585	0.03214030	0.03010900	0.00203135
586	0.03152130	0.02950570	0.00201559
587	0.03091620	0.02891570	0.00200053
588	0.03033170	0.02834620	0.00198553
589	0.02977640	0.02780630	0.00197007
590	0.02926020	0.02730620	0.00195400
591	0.02879400	0.02685660	0.00193737
592	0.02838370	0.02646340	0.00192024
593	0.02802730	0.02612490	0.00190244
594	0.02772270	0.02583840	0.00188430
595	0.02746710	0.02560110	0.00186603
596	0.02725860	0.02541100	0.00184753
597	0.02709590	0.02526750	0.00182842
598	0.02697170	0.02516270	0.00180899
599	0.02687900	0.02508930	0.00178975
600	0.02681560	0.02504500	0.00177059
601	0.02678630	0.02503530	0.00175097
602	0.02679260	0.02506180	0.00173084
603	0.02683200	0.02512130	0.00171070
604	0.02689910	0.02520850	0.00169056
605	0.02698480	0.02531420	0.00167063
606	0.02708620	0.02543470	0.00165146
607	0.02718950	0.02555630	0.00163314
608	0.02728230	0.02566610	0.00161625
609	0.02735350	0.02575210	0.00160143
610	0.02739410	0.02580550	0.00158861
611	0.02740190	0.02582400	0.00157789
612	0.02736920	0.02579940	0.00156976
613	0.02729570	0.02573200	0.00156368
614	0.02717430	0.02561520	0.00155914
615	0.02700410	0.02544750	0.00155658
616	0.02678190	0.02522530	0.00155660
617	0.02650430	0.02494560	0.00155866
618	0.02616900	0.02460710	0.00156193
619	0.02579110	0.02422490	0.00156614
620	0.02538170	0.02380990	0.00157179
621	0.02495940	0.02338060	0.00157882
622	0.02453890	0.02295160	0.00158727
623	0.02413770	0.02254060	0.00159715
624	0.02376310	0.02215490	0.00160825
625	0.02343190	0.02181100	0.00162085
626	0.02314770	0.02151290	0.00163485
627	0.02290820	0.02125870	0.00164958
628	0.02271040	0.02104530	0.00166517
629	0.02254060	0.02085850	0.00168207
630	0.02239730	0.02069730	0.00170005
631	0.02227280	0.02055470	0.00171816
632	0.02216290	0.02042700	0.00173583
633	0.02206510	0.02031200	0.00175317
634	0.02197890	0.02020840	0.00177048
635	0.02191680	0.02012880	0.00178802
636	0.02189150	0.02008550	0.00180599
637	0.02191230	0.02008840	0.00182388
638	0.02198560	0.02014390	0.00184171
639	0.02212380	0.02026440	0.00185947
640	0.02232440	0.02044700	0.00187734
641	0.02256310	0.02066760	0.00189554
642	0.02283210	0.02091770	0.00191432
643	0.02312330	0.02119000	0.00193329
644	0.02343930	0.02148690	0.00195244
645	0.02377730	0.02180550	0.00197179
646	0.02415240	0.02216090	0.00199150
647	0.02458080	0.02256900	0.00201186
648	0.02508360	0.02305100	0.00203260
649	0.02566410	0.02361120	0.00205296
650	0.02631420	0.02424050	0.00207372
651	0.02701400	0.02491880	0.00209525
652	0.02774910	0.02563180	0.00211730
653	0.02850040	0.02636080	0.00213957
654	0.02926150	0.02709960	0.00216189
655	0.03002810	0.02784390	0.00218419
656	0.03080050	0.02859390	0.00220658
657	0.03157450	0.02934530	0.00222929
658	0.03234640	0.03009370	0.00225270
659	0.03309720	0.03082020	0.00227697
660	0.03381860	0.03151640	0.00230216
661	0.03450810	0.03218000	0.00232816
662	0.03515260	0.03279810	0.00235450
663	0.03574810	0.03336730	0.00238082
664	0.03629500	0.03388810	0.00240684
665	0.03679700	0.03436480	0.00243219
666	0.03725790	0.03480100	0.00245686
667	0.03768170	0.03520100	0.00248066
668	0.03807560	0.03557230	0.00250328
669	0.03844790	0.03592340	0.00252449
670	0.03878920	0.03624520	0.00254398
671	0.03910000	0.03653850	0.00256143
672	0.03937590	0.03679920	0.00257664
673	0.03961460	0.03702490	0.00258967
674	0.03980850	0.03720770	0.00260076
675	0.03994690	0.03733680	0.00261004
676	0.04003240	0.03741480	0.00261756
677	0.04007290	0.03744950	0.00262339
678	0.04007210	0.03744420	0.00262786
679	0.04003510	0.03740400	0.00263108
680	0.03997010	0.03733730	0.00263277
681	0.03987850	0.03724600	0.00263246
682	0.03976690	0.03713630	0.00263061
683	0.03962910	0.03700160	0.00262748
684	0.03945270	0.03682960	0.00262314
685	0.03923330	0.03661560	0.00261775
686	0.03896520	0.03635410	0.00261105
687	0.03864940	0.03604590	0.00260342
688	0.03828370	0.03568850	0.00259524
689	0.03787480	0.03528830	0.00258648
690	0.03743000	0.03485260	0.00257742
691	0.03696180	0.03439330	0.00256848
692	0.03647280	0.03391280	0.00256001
693	0.03596600	0.03341400	0.00255207
694	0.03544930	0.03290440	0.00254490
695	0.03493620	0.03239820	0.00253804
696	0.03443720	0.03190570	0.00253157
697	0.03397110	0.03144560	0.00252549
698	0.03354140	0.03102170	0.00251971
699	0.03315630	0.03064210	0.00251414
700	0.03281360	0.03030510	0.00250852
701	0.03251190	0.03000910	0.00250281
702	0.03224730	0.02975020	0.00249706
703	0.03201900	0.02952740	0.00249164
704	0.03182620	0.02933940	0.00248687
705	0.03167170	0.02918890	0.00248279
706	0.03156010	0.02908070	0.00247937
707	0.03148870	0.02901230	0.00247643
708	0.03145550	0.02898210	0.00247336
709	0.03145840	0.02898860	0.00246983
710	0.03149670	0.02903070	0.00246597
711	0.03156980	0.02910790	0.00246191
712	0.03166780	0.02921010	0.00245765
713	0.03179300	0.02934020	0.00245283
714	0.03194030	0.02949270	0.00244755
715	0.03211340	0.02967180	0.00244161
716	0.03230340	0.02986850	0.00243496
717	0.03250050	0.03007320	0.00242733
718	0.03269800	0.03027890	0.00241909
719	0.03288670	0.03047620	0.00241058
720	0.03305940	0.03065790	0.00240150
721	0.03320700	0.03081630	0.00239072
722	0.03332980	0.03095130	0.00237844
723	0.03342740	0.03106230	0.00236513
724	0.03349450	0.03114400	0.00235050
725	0.03352580	0.03119210	0.00233373
726	0.03351960	0.03120420	0.00231544
727	0.03347750	0.03118080	0.00229668
728	0.03339990	0.03112200	0.00227783
729	0.03329710	0.03103860	0.00225854
730	0.03317590	0.03093750	0.00223834
731	0.03305130	0.03083450	0.00221683
732	0.03293510	0.03073970	0.00219539
733	0.03282390	0.03064970	0.00217426
734	0.03270090	0.03054810	0.00215282
735	0.03255660	0.03042550	0.00213114
736	0.03239320	0.03028340	0.00210980
737	0.03220790	0.03011830	0.00208968
738	0.03199870	0.02992760	0.00207109
739	0.03176920	0.02971550	0.00205374
740	0.03152870	0.02949000	0.00203867
741	0.03128490	0.02925880	0.00202604
742	0.03104500	0.02902880	0.00201619
743	0.03081630	0.02880720	0.00200906
744	0.03060720	0.02860270	0.00200443
745	0.03041820	0.02841590	0.00200228
746	0.03024410	0.02824140	0.00200264
747	0.03007820	0.02807290	0.00200530
748	0.02991200	0.02790210	0.00200983
749	0.02973310	0.02771690	0.00201617
750	0.02953970	0.02751570	0.00202403
751	0.02932240	0.02728930	0.00203310
752	0.02908150	0.02703850	0.00204291
753	0.02881530	0.02676210	0.00205321
754	0.02852700	0.02646290	0.00206410
755	0.02822000	0.02614480	0.00207519
756	0.02789660	0.02581030	0.00208633
757	0.02755170	0.02545420	0.00209751
758	0.02719680	0.02508800	0.00210877
759	0.02683640	0.02471630	0.00212016
760	0.02647760	0.02434580	0.00213177
761	0.02612140	0.02397780	0.00214364
762	0.02576870	0.02361280	0.00215584
763	0.02542050	0.02325210	0.00216847
764	0.02509150	0.02290990	0.00218156
765	0.02479260	0.02259750	0.00219502
766	0.02453200	0.02232310	0.00220886
767	0.02431420	0.02209160	0.00222259
768	0.02414390	0.02190820	0.00223570
769	0.02403010	0.02178210	0.00224800
770	0.02398120	0.02172140	0.00225978
771	0.02400650	0.02173530	0.00227116
772	0.02409910	0.02181650	0.00228257
773	0.02425250	0.02195850	0.00229404
774	0.02445610	0.02215140	0.00230476
775	0.02470540	0.02239120	0.00231419
776	0.02499910	0.02267670	0.00232237
777	0.02533610	0.02300650	0.00232958
778	0.02571640	0.02338020	0.00233612
779	0.02613080	0.02378940	0.00234149
780	0.02656240	0.02421600	0.00234646
781	0.02699070	0.02463890	0.00235179
782	0.02739970	0.02504200	0.00235762
783	0.02778480	0.02542090	0.00236391
784	0.02813670	0.02576620	0.00237057
785	0.02845610	0.02607900	0.00237717
786	0.02873950	0.02635540	0.00238411
787	0.02899440	0.02660350	0.00239093
788	0.02922580	0.02682860	0.00239716
789	0.02944830	0.02704580	0.00240250
790	0.02967360	0.02726650	0.00240715
791	0.02990130	0.02749060	0.00241067
792	0.03011940	0.02770750	0.00241187
793	0.03032360	0.02791360	0.00241000
794	0.03049970	0.02809450	0.00240520
795	0.03064260	0.02824480	0.00239773
796	0.03075070	0.02836320	0.00238744
797	0.03081670	0.02844210	0.00237458
798	0.03083560	0.02847530	0.00236030
799	0.03080010	0.02845500	0.00234506
800	0.03070060	0.02837120	0.00232940
801	0.03052930	0.02821590	0.00231345
802	0.03028210	0.02798480	0.00229729
803	0.02996590	0.02768530	0.00228069
804	0.02958490	0.02732090	0.00226398
805	0.02914730	0.02690000	0.00224721
806	0.02866180	0.02643140	0.00223037
807	0.02815060	0.02593710	0.00221345
808	0.02763850	0.02544200	0.00219654
809	0.02714870	0.02496910	0.00217956
810	0.02669810	0.02453560	0.00216250
811	0.02630340	0.02415790	0.00214550
812	0.02596700	0.02383800	0.00212901
813	0.02568800	0.02357500	0.00211309
814	0.02544980	0.02335210	0.00209778
815	0.02525320	0.02317000	0.00208318
816	0.02509290	0.02302350	0.00206932
817	0.02496510	0.02290910	0.00205599
818	0.02487180	0.02282810	0.00204366
819	0.02480160	0.02276870	0.00203288
820	0.02475730	0.02273380	0.00202343
821	0.02474130	0.02272650	0.00201480
822	0.02475730	0.02275060	0.00200666
823	0.02480470	0.02280550	0.00199922
824	0.02487910	0.02288660	0.00199250
825	0.02498010	0.02299380	0.00198632
826	0.02510390	0.02312320	0.00198068
827	0.02525070	0.02327530	0.00197534
828	0.02542590	0.02345560	0.00197029
829	0.02563000	0.02366430	0.00196570
830	0.02586740	0.02390570	0.00196164
831	0.02614050	0.02418260	0.00195787
832	0.02644910	0.02449450	0.00195460
833	0.02679010	0.02483860	0.00195150
834	0.02715690	0.02520850	0.00194832
835	0.02754500	0.02560010	0.00194490
836	0.02794870	0.02600670	0.00194196
837	0.02836380	0.02642450	0.00193933
838	0.02878440	0.02684760	0.00193684
839	0.02921250	0.02727830	0.00193421
840	0.02963730	0.02770610	0.00193125
841	0.03005560	0.02812730	0.00192831
842	0.03046710	0.02854130	0.00192588
843	0.03087050	0.02894670	0.00192378
844	0.03126030	0.02933860	0.00192174
845	0.03163800	0.02971860	0.00191941
846	0.03200550	0.03008900	0.00191649
847	0.03236090	0.03044780	0.00191307
848	0.03270220	0.03079260	0.00190956
849	0.03303190	0.03112590	0.00190608
850	0.03334840	0.03144620	0.00190220
851	0.03365440	0.03175590	0.00189843
852	0.03394370	0.03204900	0.00189463
853	0.03421360	0.03232250	0.00189119
854	0.03445620	0.03256830	0.00188796
855	0.03466800	0.03278360	0.00188442
856	0.03483600	0.03295520	0.00188085
857	0.03495890	0.03308150	0.00187749
858	0.03503200	0.03315800	0.00187401
859	0.03505420	0.03318390	0.00187032
860	0.03502260	0.03315620	0.00186647
861	0.03493680	0.03307450	0.00186229
862	0.03479150	0.03293310	0.00185841
863	0.03458600	0.03273120	0.00185477
864	0.03431870	0.03246760	0.00185109
865	0.03398860	0.03214140	0.00184721
866	0.03360310	0.03175980	0.00184333
867	0.03315830	0.03131900	0.00183931
868	0.03266360	0.03082820	0.00183540
869	0.03212630	0.03029440	0.00183194
870	0.03156050	0.02973140	0.00182916
871	0.03097910	0.02915200	0.00182704
872	0.03039490	0.02856940	0.00182556
873	0.02981280	0.02798780	0.00182503
874	0.02923940	0.02741360	0.00182581
875	0.02868170	0.02685370	0.00182803
876	0.02814000	0.02630820	0.00183174
877	0.02761140	0.02577450	0.00183690
878	0.02709220	0.02524850	0.00184363
879	0.02657940	0.02472740	0.00185192
880	0.02608060	0.02421880	0.00186178
881	0.02560380	0.02373050	0.00187329
882	0.02515160	0.02326520	0.00188638
883	0.02472450	0.02282340	0.00190119
884	0.02432910	0.02241200	0.00191712
885	0.02397280	0.02203890	0.00193387
886	0.02366600	0.02171460	0.00195140
887	0.02340740	0.02143770	0.00196977
888	0.02320640	0.02121770	0.00198869
889	0.02306590	0.02105800	0.00200787
890	0.02298240	0.02095550	0.00202686
891	0.02294670	0.02090100	0.00204565
892	0.02295930	0.02089480	0.00206446
893	0.02301190	0.02092830	0.00208356
894	0.02310190	0.02099930	0.00210265
895	0.02321910	0.02109770	0.00212139
896	0.02336260	0.02122320	0.00213943
897	0.02351530	0.02135860	0.00215670
898	0.02367670	0.02150360	0.00217315
899	0.02383710	0.02164830	0.00218881
900	0.02399290	0.02178900	0.00220388
901	0.02414330	0.02192510	0.00221820
902	0.02429250	0.02206090	0.00223161
903	0.02443730	0.02219260	0.00224465
904	0.02457850	0.02232080	0.00225766
905	0.02472480	0.02245400	0.00227079
906	0.02488960	0.02260550	0.00228410
907	0.02508100	0.02278340	0.00229754
908	0.02530330	0.02299220	0.00231104
909	0.02556180	0.02323700	0.00232473
910	0.02585660	0.02351780	0.00233882
911	0.02618740	0.02383400	0.00235342
912	0.02655190	0.02418310	0.00236878
913	0.02694680	0.02456170	0.00238511
914	0.02735810	0.02495570	0.00240242
915	0.02777460	0.02535370	0.00242084
916	0.02818780	0.02574720	0.00244051
917	0.02859710	0.02613600	0.00246111
918	0.02899410	0.02651160	0.00248251
919	0.02937490	0.02687040	0.00250448
920	0.02973190	0.02720560	0.00252628
921	0.03006330	0.02751600	0.00254728
922	0.03037020	0.02780280	0.00256735
923	0.03065910	0.02807250	0.00258660
924	0.03093470	0.02832960	0.00260508
925	0.03120300	0.02858080	0.00262217
926	0.03146050	0.02882330	0.00263724
927	0.03171340	0.02906350	0.00264994
928	0.03195640	0.02929620	0.00266022
929	0.03218820	0.02952010	0.00266806
930	0.03240420	0.02973050	0.00267373
931	0.03259900	0.02992180	0.00267728
932	0.03276110	0.03008220	0.00267882
933	0.03288380	0.03020540	0.00267841
934	0.03297030	0.03029440	0.00267592
935	0.03302690	0.03035550	0.00267143
936	0.03305900	0.03039390	0.00266505
937	0.03307370	0.03041700	0.00265671
938	0.03307920	0.03043300	0.00264629
939	0.03308520	0.03045140	0.00263379
940	0.03309590	0.03047660	0.00261925
941	0.03311390	0.03051080	0.00260306
942	0.03313390	0.03054860	0.00258524
943	0.03314930	0.03058340	0.00256594
944	0.03315200	0.03060670	0.00254535
945	0.03314100	0.03061720	0.00252382
946	0.03311560	0.03061450	0.00250107
947	0.03308110	0.03060360	0.00247744
948	0.03303420	0.03058100	0.00245323
949	0.03298250	0.03055390	0.00242863
950	0.03292900	0.03052560	0.00240337
951	0.03287920	0.03050160	0.00237765
952	0.03283210	0.03048070	0.00235134
953	0.03278790	0.03046340	0.00232448
954	0.03274520	0.03044710	0.00229811
955	0.03270310	0.03042990	0.00227326
956	0.03265830	0.03040870	0.00224958
957	0.03260920	0.03038250	0.00222672
958	0.03255130	0.03034630	0.00220509
959	0.03248620	0.03030120	0.00218493
960	0.03240870	0.03024260	0.00216603
961	0.03232450	0.03017580	0.00214864
962	0.03223870	0.03010520	0.00213350
963	0.03215280	0.03003220	0.00212065
964	0.03206830	0.02995840	0.00210992
965	0.03197720	0.02987620	0.00210098
966	0.03187770	0.02978420	0.00209347
967	0.03175810	0.02967020	0.00208788
968	0.03161720	0.02953330	0.00208390
969	0.03145300	0.02937210	0.00208090
970	0.03127210	0.02919330	0.00207880
971	0.03107880	0.02900120	0.00207756
972	0.03087130	0.02879400	0.00207729
973	0.03064910	0.02857070	0.00207839
974	0.03041510	0.02833410	0.00208102
975	0.03016810	0.02808300	0.00208517
976	0.02990600	0.02781520	0.00209080
977	0.02963020	0.02753230	0.00209782
978	0.02935320	0.02724780	0.00210542
979	0.02907440	0.02696120	0.00211313
980	0.02880630	0.02668620	0.00212005
981	0.02854090	0.02641490	0.00212595
982	0.02828910	0.02615820	0.00213089
983	0.02806440	0.02593000	0.00213440
984	0.02786830	0.02573160	0.00213671
985	0.02770250	0.02556460	0.00213797
986	0.02757490	0.02543680	0.00213818
987	0.02748550	0.02534800	0.00213743
988	0.02743480	0.02529900	0.00213581
989	0.02741960	0.02528610	0.00213351
990	0.02744360	0.02531300	0.00213065
991	0.02749860	0.02537150	0.00212709
992	0.02757600	0.02545330	0.00212265
993	0.02766720	0.02554970	0.00211750
994	0.02776760	0.02565560	0.00211196
995	0.02787250	0.02576630	0.00210619
996	0.02797470	0.02587450	0.00210015
997	0.02807080	0.02597700	0.00209386
998	0.02815900	0.02607160	0.00208734
999	0.02823570	0.02615500	0.00208072
1000	0.02829300	0.02621910	0.00207392
1001	0.02832850	0.02626160	0.00206690
1002	0.02834210	0.02628250	0.00205962
1003	0.02833710	0.02628510	0.00205196
1004	0.02830700	0.02626300	0.00204400
1005	0.02824960	0.02621380	0.00203580
1006	0.02816310	0.02613560	0.00202742
1007	0.02805330	0.02603460	0.00201872
1008	0.02792920	0.02591970	0.00200943
1009	0.02779560	0.02579600	0.00199964
1010	0.02765170	0.02566210	0.00198955
1011	0.02750410	0.02552420	0.00197989
1012	0.02735250	0.02538210	0.00197046
1013	0.02720020	0.02523900	0.00196126
1014	0.02705010	0.02509770	0.00195241
1015	0.02690940	0.02496510	0.00194428
1016	0.02679020	0.02485300	0.00193711
1017	0.02669950	0.02476810	0.00193139
1018	0.02664190	0.02471460	0.00192732
1019	0.02662510	0.02470030	0.00192476
1020	0.02664670	0.02472350	0.00192322
1021	0.02671170	0.02478930	0.00192247
1022	0.02681670	0.02489430	0.00192243
1023	0.02695930	0.02503640	0.00192295
1024	0.02713030	0.02520640	0.00192397
1025	0.02732390	0.02539830	0.00192553
1026	0.02753300	0.02560540	0.00192765
1027	0.02775140	0.02582140	0.00193006
1028	0.02797950	0.02604710	0.00193239
1029	0.02821130	0.02627660	0.00193470
1030	0.02843530	0.02649850	0.00193684
1031	0.02865250	0.02671370	0.00193885
1032	0.02885560	0.02691490	0.00194071
1033	0.02903420	0.02709160	0.00194257
1034	0.02918450	0.02724020	0.00194427
1035	0.02929600	0.02735060	0.00194537
1036	0.02936230	0.02741700	0.00194534
1037	0.02938060	0.02743670	0.00194391
1038	0.02935160	0.02741080	0.00194081
1039	0.02927720	0.02734120	0.00193596
1040	0.02916590	0.02723640	0.00192955
1041	0.02902340	0.02710130	0.00192210
1042	0.02886650	0.02695260	0.00191395
1043	0.02869930	0.02679410	0.00190519
1044	0.02853000	0.02663370	0.00189630
1045	0.02835450	0.02646670	0.00188784
1046	0.02818370	0.02630360	0.00188011
1047	0.02802690	0.02615340	0.00187347
1048	0.02789190	0.02602420	0.00186779
1049	0.02778870	0.02592570	0.00186301
1050	0.02772860	0.02586930	0.00185935
1051	0.02769080	0.02583430	0.00185648
1052	0.02768340	0.02582920	0.00185421
1053	0.02770680	0.02585440	0.00185241
1054	0.02776790	0.02591680	0.00185106
1055	0.02785570	0.02600490	0.00185075
1056	0.02796530	0.02611330	0.00185196
1057	0.02808410	0.02623010	0.00185398
1058	0.02819810	0.02634180	0.00185632
1059	0.02830090	0.02644130	0.00185969
1060	0.02839560	0.02653060	0.00186499
1061	0.02846530	0.02659170	0.00187360
1062	0.02850300	0.02661670	0.00188627
1063	0.02848640	0.02658330	0.00190310
1064	0.02842190	0.02649870	0.00192327
1065	0.02830020	0.02635370	0.00194647
1066	0.02813430	0.02616120	0.00197316
1067	0.02793570	0.02593190	0.00200381
1068	0.02772110	0.02568290	0.00203822
1069	0.02750970	0.02543480	0.00207488
1070	0.02732110	0.02520740	0.00211368
1071	0.02716230	0.02500700	0.00215530
1072	0.02702830	0.02482920	0.00219907
1073	0.02691910	0.02467500	0.00224412
1074	0.02683520	0.02454530	0.00228983
1075	0.02678570	0.02445000	0.00233574
1076	0.02679520	0.02441390	0.00238134
1077	0.02688900	0.02446260	0.00242644
1078	0.02710500	0.02463470	0.00247029
1079	0.02746710	0.02495550	0.00251153
1080	0.02797550	0.02542650	0.00254901
1081	0.02861520	0.02603280	0.00258243
1082	0.02935340	0.02674150	0.00261185
1083	0.03015330	0.02751550	0.00263788
1084	0.03097750	0.02831710	0.00266044
1085	0.03179110	0.02911140	0.00267963
1086	0.03257210	0.02987610	0.00269593
1087	0.03331280	0.03060320	0.00270959
1088	0.03401600	0.03129560	0.00272047
1089	0.03467530	0.03194740	0.00272790
1090	0.03529380	0.03256240	0.00273140
1091	0.03587250	0.03314200	0.00273053
1092	0.03642120	0.03369600	0.00272519
1093	0.03693850	0.03422250	0.00271607
1094	0.03741960	0.03471590	0.00270376
1095	0.03785120	0.03516230	0.00268891
1096	0.03822690	0.03555460	0.00267228
1097	0.03855040	0.03589620	0.00265421
1098	0.03881880	0.03618390	0.00263496
1099	0.03904390	0.03642910	0.00261478
1100	0.03921880	0.03662500	0.00259376
1101	0.03934550	0.03677330	0.00257221
1102	0.03942020	0.03686980	0.00255034
1103	0.03944070	0.03691210	0.00252858
1104	0.03941230	0.03690490	0.00250737
1105	0.03934250	0.03685570	0.00248689
1106	0.03923200	0.03676470	0.00246732
1107	0.03908850	0.03663990	0.00244862
1108	0.03891830	0.03648740	0.00243089
1109	0.03871140	0.03629730	0.00241401
1110	0.03847090	0.03607280	0.00239816
1111	0.03820770	0.03582450	0.00238321
1112	0.03793880	0.03556970	0.00236911
1113	0.03767640	0.03532030	0.00235610
1114	0.03743220	0.03508800	0.00234424
1115	0.03720250	0.03486890	0.00233358
1116	0.03698550	0.03466130	0.00232425
1117	0.03678350	0.03446700	0.00231651
1118	0.03660170	0.03429140	0.00231028
1119	0.03643980	0.03413430	0.00230550
1120	0.03629650	0.03399460	0.00230185
1121	0.03616740	0.03386820	0.00229923
1122	0.03604770	0.03375020	0.00229750
1123	0.03593120	0.03363480	0.00229645
1124	0.03581850	0.03352220	0.00229627
1125	0.03570360	0.03340680	0.00229681
1126	0.03558970	0.03329200	0.00229770
1127	0.03548400	0.03318500	0.00229901
1128	0.03539050	0.03308980	0.00230067
1129	0.03530760	0.03300510	0.00230244
1130	0.03523400	0.03292970	0.00230435
1131	0.03516800	0.03286170	0.00230626
1132	0.03509860	0.03279100	0.00230754
1133	0.03502010	0.03271160	0.00230846
1134	0.03493140	0.03262190	0.00230945
1135	0.03483110	0.03252110	0.00231005
1136	0.03472140	0.03241140	0.00231009
1137	0.03460510	0.03229550	0.00230960
1138	0.03448940	0.03218050	0.00230889
1139	0.03437450	0.03206650	0.00230802
1140	0.03426090	0.03195390	0.00230703
1141	0.03414560	0.03183960	0.00230600
1142	0.03402730	0.03172210	0.00230528
1143	0.03390690	0.03160220	0.00230466
1144	0.03379050	0.03148650	0.00230402
1145	0.03368470	0.03138170	0.00230304
1146	0.03358880	0.03128710	0.00230164
1147	0.03349970	0.03119980	0.00229997
1148	0.03341340	0.03111550	0.00229793
1149	0.03333170	0.03103630	0.00229539
1150	0.03325080	0.03095850	0.00229227
1151	0.03316870	0.03088010	0.00228860
1152	0.03307750	0.03079320	0.00228435
1153	0.03297530	0.03069530	0.00227994
1154	0.03286180	0.03058620	0.00227557
1155	0.03273990	0.03046870	0.00227118
1156	0.03261260	0.03034590	0.00226669
1157	0.03249050	0.03022870	0.00226181
1158	0.03237480	0.03011790	0.00225684
1159	0.03227330	0.03002130	0.00225196
1160	0.03218500	0.02993800	0.00224698
1161	0.03210890	0.02986680	0.00224209
1162	0.03203860	0.02980140	0.00223719
1163	0.03197080	0.02973870	0.00223212
1164	0.03190250	0.02967620	0.00222636
1165	0.03183720	0.02961760	0.00221967
1166	0.03177120	0.02955870	0.00221258
1167	0.03169820	0.02949260	0.00220561
1168	0.03161100	0.02941190	0.00219915
1169	0.03150330	0.02931030	0.00219299
1170	0.03136980	0.02918320	0.00218662
1171	0.03120710	0.02902730	0.00217984
1172	0.03102110	0.02884900	0.00217212
1173	0.03081990	0.02865670	0.00216316
1174	0.03061660	0.02846400	0.00215266
1175	0.03042340	0.02828270	0.00214073
1176	0.03025370	0.02812600	0.00212764
1177	0.03010870	0.02799520	0.00211350
1178	0.02999110	0.02789220	0.00209883
1179	0.02989610	0.02781210	0.00208400
1180	0.02981140	0.02774200	0.00206942
1181	0.02972830	0.02767310	0.00205527
1182	0.02963110	0.02758950	0.00204158
1183	0.02951920	0.02749070	0.00202849
1184	0.02938770	0.02737160	0.00201601
1185	0.02924300	0.02723890	0.00200410
1186	0.02908520	0.02709240	0.00199279
1187	0.02892310	0.02694090	0.00198229
1188	0.02876390	0.02679120	0.00197278
1189	0.02861400	0.02664970	0.00196432
1190	0.02847580	0.02651880	0.00195703
1191	0.02835360	0.02640230	0.00195128
1192	0.02824890	0.02630200	0.00194690
1193	0.02816240	0.02621880	0.00194359
1194	0.02809930	0.02615820	0.00194113
1195	0.02805980	0.02612050	0.00193931
1196	0.02804280	0.02610520	0.00193765
1197	0.02805180	0.02611570	0.00193603
1198	0.02808340	0.02614890	0.00193446
1199	0.02813700	0.02620400	0.00193303
1200	0.02820900	0.02627760	0.00193145
1201	0.02829680	0.02636730	0.00192947
1202	0.02839420	0.02646660	0.00192758
1203	0.02848890	0.02656230	0.00192660
1204	0.02857300	0.02664600	0.00192709
1205	0.02863890	0.02670970	0.00192921
1206	0.02867620	0.02674220	0.00193391
1207	0.02867530	0.02673300	0.00194224
1208	0.02862660	0.02667270	0.00195394
1209	0.02852500	0.02655670	0.00196830
1210	0.02836970	0.02638500	0.00198470
1211	0.02816220	0.02615920	0.00200301
1212	0.02791210	0.02588980	0.00202228
1213	0.02762690	0.02558540	0.00204149
1214	0.02731760	0.02525820	0.00205939
1215	0.02699740	0.02492170	0.00207573
1216	0.02667920	0.02458930	0.00208993
1217	0.02637280	0.02427090	0.00210191
1218	0.02608550	0.02397430	0.00211123
1219	0.02581770	0.02369970	0.00211799
1220	0.02557270	0.02344990	0.00212280
1221	0.02535920	0.02323290	0.00212630
1222	0.02518440	0.02305550	0.00212895
1223	0.02504540	0.02291400	0.00213147
1224	0.02493290	0.02279890	0.00213404
1225	0.02483520	0.02269900	0.00213622
1226	0.02474800	0.02261020	0.00213783
1227	0.02466890	0.02252990	0.00213900
1228	0.02459970	0.02245950	0.00214022
1229	0.02454100	0.02239950	0.00214151
1230	0.02449420	0.02235140	0.00214272
1231	0.02445490	0.02231110	0.00214379
1232	0.02442380	0.02227910	0.00214467
1233	0.02439750	0.02225190	0.00214555
1234	0.02436910	0.02222270	0.00214646
1235	0.02433440	0.02218680	0.00214757
1236	0.02429770	0.02214920	0.00214855
1237	0.02427070	0.02212150	0.00214922
1238	0.02426120	0.02211180	0.00214939
1239	0.02427560	0.02212710	0.00214858
1240	0.02431380	0.02216700	0.00214683
1241	0.02438260	0.02223870	0.00214395
1242	0.02448550	0.02234560	0.00213991
1243	0.02463290	0.02249800	0.00213485
1244	0.02482280	0.02269410	0.00212874
1245	0.02505430	0.02293290	0.00212145
1246	0.02531420	0.02320100	0.00211320
1247	0.02560430	0.02349980	0.00210446
1248	0.02591460	0.02381930	0.00209527
1249	0.02624510	0.02415920	0.00208581
1250	0.02658900	0.02451220	0.00207677
1251	0.02694890	0.02488010	0.00206879
1252	0.02732370	0.02526180	0.00206197
1253	0.02770870	0.02565250	0.00205622
1254	0.02810170	0.02605000	0.00205166
1255	0.02849730	0.02644930	0.00204807
1256	0.02888230	0.02683740	0.00204486
1257	0.02925360	0.02721210	0.00204146
1258	0.02959350	0.02755640	0.00203715
1259	0.02991110	0.02788000	0.00203105
1260	0.03020200	0.02817980	0.00202222
1261	0.03046910	0.02845880	0.00201037
1262	0.03070650	0.02871090	0.00199563
1263	0.03091720	0.02893890	0.00197831
1264	0.03111280	0.02915370	0.00195902
1265	0.03130180	0.02936360	0.00193818
1266	0.03149090	0.02957490	0.00191603
1267	0.03167770	0.02978450	0.00189326
1268	0.03184280	0.02997220	0.00187067
1269	0.03197020	0.03012140	0.00184879
1270	0.03203790	0.03020980	0.00182814
1271	0.03202840	0.03021970	0.00180873
1272	0.03191760	0.03012670	0.00179085
1273	0.03170840	0.02993370	0.00177476
1274	0.03139980	0.02963940	0.00176038
1275	0.03101230	0.02926450	0.00174770
1276	0.03055810	0.02882150	0.00173662
1277	0.03004690	0.02832000	0.00172693
1278	0.02949360	0.02777500	0.00171863
1279	0.02890070	0.02718910	0.00171163
1280	0.02827220	0.02656650	0.00170571
1281	0.02761580	0.02591520	0.00170057
1282	0.02695380	0.02525690	0.00169694
1283	0.02629570	0.02460040	0.00169528
1284	0.02565880	0.02396340	0.00169533
1285	0.02505460	0.02335760	0.00169694
1286	0.02450540	0.02280450	0.00170093
1287	0.02401670	0.02230870	0.00170801
1288	0.02360500	0.02188680	0.00171821
1289	0.02325380	0.02152120	0.00173259
1290	0.02294920	0.02119800	0.00175119
1291	0.02265510	0.02088080	0.00177425
1292	0.02235650	0.02055430	0.00180214
1293	0.02206040	0.02022760	0.00183273
1294	0.02179580	0.01993170	0.00186401
1295	0.02159140	0.01969630	0.00189511
1296	0.02145350	0.01952770	0.00192582
1297	0.02136830	0.01941280	0.00195555
1298	0.02130190	0.01931780	0.00198404
1299	0.02118790	0.01917640	0.00201151
1300	0.02101100	0.01897110	0.00203990
1301	0.02077580	0.01870550	0.00207031
1302	0.02050680	0.01840390	0.00210292
1303	0.02024040	0.01810240	0.00213808
1304	0.02003120	0.01785460	0.00217657
1305	0.01991970	0.01770120	0.00221848
1306	0.01994210	0.01767840	0.00226369
1307	0.02012460	0.01781210	0.00231258
1308	0.02048560	0.01812110	0.00236452
1309	0.02102000	0.01860160	0.00241835
1310	0.02168780	0.01921480	0.00247299
1311	0.02242710	0.01990040	0.00252674
1312	0.02318820	0.02060970	0.00257855
1313	0.02392150	0.02129410	0.00262741
1314	0.02462040	0.02194660	0.00267372
1315	0.02526580	0.02254840	0.00271740
1316	0.02586370	0.02310550	0.00275822
1317	0.02642880	0.02363290	0.00279593
1318	0.02698260	0.02415240	0.00283019
1319	0.02753540	0.02467430	0.00286105
1320	0.02809080	0.02520270	0.00288812
1321	0.02863580	0.02572430	0.00291158
1322	0.02914930	0.02621760	0.00293174
1323	0.02962360	0.02667460	0.00294898
1324	0.03005770	0.02709430	0.00296340
1325	0.03045660	0.02748230	0.00297436
1326	0.03082520	0.02784340	0.00298178
1327	0.03118660	0.02820040	0.00298623
1328	0.03155350	0.02856550	0.00298803
1329	0.03194300	0.02895550	0.00298755
1330	0.03237000	0.02938520	0.00298472
1331	0.03284460	0.02986500	0.00297954
1332	0.03337850	0.03040690	0.00297157
1333	0.03395850	0.03099740	0.00296101
1334	0.03456760	0.03162000	0.00294763
1335	0.03518530	0.03225360	0.00293166
1336	0.03580490	0.03289160	0.00291336
1337	0.03640920	0.03351640	0.00289274
1338	0.03699060	0.03412020	0.00287037
1339	0.03753290	0.03468630	0.00284659
1340	0.03802650	0.03520490	0.00282160
1341	0.03845570	0.03566040	0.00279534
1342	0.03881270	0.03604530	0.00276741
1343	0.03909220	0.03635440	0.00273780
1344	0.03928930	0.03658290	0.00270638
1345	0.03940000	0.03672680	0.00267315
1346	0.03942940	0.03679120	0.00263813
1347	0.03939260	0.03679080	0.00260181
1348	0.03931380	0.03674880	0.00256496
1349	0.03921660	0.03668870	0.00252788
1350	0.03910440	0.03661350	0.00249085
1351	0.03897940	0.03652530	0.00245410
1352	0.03883400	0.03641590	0.00241809
1353	0.03866120	0.03627790	0.00238331
1354	0.03845450	0.03610440	0.00235010
1355	0.03820360	0.03588480	0.00231878
1356	0.03790510	0.03561580	0.00228924
1357	0.03756490	0.03530340	0.00226149
1358	0.03717310	0.03493700	0.00223611
1359	0.03674430	0.03453110	0.00221323
1360	0.03627580	0.03408300	0.00219282
1361	0.03576750	0.03359260	0.00217487
1362	0.03522190	0.03306290	0.00215906
1363	0.03464170	0.03249710	0.00214465
1364	0.03403400	0.03190150	0.00213247
1365	0.03341040	0.03128700	0.00212344
1366	0.03278020	0.03066330	0.00211685
1367	0.03214250	0.03003010	0.00211240
1368	0.03149260	0.02938260	0.00210998
1369	0.03083660	0.02872740	0.00210924
1370	0.03019080	0.02808070	0.00211008
1371	0.02957130	0.02745910	0.00211220
1372	0.02899280	0.02687770	0.00211506
1373	0.02847150	0.02635280	0.00211870
1374	0.02801910	0.02589610	0.00212303
1375	0.02764720	0.02551930	0.00212793
1376	0.02736780	0.02523420	0.00213352
1377	0.02719050	0.02505120	0.00213925
1378	0.02711760	0.02497260	0.00214504
1379	0.02714410	0.02499390	0.00215027
1380	0.02725630	0.02510130	0.00215504
1381	0.02744560	0.02528610	0.00215949
1382	0.02770480	0.02554140	0.00216339
1383	0.02802690	0.02586030	0.00216656
1384	0.02840690	0.02623810	0.00216878
1385	0.02883390	0.02666400	0.00216988
1386	0.02930160	0.02713170	0.00216992
1387	0.02980350	0.02763480	0.00216877
1388	0.03033220	0.02816610	0.00216617
1389	0.03087730	0.02871550	0.00216183
1390	0.03142930	0.02927320	0.00215611
1391	0.03197580	0.02982520	0.00215056
1392	0.03251190	0.03036780	0.00214419
1393	0.03303560	0.03089900	0.00213660
1394	0.03353910	0.03141110	0.00212807
1395	0.03401400	0.03189520	0.00211876
1396	0.03445510	0.03234660	0.00210850
1397	0.03485590	0.03275840	0.00209743
1398	0.03520800	0.03312170	0.00208630
1399	0.03550640	0.03343170	0.00207467
1400	0.03574110	0.03367840	0.00206271
1401	0.03590400	0.03385350	0.00205049
1402	0.03599480	0.03395660	0.00203812
1403	0.03601240	0.03398700	0.00202540
1404	0.03596210	0.03394970	0.00201244
1405	0.03585290	0.03385340	0.00199953
1406	0.03569620	0.03370910	0.00198712
1407	0.03549710	0.03352150	0.00197558
1408	0.03525940	0.03329410	0.00196533
1409	0.03498700	0.03302990	0.00195710
1410	0.03468200	0.03273090	0.00195102
1411	0.03434150	0.03239460	0.00194683
1412	0.03395870	0.03201400	0.00194479
1413	0.03352870	0.03158370	0.00194491
1414	0.03304580	0.03109820	0.00194759
1415	0.03251190	0.03055880	0.00195309
1416	0.03193410	0.02997260	0.00196148
1417	0.03132190	0.02934910	0.00197281
1418	0.03068640	0.02869980	0.00198659
1419	0.03004120	0.02803880	0.00200247
1420	0.02940390	0.02738410	0.00201981
1421	0.02878950	0.02675140	0.00203807
1422	0.02820660	0.02615030	0.00205635
1423	0.02766170	0.02558780	0.00207389
1424	0.02715800	0.02506730	0.00209073
1425	0.02670080	0.02459340	0.00210733
1426	0.02630180	0.02417820	0.00212358
1427	0.02597350	0.02383340	0.00214007
1428	0.02572560	0.02356840	0.00215718
1429	0.02556330	0.02338880	0.00217444
1430	0.02549130	0.02330020	0.00219117
1431	0.02550050	0.02329370	0.00220681
1432	0.02557580	0.02335450	0.00222132
1433	0.02570230	0.02346810	0.00223417
1434	0.02587190	0.02362640	0.00224547
1435	0.02606420	0.02380880	0.00225535
1436	0.02626340	0.02399930	0.00226413
1437	0.02645500	0.02418300	0.00227191
1438	0.02663350	0.02435490	0.00227857
1439	0.02679290	0.02450890	0.00228394
1440	0.02693580	0.02464810	0.00228773
1441	0.02706510	0.02477510	0.00229006
1442	0.02718800	0.02489710	0.00229096
1443	0.02730460	0.02501420	0.00229035
1444	0.02741680	0.02512870	0.00228805
1445	0.02752510	0.02524110	0.00228406
1446	0.02762140	0.02534280	0.00227861
1447	0.02770390	0.02543200	0.00227186
1448	0.02777120	0.02550710	0.00226405
1449	0.02782520	0.02557010	0.00225510
1450	0.02786840	0.02562340	0.00224508
1451	0.02790270	0.02566840	0.00223434
1452	0.02793480	0.02571180	0.00222296
1453	0.02797030	0.02575950	0.00221079
1454	0.02801340	0.02581570	0.00219772
1455	0.02807350	0.02588970	0.00218381
1456	0.02815220	0.02598300	0.00216924
1457	0.02825630	0.02610180	0.00215448
1458	0.02837800	0.02623820	0.00213981
1459	0.02851260	0.02638710	0.00212550
1460	0.02865250	0.02654070	0.00211174
1461	0.02879770	0.02669910	0.00209867
1462	0.02894280	0.02685640	0.00208634
1463	0.02908530	0.02701070	0.00207462
1464	0.02921870	0.02715530	0.00206340
1465	0.02934720	0.02729450	0.00205272
1466	0.02947400	0.02743080	0.00204317
1467	0.02959630	0.02756150	0.00203486
1468	0.02970280	0.02767510	0.00202772
1469	0.02979160	0.02776990	0.00202176
1470	0.02985970	0.02784260	0.00201708
1471	0.02990720	0.02789400	0.00201322
1472	0.02992940	0.02791950	0.00200992
1473	0.02992740	0.02792070	0.00200674
1474	0.02989560	0.02789180	0.00200374
1475	0.02984230	0.02784150	0.00200082
1476	0.02976770	0.02776920	0.00199848
1477	0.02967030	0.02767320	0.00199707
1478	0.02954440	0.02754760	0.00199672
1479	0.02938890	0.02739150	0.00199739
1480	0.02920490	0.02720620	0.00199861
1481	0.02900100	0.02700110	0.00199988
1482	0.02878810	0.02678660	0.00200150
1483	0.02856990	0.02656700	0.00200294
1484	0.02835230	0.02634810	0.00200418
1485	0.02814460	0.02613950	0.00200509
1486	0.02795940	0.02595370	0.00200569
1487	0.02780420	0.02579810	0.00200605
1488	0.02768800	0.02568190	0.00200615
1489	0.02761610	0.02561050	0.00200566
1490	0.02759480	0.02559060	0.00200426
1491	0.02763160	0.02562980	0.00200183
1492	0.02773170	0.02573340	0.00199830
1493	0.02789710	0.02590330	0.00199376
1494	0.02813080	0.02614280	0.00198803
1495	0.02843480	0.02645370	0.00198115
1496	0.02880220	0.02682910	0.00197309
1497	0.02922110	0.02725690	0.00196418
1498	0.02966730	0.02771220	0.00195511
1499	0.03012860	0.02818260	0.00194593
1500	0.03058700	0.02865080	0.00193620
1501	0.03102710	0.02910110	0.00192592
1502	0.03142820	0.02951290	0.00191525
1503	0.03178320	0.02987920	0.00190400
1504	0.03208870	0.03019660	0.00189207
1505	0.03234790	0.03046810	0.00187984
1506	0.03256270	0.03069520	0.00186751
1507	0.03274150	0.03088630	0.00185516
1508	0.03288790	0.03104480	0.00184314
1509	0.03300770	0.03117580	0.00183199
1510	0.03310580	0.03128390	0.00182190
1511	0.03317470	0.03136170	0.00181299
1512	0.03320540	0.03139940	0.00180593
1513	0.03318510	0.03138380	0.00180135
1514	0.03310190	0.03130260	0.00179935
1515	0.03294850	0.03114880	0.00179970
1516	0.03272230	0.03091960	0.00180263
1517	0.03241770	0.03061000	0.00180769
1518	0.03203910	0.03022450	0.00181466
1519	0.03159180	0.02976890	0.00182286
1520	0.03110710	0.02927510	0.00183207
1521	0.03060330	0.02876140	0.00184196
1522	0.03010390	0.02825160	0.00185230
1523	0.02962000	0.02775670	0.00186337
1524	0.02917780	0.02730200	0.00187578
1525	0.02877590	0.02688600	0.00188989
1526	0.02842580	0.02652000	0.00190579
1527	0.02812510	0.02620110	0.00192393
1528	0.02787800	0.02593340	0.00194456
1529	0.02768030	0.02571240	0.00196788
1530	0.02752980	0.02553570	0.00199403
1531	0.02741830	0.02539550	0.00202280
1532	0.02732990	0.02527620	0.00205369
1533	0.02724750	0.02516120	0.00208632
1534	0.02715980	0.02503950	0.00212029
1535	0.02704670	0.02489140	0.00215532
1536	0.02690610	0.02471470	0.00219135
1537	0.02673580	0.02450770	0.00222811
1538	0.02653290	0.02426770	0.00226524
1539	0.02629170	0.02398920	0.00230252
1540	0.02601570	0.02367640	0.00233932
1541	0.02571230	0.02333770	0.00237460
1542	0.02540080	0.02299290	0.00240797
1543	0.02508030	0.02263950	0.00244084
1544	0.02476550	0.02229190	0.00247359
1545	0.02448410	0.02197890	0.00250520
1546	0.02424550	0.02171010	0.00253538
1547	0.02406270	0.02149870	0.00256394
1548	0.02395080	0.02136180	0.00258900
1549	0.02395360	0.02134380	0.00260977
1550	0.02410000	0.02147380	0.00262617
1551	0.02440800	0.02176850	0.00263946
1552	0.02486700	0.02221600	0.00265106
1553	0.02545920	0.02279720	0.00266203
1554	0.02615540	0.02348280	0.00267253
1555	0.02692670	0.02424350	0.00268317
1556	0.02774490	0.02505080	0.00269411
1557	0.02858990	0.02588480	0.00270512
1558	0.02944230	0.02672620	0.00271605
1559	0.03028650	0.02755920	0.00272737
1560	0.03110560	0.02836630	0.00273933
1561	0.03188140	0.02912980	0.00275165
1562	0.03259130	0.02982700	0.00276433
1563	0.03322470	0.03044720	0.00277751
1564	0.03378320	0.03099270	0.00279052
1565	0.03427190	0.03146880	0.00280308
1566	0.03469180	0.03187710	0.00281469
1567	0.03505160	0.03222640	0.00282516
1568	0.03535760	0.03252430	0.00283328
1569	0.03561220	0.03277400	0.00283820
1570	0.03581510	0.03297500	0.00284018
1571	0.03596970	0.03313030	0.00283944
1572	0.03607920	0.03324280	0.00283635
1573	0.03615420	0.03332280	0.00283143
1574	0.03618760	0.03336310	0.00282452
1575	0.03617210	0.03335650	0.00281569
1576	0.03610030	0.03329500	0.00280533
1577	0.03597290	0.03317960	0.00279331
1578	0.03577750	0.03299790	0.00277965
1579	0.03551400	0.03274950	0.00276444
1580	0.03518950	0.03244160	0.00274784
1581	0.03481240	0.03208250	0.00272994
1582	0.03438730	0.03167660	0.00271075
1583	0.03393140	0.03124120	0.00269018
1584	0.03345450	0.03078600	0.00266848
1585	0.03297400	0.03032810	0.00264593
1586	0.03250110	0.02987810	0.00262298
1587	0.03204530	0.02944590	0.00259949
1588	0.03160660	0.02903130	0.00257535
1589	0.03118640	0.02863580	0.00255064
1590	0.03078170	0.02825610	0.00252560
1591	0.03039290	0.02789220	0.00250068
1592	0.03001550	0.02753940	0.00247614
1593	0.02965070	0.02719850	0.00245220
1594	0.02930340	0.02687460	0.00242876
1595	0.02897790	0.02657260	0.00240534
1596	0.02867580	0.02629340	0.00238238
1597	0.02839910	0.02603860	0.00236051
1598	0.02815030	0.02581040	0.00233981
1599	0.02792930	0.02560900	0.00232032
1600	0.02773360	0.02543160	0.00230208
1601	0.02756040	0.02527510	0.00228532
1602	0.02740770	0.02513750	0.00227013
1603	0.02727700	0.02502030	0.00225667
1604	0.02716700	0.02492140	0.00224555
1605	0.02707380	0.02483780	0.00223600
1606	0.02700080	0.02477310	0.00222771
1607	0.02695310	0.02473270	0.00222040
1608	0.02692800	0.02471370	0.00221428
1609	0.02692730	0.02471760	0.00220974
1610	0.02695240	0.02474550	0.00220680
1611	0.02700990	0.02480490	0.00220507
1612	0.02710390	0.02489920	0.00220469
1613	0.02723480	0.02502880	0.00220596
1614	0.02739830	0.02518970	0.00220856
1615	0.02759210	0.02538000	0.00221205
1616	0.02781300	0.02559700	0.00221603
1617	0.02806050	0.02584000	0.00222043
1618	0.02833160	0.02610650	0.00222509
1619	0.02862790	0.02639840	0.00222946
1620	0.02894410	0.02671100	0.00223309
1621	0.02927510	0.02703880	0.00223629
1622	0.02961570	0.02737640	0.00223934
1623	0.02996270	0.02772090	0.00224181
1624	0.03031450	0.02807140	0.00224309
1625	0.03066900	0.02842570	0.00224329
1626	0.03102300	0.02878070	0.00224235
1627	0.03137040	0.02913000	0.00224037
1628	0.03169860	0.02946140	0.00223717
1629	0.03200280	0.02976970	0.00223305
1630	0.03227850	0.03005040	0.00222810
1631	0.03251870	0.03029650	0.00222217
1632	0.03271460	0.03049940	0.00221518
1633	0.03286180	0.03065440	0.00220739
1634	0.03296210	0.03076290	0.00219919
1635	0.03301820	0.03082750	0.00219072
1636	0.03302810	0.03084610	0.00218200
1637	0.03299160	0.03081840	0.00217319
1638	0.03290520	0.03074060	0.00216454
1639	0.03277520	0.03061900	0.00215623
1640	0.03260370	0.03045550	0.00214819
1641	0.03239300	0.03025230	0.00214064
1642	0.03213850	0.03000500	0.00213343
1643	0.03184790	0.02972160	0.00212626
1644	0.03153010	0.02941140	0.00211876
1645	0.03119640	0.02908510	0.00211126
1646	0.03085330	0.02874910	0.00210424
1647	0.03051120	0.02841340	0.00209782
1648	0.03017840	0.02808650	0.00209188
1649	0.02986550	0.02777920	0.00208624
1650	0.02957960	0.02749850	0.00208102
1651	0.02933310	0.02725650	0.00207658
1652	0.02913140	0.02705870	0.00207267
1653	0.02897680	0.02690750	0.00206923
1654	0.02886570	0.02679950	0.00206626
1655	0.02879730	0.02673420	0.00206315
1656	0.02877510	0.02671510	0.00206002
1657	0.02880060	0.02674380	0.00205680
1658	0.02886440	0.02681090	0.00205346
1659	0.02895960	0.02690950	0.00205010
1660	0.02907900	0.02703220	0.00204678
1661	0.02921580	0.02717200	0.00204376
1662	0.02936750	0.02732610	0.00204135
1663	0.02952290	0.02748320	0.00203975
1664	0.02966960	0.02763060	0.00203904
1665	0.02979500	0.02775580	0.00203916
1666	0.02989440	0.02785430	0.00204016
1667	0.02996600	0.02792430	0.00204168
1668	0.03001230	0.02796890	0.00204340
1669	0.03002840	0.02798300	0.00204536
1670	0.03001360	0.02796580	0.00204781
1671	0.02996820	0.02791720	0.00205101
1672	0.02988810	0.02783270	0.00205532
1673	0.02977440	0.02771330	0.00206108
1674	0.02962530	0.02755680	0.00206842
1675	0.02943560	0.02735790	0.00207774
1676	0.02921230	0.02712380	0.00208851
1677	0.02896390	0.02686350	0.00210043
1678	0.02870250	0.02658900	0.00211348
1679	0.02843280	0.02630560	0.00212727
1680	0.02815210	0.02601070	0.00214146
1681	0.02785980	0.02570330	0.00215655
1682	0.02756040	0.02538890	0.00217153
1683	0.02725650	0.02507060	0.00218588
1684	0.02695420	0.02475490	0.00219938
1685	0.02665490	0.02444330	0.00221165
1686	0.02635630	0.02413360	0.00222268
1687	0.02605520	0.02382280	0.00223242
1688	0.02574770	0.02350700	0.00224069
1689	0.02544000	0.02319270	0.00224730
1690	0.02514290	0.02289070	0.00225225
1691	0.02486750	0.02261170	0.00225578
1692	0.02462340	0.02236540	0.00225797
1693	0.02442070	0.02216230	0.00225847
1694	0.02426560	0.02200850	0.00225710
1695	0.02415420	0.02190010	0.00225410
1696	0.02409280	0.02184320	0.00224954
1697	0.02407500	0.02183120	0.00224387
1698	0.02410290	0.02186560	0.00223729
1699	0.02416830	0.02193810	0.00223021
1700	0.02427150	0.02204880	0.00222274
1701	0.02440260	0.02218750	0.00221508
1702	0.02455430	0.02234690	0.00220744
1703	0.02471850	0.02251840	0.00220016
1704	0.02488970	0.02269680	0.00219292
1705	0.02506470	0.02287910	0.00218561
1706	0.02523610	0.02305770	0.00217834
1707	0.02540940	0.02323810	0.00217126
1708	0.02558310	0.02341830	0.00216474
1709	0.02576230	0.02360370	0.00215868
1710	0.02594150	0.02378830	0.00215318
1711	0.02612440	0.02397600	0.00214834
1712	0.02630650	0.02416260	0.00214391
1713	0.02648780	0.02434810	0.00213963
1714	0.02665800	0.02452250	0.00213553
1715	0.02682020	0.02468880	0.00213144
1716	0.02696790	0.02484050	0.00212739
1717	0.02709600	0.02497270	0.00212323
1718	0.02720490	0.02508590	0.00211897
1719	0.02729470	0.02518010	0.00211454
1720	0.02737750	0.02526780	0.00210970
1721	0.02745610	0.02535160	0.00210450
1722	0.02753070	0.02543180	0.00209890
1723	0.02760300	0.02551010	0.00209289
1724	0.02767120	0.02558470	0.00208654
1725	0.02774360	0.02566370	0.00207986
1726	0.02781840	0.02574570	0.00207269
1727	0.02789920	0.02583440	0.00206480
1728	0.02798720	0.02593100	0.00205619
1729	0.02809660	0.02604960	0.00204701
1730	0.02823330	0.02619600	0.00203727
1731	0.02839910	0.02637270	0.00202642
1732	0.02858940	0.02657480	0.00201455
1733	0.02880150	0.02680000	0.00200147
1734	0.02903060	0.02704340	0.00198713
1735	0.02927520	0.02730390	0.00197131
1736	0.02953170	0.02757770	0.00195399
1737	0.02979520	0.02785920	0.00193605
1738	0.03004960	0.02813200	0.00191758
1739	0.03028960	0.02839140	0.00189818
1740	0.03050620	0.02862850	0.00187766
1741	0.03069640	0.02883980	0.00185661
1742	0.03085630	0.02902100	0.00183526
1743	0.03098730	0.02917380	0.00181350
1744	0.03108570	0.02929350	0.00179227
1745	0.03115030	0.02937820	0.00177215
1746	0.03116920	0.02941600	0.00175314
1747	0.03114440	0.02940940	0.00173500
1748	0.03108390	0.02936580	0.00171816
1749	0.03099470	0.02929160	0.00170310
1750	0.03088080	0.02919030	0.00169049
1751	0.03075310	0.02907250	0.00168060
1752	0.03062190	0.02894820	0.00167363
1753	0.03049620	0.02882650	0.00166965
1754	0.03037850	0.02871000	0.00166857
1755	0.03026790	0.02859780	0.00167005
1756	0.03015850	0.02848420	0.00167429
1757	0.03004200	0.02836170	0.00168027
1758	0.02991040	0.02822210	0.00168824
1759	0.02975570	0.02805760	0.00169806
1760	0.02957290	0.02786340	0.00170951
1761	0.02936220	0.02763950	0.00172268
1762	0.02913130	0.02739320	0.00173811
1763	0.02889060	0.02713490	0.00175572
1764	0.02865070	0.02687520	0.00177549
1765	0.02841890	0.02662160	0.00179732
1766	0.02821150	0.02639060	0.00182091
1767	0.02802860	0.02618260	0.00184607
1768	0.02789000	0.02601770	0.00187230
1769	0.02779410	0.02589460	0.00189944
1770	0.02774530	0.02581770	0.00192761
1771	0.02773040	0.02577370	0.00195670
1772	0.02775070	0.02576430	0.00198646
1773	0.02779810	0.02578170	0.00201635
1774	0.02787590	0.02582990	0.00204602
1775	0.02797940	0.02590420	0.00207518
1776	0.02810390	0.02600040	0.00210358
1777	0.02825130	0.02612030	0.00213103
1778	0.02842140	0.02626400	0.00215743
1779	0.02860860	0.02642600	0.00218257
1780	0.02881330	0.02660710	0.00220617
1781	0.02903590	0.02680770	0.00222818
1782	0.02927200	0.02702330	0.00224875
1783	0.02952470	0.02725670	0.00226804
1784	0.02979260	0.02750650	0.00228610
1785	0.03007430	0.02777140	0.00230288
1786	0.03036700	0.02804870	0.00231832
1787	0.03066470	0.02833210	0.00233261
1788	0.03096270	0.02861660	0.00234615
1789	0.03125570	0.02889690	0.00235877
1790	0.03154160	0.02917120	0.00237039
1791	0.03182470	0.02944380	0.00238097
1792	0.03210500	0.02971440	0.00239061
1793	0.03237340	0.02997390	0.00239949
1794	0.03262990	0.03022210	0.00240782
1795	0.03288130	0.03046530	0.00241603
1796	0.03314290	0.03071870	0.00242426
1797	0.03341700	0.03098470	0.00243231
1798	0.03370310	0.03126330	0.00243976
1799	0.03399030	0.03154350	0.00244680
1800	0.03427090	0.03181730	0.00245358
1801	0.03454130	0.03208110	0.00246027
1802	0.03480110	0.03233350	0.00246757
1803	0.03505640	0.03258100	0.00247541
1804	0.03531220	0.03282820	0.00248402
1805	0.03557230	0.03307950	0.00249286
1806	0.03583570	0.03333390	0.00250183
1807	0.03610530	0.03359430	0.00251103
1808	0.03637790	0.03385800	0.00251985
1809	0.03664830	0.03412000	0.00252831
1810	0.03691130	0.03437520	0.00253614
1811	0.03716690	0.03462400	0.00254282
1812	0.03740530	0.03485720	0.00254810
1813	0.03761940	0.03506730	0.00255204
1814	0.03779860	0.03524360	0.00255495
1815	0.03792860	0.03537170	0.00255686
1816	0.03799360	0.03543590	0.00255767
1817	0.03798750	0.03543040	0.00255711
1818	0.03790270	0.03534750	0.00255519
1819	0.03773560	0.03518400	0.00255156
1820	0.03749660	0.03495050	0.00254614
1821	0.03720220	0.03466340	0.00253881
1822	0.03686040	0.03433070	0.00252964
1823	0.03648390	0.03396530	0.00251863
1824	0.03607870	0.03357310	0.00250562
1825	0.03565080	0.03316040	0.00249043
1826	0.03520150	0.03272820	0.00247329
1827	0.03473790	0.03228320	0.00245468
1828	0.03425910	0.03182400	0.00243505
1829	0.03377210	0.03135750	0.00241466
1830	0.03328050	0.03088700	0.00239357
1831	0.03279970	0.03042780	0.00237189
1832	0.03233090	0.02998130	0.00234954
1833	0.03187410	0.02954760	0.00232650
1834	0.03142760	0.02912460	0.00230293
1835	0.03098750	0.02870860	0.00227892
1836	0.03055680	0.02830210	0.00225462
1837	0.03013490	0.02790500	0.00222986
1838	0.02972430	0.02751910	0.00220516
1839	0.02932350	0.02714320	0.00218026
1840	0.02893360	0.02677860	0.00215497
1841	0.02856560	0.02643620	0.00212939
1842	0.02822960	0.02612560	0.00210404
1843	0.02792880	0.02584920	0.00207956
1844	0.02765950	0.02560340	0.00205610
1845	0.02742460	0.02539090	0.00203363
1846	0.02723320	0.02522070	0.00201253
1847	0.02708940	0.02509620	0.00199319
1848	0.02699340	0.02501820	0.00197524
1849	0.02694430	0.02498590	0.00195848
1850	0.02694050	0.02499740	0.00194312
1851	0.02698700	0.02505790	0.00192917
1852	0.02708960	0.02517280	0.00191674
1853	0.02724800	0.02534230	0.00190563
1854	0.02745140	0.02555550	0.00189590
1855	0.02769270	0.02580480	0.00188787
1856	0.02795860	0.02607710	0.00188156
1857	0.02824280	0.02636570	0.00187714
1858	0.02853770	0.02666310	0.00187458
1859	0.02883630	0.02696260	0.00187371
1860	0.02912490	0.02725080	0.00187402
1861	0.02938950	0.02751390	0.00187560
1862	0.02962010	0.02774180	0.00187832
1863	0.02981490	0.02793300	0.00188197
1864	0.02996930	0.02808280	0.00188652
1865	0.03008260	0.02819090	0.00189172
1866	0.03014910	0.02825200	0.00189716
1867	0.03017010	0.02826720	0.00190284
1868	0.03015000	0.02824150	0.00190856
1869	0.03009180	0.02817780	0.00191404
1870	0.03000520	0.02808570	0.00191948
1871	0.02989430	0.02796910	0.00192517
1872	0.02977050	0.02783930	0.00193118
1873	0.02964430	0.02770700	0.00193735
1874	0.02951920	0.02757530	0.00194385
1875	0.02939400	0.02744370	0.00195033
1876	0.02925900	0.02730210	0.00195699
1877	0.02912010	0.02715630	0.00196373
1878	0.02897160	0.02700120	0.00197045
1879	0.02881800	0.02684010	0.00197783
1880	0.02865920	0.02667350	0.00198569
1881	0.02850480	0.02651100	0.00199381
1882	0.02835960	0.02635730	0.00200239
1883	0.02821920	0.02620760	0.00201158
1884	0.02808520	0.02606390	0.00202131
1885	0.02795570	0.02592420	0.00203155
1886	0.02783630	0.02579380	0.00204249
1887	0.02773250	0.02567810	0.00205436
1888	0.02764800	0.02558080	0.00206719
1889	0.02758130	0.02550040	0.00208091
1890	0.02753090	0.02543550	0.00209536
1891	0.02748960	0.02537890	0.00211066
1892	0.02745780	0.02533100	0.00212676
1893	0.02743000	0.02528620	0.00214376
1894	0.02740410	0.02524220	0.00216197
1895	0.02737640	0.02519500	0.00218135
1896	0.02735030	0.02514860	0.00220174
1897	0.02732630	0.02510360	0.00222264
1898	0.02731020	0.02506700	0.00224324
1899	0.02729530	0.02503230	0.00226296
1900	0.02728290	0.02500140	0.00228148
1901	0.02727520	0.02497690	0.00229832
1902	0.02726960	0.02495640	0.00231312
1903	0.02726900	0.02494340	0.00232563
1904	0.02727190	0.02493620	0.00233573
1905	0.02728170	0.02493840	0.00234334
1906	0.02729480	0.02494640	0.00234844
1907	0.02731360	0.02496260	0.00235100
1908	0.02733640	0.02498550	0.00235090
1909	0.02736720	0.02501870	0.00234849
1910	0.02740410	0.02506020	0.00234390
1911	0.02745520	0.02511770	0.00233745
1912	0.02752160	0.02519250	0.00232913
1913	0.02760870	0.02528950	0.00231916
1914	0.02771710	0.02540950	0.00230765
1915	0.02785370	0.02555890	0.00229473
1916	0.02802030	0.02573960	0.00228072
1917	0.02822030	0.02595440	0.00226598
1918	0.02845140	0.02620120	0.00225015
1919	0.02871740	0.02648400	0.00223338
1920	0.02901500	0.02679930	0.00221572
1921	0.02934060	0.02714340	0.00219716
1922	0.02968580	0.02750770	0.00217808
1923	0.03005110	0.02789220	0.00215894
1924	0.03042740	0.02828770	0.00213978
1925	0.03080910	0.02868880	0.00212030
1926	0.03118520	0.02908480	0.00210037
1927	0.03155270	0.02947250	0.00208015
1928	0.03189470	0.02983500	0.00205970
1929	0.03220450	0.03016560	0.00203882
1930	0.03248040	0.03046230	0.00201812
1931	0.03272420	0.03072580	0.00199844
1932	0.03292370	0.03094430	0.00197944
1933	0.03307480	0.03111370	0.00196106
1934	0.03318070	0.03123710	0.00194362
1935	0.03325280	0.03132540	0.00192740
1936	0.03329840	0.03138530	0.00191312
1937	0.03331840	0.03141850	0.00189992
1938	0.03331470	0.03142670	0.00188798
1939	0.03328580	0.03140810	0.00187776
1940	0.03323610	0.03136670	0.00186946
1941	0.03316810	0.03130460	0.00186342
1942	0.03309450	0.03123450	0.00185998
1943	0.03301740	0.03115870	0.00185876
1944	0.03294210	0.03108260	0.00185948
1945	0.03287350	0.03101160	0.00186192
1946	0.03281760	0.03095130	0.00186633
1947	0.03277750	0.03090470	0.00187277
1948	0.03274760	0.03086640	0.00188121
1949	0.03273560	0.03084380	0.00189183
1950	0.03274180	0.03083720	0.00190452
1951	0.03276710	0.03084800	0.00191916
1952	0.03280590	0.03087030	0.00193565
1953	0.03285410	0.03090040	0.00195373
1954	0.03290520	0.03093210	0.00197310
1955	0.03295170	0.03095750	0.00199427
1956	0.03298720	0.03097020	0.00201699
1957	0.03301090	0.03097080	0.00204017
1958	0.03302420	0.03096130	0.00206285
1959	0.03302490	0.03094010	0.00208481
1960	0.03301360	0.03090810	0.00210554
1961	0.03298420	0.03085960	0.00212455
1962	0.03293770	0.03079630	0.00214141
1963	0.03286530	0.03070960	0.00215565
1964	0.03277940	0.03061180	0.00216760
1965	0.03267770	0.03050010	0.00217755
1966	0.03256750	0.03038190	0.00218561
1967	0.03245170	0.03025950	0.00219218
1968	0.03233290	0.03013590	0.00219703
1969	0.03221270	0.03001270	0.00220005
1970	0.03209030	0.02988900	0.00220133
1971	0.03196180	0.02976090	0.00220092
1972	0.03183660	0.02963750	0.00219912
1973	0.03172250	0.02952620	0.00219634
1974	0.03162570	0.02943330	0.00219243
1975	0.03154870	0.02936150	0.00218715
1976	0.03148750	0.02930670	0.00218079
1977	0.03144270	0.02926890	0.00217381
1978	0.03140500	0.02923870	0.00216626
1979	0.03136750	0.02920930	0.00215816
1980	0.03131640	0.02916730	0.00214914
1981	0.03124390	0.02910470	0.00213924
1982	0.03114420	0.02901540	0.00212881
1983	0.03100830	0.02889040	0.00211788
1984	0.03082590	0.02871920	0.00210668
1985	0.03059980	0.02850440	0.00209536
1986	0.03033070	0.02824700	0.00208374
1987	0.03003290	0.02796120	0.00207178
1988	0.02971980	0.02765990	0.00205983
1989	0.02940700	0.02735910	0.00204790
1990	0.02910520	0.02706920	0.00203603
1991	0.02882830	0.02680410	0.00202420
1992	0.02858510	0.02657250	0.00201265
1993	0.02838380	0.02638210	0.00200165
1994	0.02822370	0.02623280	0.00199092
1995	0.02810270	0.02612270	0.00197995
1996	0.02801310	0.02604440	0.00196863
1997	0.02794870	0.02599170	0.00195700
1998	0.02790240	0.02595670	0.00194570
1999	0.02786660	0.02593150	0.00193504
2000	0.02783190	0.02590650	0.00192540
2001	0.02779550	0.02587830	0.00191724
2002	0.02774710	0.02583640	0.00191063
2003	0.02768380	0.02577790	0.00190586
2004	0.02760220	0.02569930	0.00190293
2005	0.02750630	0.02560520	0.00190109
2006	0.02739380	0.02549400	0.00189982
2007	0.02726520	0.02536650	0.00189864
2008	0.02711860	0.02522160	0.00189709
2009	0.02695850	0.02506360	0.00189488
2010	0.02678880	0.02489720	0.00189156
2011	0.02661420	0.02472710	0.00188715
2012	0.02645550	0.02457360	0.00188190
2013	0.02633000	0.02445380	0.00187626
2014	0.02625280	0.02438180	0.00187102
2015	0.02622630	0.02435950	0.00186677
2016	0.02624740	0.02438300	0.00186435
2017	0.02631170	0.02444750	0.00186419
2018	0.02640890	0.02454240	0.00186644
2019	0.02652070	0.02464960	0.00187109
2020	0.02663690	0.02475890	0.00187803
2021	0.02674900	0.02486200	0.00188701
2022	0.02685920	0.02496140	0.00189772
2023	0.02696960	0.02505950	0.00191006
2024	0.02708020	0.02515620	0.00192399
2025	0.02718800	0.02524840	0.00193952
2026	0.02729130	0.02533450	0.00195679
2027	0.02738910	0.02541350	0.00197562
2028	0.02748690	0.02549120	0.00199579
2029	0.02758720	0.02557020	0.00201699
2030	0.02769820	0.02565920	0.00203901
2031	0.02782490	0.02576340	0.00206151
2032	0.02797520	0.02589100	0.00208422
2033	0.02814740	0.02604010	0.00210730
2034	0.02833560	0.02620500	0.00213059
2035	0.02853750	0.02638340	0.00215413
2036	0.02874650	0.02656860	0.00217784
2037	0.02895760	0.02675660	0.00220098
2038	0.02917030	0.02694680	0.00222352
2039	0.02939260	0.02714680	0.00224577
2040	0.02962170	0.02735400	0.00226778
2041	0.02985550	0.02756620	0.00228932
2042	0.03009260	0.02778260	0.00231002
2043	0.03033020	0.02800060	0.00232959
2044	0.03056330	0.02821600	0.00234729
2045	0.03078230	0.02841930	0.00236306
2046	0.03097720	0.02860000	0.00237717
2047	0.03114640	0.02875670	0.00238974
2048	0.03129770	0.02889660	0.00240109
2049	0.03143920	0.02902800	0.00241121
2050	0.03157390	0.02915390	0.00242006
2051	0.03170830	0.02928040	0.00242791
2052	0.03184310	0.02940880	0.00243429
2053	0.03198270	0.02954430	0.00243844
2054	0.03213240	0.02969200	0.00244041
2055	0.03228990	0.02984910	0.00244088
2056	0.03244190	0.03000170	0.00244021
2057	0.03257340	0.03013470	0.00243865
2058	0.03266500	0.03022880	0.00243622
2059	0.03270490	0.03027190	0.00243298
2060	0.03269040	0.03026220	0.00242816
2061	0.03261970	0.03019830	0.00242143
2062	0.03249460	0.03008170	0.00241298
2063	0.03232160	0.02991840	0.00240323
2064	0.03211220	0.02971970	0.00239255
2065	0.03187790	0.02949670	0.00238126
2066	0.03163120	0.02926170	0.00236950
2067	0.03138530	0.02902770	0.00235762
2068	0.03114840	0.02880230	0.00234611
2069	0.03093440	0.02859940	0.00233494
2070	0.03075170	0.02842760	0.00232409
2071	0.03060860	0.02829510	0.00231347
2072	0.03050080	0.02819720	0.00230357
2073	0.03042240	0.02812800	0.00229437
2074	0.03036360	0.02807790	0.00228564
2075	0.03032360	0.02804660	0.00227697
2076	0.03030010	0.02803190	0.00226822
2077	0.03029390	0.02803430	0.00225960
2078	0.03029840	0.02804710	0.00225125
2079	0.03031990	0.02807680	0.00224307
2080	0.03035930	0.02812420	0.00223509
2081	0.03041920	0.02819190	0.00222734
2082	0.03049910	0.02827920	0.00221990
2083	0.03060110	0.02838820	0.00221296
2084	0.03072520	0.02851870	0.00220650
2085	0.03086790	0.02866750	0.00220041
2086	0.03103080	0.02883600	0.00219472
2087	0.03122030	0.02903090	0.00218937
2088	0.03143590	0.02925130	0.00218453
2089	0.03167440	0.02949430	0.00218017
2090	0.03193290	0.02975660	0.00217632
2091	0.03221230	0.03003930	0.00217297
2092	0.03250710	0.03033690	0.00217020
2093	0.03281790	0.03064990	0.00216798
2094	0.03314090	0.03097470	0.00216624
2095	0.03347240	0.03130760	0.00216479
2096	0.03380350	0.03163950	0.00216396
2097	0.03413010	0.03196640	0.00216363
2098	0.03444260	0.03227880	0.00216385
2099	0.03473220	0.03256770	0.00216447
2100	0.03498860	0.03282360	0.00216500
2101	0.03521240	0.03304680	0.00216565
2102	0.03540230	0.03323590	0.00216638
2103	0.03556130	0.03339470	0.00216654
2104	0.03569340	0.03352780	0.00216565
2105	0.03580140	0.03363700	0.00216438
2106	0.03589120	0.03372800	0.00216321
2107	0.03596350	0.03380130	0.00216218
2108	0.03601770	0.03385670	0.00216098
2109	0.03605420	0.03389400	0.00216024
2110	0.03607170	0.03391160	0.00216005
2111	0.03606460	0.03390420	0.00216048
2112	0.03602950	0.03386810	0.00216142
2113	0.03596340	0.03380040	0.00216296
2114	0.03586540	0.03370030	0.00216514
2115	0.03574230	0.03357470	0.00216760
2116	0.03559480	0.03342490	0.00216991
2117	0.03543040	0.03325860	0.00217181
2118	0.03525270	0.03307970	0.00217295
2119	0.03506790	0.03289450	0.00217347
2120	0.03487610	0.03270250	0.00217362
2121	0.03468710	0.03251350	0.00217366
2122	0.03450660	0.03233300	0.00217366
2123	0.03433120	0.03215780	0.00217340
2124	0.03415940	0.03198660	0.00217276
2125	0.03399460	0.03182280	0.00217175
2126	0.03384400	0.03167330	0.00217064
2127	0.03370550	0.03153550	0.00216995
2128	0.03357880	0.03140860	0.00217020
2129	0.03346310	0.03129160	0.00217149
2130	0.03335670	0.03118310	0.00217363
2131	0.03325740	0.03108080	0.00217661
2132	0.03316470	0.03098420	0.00218050
2133	0.03307570	0.03089040	0.00218530
2134	0.03299040	0.03079960	0.00219085
2135	0.03290340	0.03070630	0.00219716
2136	0.03280930	0.03060500	0.00220428
2137	0.03270180	0.03048960	0.00221219
2138	0.03257880	0.03035760	0.00222117
2139	0.03243890	0.03020800	0.00223090
2140	0.03228200	0.03004080	0.00224127
2141	0.03211030	0.02985850	0.00225183
2142	0.03191950	0.02965760	0.00226193
2143	0.03171110	0.02943990	0.00227121
2144	0.03148860	0.02920940	0.00227923
2145	0.03125790	0.02897150	0.00228641
2146	0.03102220	0.02872910	0.00229303
2147	0.03078280	0.02848370	0.00229910
2148	0.03054490	0.02824070	0.00230423
2149	0.03031220	0.02800410	0.00230805
2150	0.03008730	0.02777670	0.00231055
2151	0.02987350	0.02756150	0.00231201
2152	0.02967190	0.02735920	0.00231270
2153	0.02948030	0.02716730	0.00231299
2154	0.02929860	0.02698530	0.00231328
2155	0.02913420	0.02682030	0.00231394
2156	0.02899090	0.02667580	0.00231507
2157	0.02886830	0.02655280	0.00231556
2158	0.02876690	0.02645110	0.00231587
2159	0.02868330	0.02636730	0.00231593
2160	0.02861530	0.02629960	0.00231573
2161	0.02855500	0.02623960	0.00231537
2162	0.02849990	0.02618510	0.00231478
2163	0.02845050	0.02613650	0.00231396
2164	0.02840730	0.02609450	0.00231282
2165	0.02836910	0.02605810	0.00231098
2166	0.02833830	0.02603000	0.00230831
2167	0.02831570	0.02601120	0.00230452
2168	0.02829850	0.02599870	0.00229977
2169	0.02829460	0.02599970	0.00229489
2170	0.02831180	0.02602170	0.00229007
2171	0.02833790	0.02605290	0.00228497
2172	0.02836940	0.02608980	0.00227962
2173	0.02840440	0.02613050	0.00227388
2174	0.02844170	0.02617400	0.00226769
2175	0.02848080	0.02621990	0.00226090
2176	0.02851900	0.02626590	0.00225315
2177	0.02855310	0.02630920	0.00224389
2178	0.02857960	0.02634650	0.00223314
2179	0.02860170	0.02638060	0.00222112
2180	0.02863280	0.02642490	0.00220782
2181	0.02867850	0.02648510	0.00219338
2182	0.02873890	0.02656070	0.00217820
2183	0.02881610	0.02665390	0.00216224
2184	0.02890770	0.02676210	0.00214563
2185	0.02900600	0.02687750	0.00212846
2186	0.02910450	0.02699340	0.00211110
2187	0.02920330	0.02710910	0.00209420
2188	0.02930020	0.02722280	0.00207743
2189	0.02940240	0.02734180	0.00206064
2190	0.02950960	0.02746530	0.00204427
2191	0.02961440	0.02758580	0.00202854
2192	0.02971410	0.02770070	0.00201338
2193	0.02981000	0.02781140	0.00199868
2194	0.02990420	0.02791990	0.00198428
2195	0.02999920	0.02802930	0.00196984
2196	0.03009600	0.02814030	0.00195571
2197	0.03020180	0.02825940	0.00194244
2198	0.03031840	0.02838830	0.00193014
2199	0.03044300	0.02852430	0.00191865
2200	0.03058300	0.02867530	0.00190769
2201	0.03073330	0.02883570	0.00189756
2202	0.03088660	0.02899830	0.00188829
2203	0.03103820	0.02915810	0.00188006
2204	0.03118110	0.02930830	0.00187283
2205	0.03131930	0.02945280	0.00186655
2206	0.03145200	0.02959080	0.00186121
2207	0.03157780	0.02972110	0.00185664
2208	0.03169030	0.02983770	0.00185261
2209	0.03178440	0.02993540	0.00184900
2210	0.03185520	0.03000930	0.00184585
2211	0.03190300	0.03005970	0.00184321
2212	0.03192750	0.03008650	0.00184106
2213	0.03192610	0.03008670	0.00183937
2214	0.03189770	0.03005940	0.00183826
2215	0.03184170	0.03000440	0.00183733
2216	0.03176350	0.02992740	0.00183608
2217	0.03167160	0.02983730	0.00183426
2218	0.03157530	0.02974380	0.00183158
2219	0.03148050	0.02965180	0.00182868
2220	0.03139410	0.02956810	0.00182603
2221	0.03131940	0.02949580	0.00182362
2222	0.03125260	0.02943080	0.00182179
2223	0.03119600	0.02937550	0.00182042
2224	0.03114660	0.02932740	0.00181928
2225	0.03110980	0.02929200	0.00181775
2226	0.03108440	0.02926860	0.00181576
2227	0.03107360	0.02926030	0.00181330
2228	0.03107890	0.02926850	0.00181031
2229	0.03109670	0.02928980	0.00180692
2230	0.03112450	0.02932180	0.00180279
2231	0.03116690	0.02936900	0.00179788
2232	0.03122160	0.02942890	0.00179268
2233	0.03128670	0.02949940	0.00178737
2234	0.03136020	0.02957800	0.00178214
2235	0.03144060	0.02966310	0.00177748
2236	0.03150880	0.02973540	0.00177342
2237	0.03154660	0.02977650	0.00177010
2238	0.03153950	0.02977180	0.00176764
2239	0.03147960	0.02971440	0.00176514
2240	0.03135770	0.02959610	0.00176164
2241	0.03117780	0.02942060	0.00175719
2242	0.03094890	0.02919650	0.00175244
2243	0.03068910	0.02894090	0.00174818
2244	0.03040820	0.02866350	0.00174465
2245	0.03010730	0.02836540	0.00174196
2246	0.02979370	0.02805320	0.00174049
2247	0.02946940	0.02772900	0.00174037
2248	0.02913460	0.02739320	0.00174133
2249	0.02878840	0.02704500	0.00174339
2250	0.02842190	0.02667550	0.00174644
2251	0.02804030	0.02628970	0.00175059
2252	0.02765180	0.02589560	0.00175621
2253	0.02726740	0.02550410	0.00176333
2254	0.02690270	0.02513070	0.00177192
2255	0.02656240	0.02478050	0.00178192
2256	0.02625240	0.02445910	0.00179329
2257	0.02597080	0.02416510	0.00180568
2258	0.02571460	0.02389610	0.00181849
2259	0.02547950	0.02364810	0.00183143
2260	0.02526450	0.02341970	0.00184473
2261	0.02506340	0.02320510	0.00185832
2262	0.02488200	0.02300970	0.00187230
2263	0.02472230	0.02283580	0.00188649
2264	0.02458740	0.02268620	0.00190125
2265	0.02448400	0.02256760	0.00191636
2266	0.02441020	0.02247820	0.00193206
2267	0.02436540	0.02241730	0.00194813
2268	0.02434960	0.02238530	0.00196431
2269	0.02436310	0.02238280	0.00198030
2270	0.02440790	0.02241200	0.00199597
2271	0.02449430	0.02248260	0.00201163
2272	0.02462820	0.02260090	0.00202733
2273	0.02480900	0.02276570	0.00204327
2274	0.02503410	0.02297470	0.00205942
2275	0.02529700	0.02322160	0.00207547
2276	0.02559640	0.02350510	0.00209127
2277	0.02592410	0.02381730	0.00210675
2278	0.02627050	0.02414880	0.00212168
2279	0.02663660	0.02450060	0.00213597
2280	0.02702540	0.02487610	0.00214936
2281	0.02743800	0.02527620	0.00216182
2282	0.02787400	0.02570050	0.00217345
2283	0.02833490	0.02615050	0.00218443
2284	0.02881920	0.02662430	0.00219489
2285	0.02932450	0.02711930	0.00220510
2286	0.02983850	0.02762320	0.00221531
2287	0.03035620	0.02813050	0.00222576
2288	0.03087210	0.02863530	0.00223676
2289	0.03138200	0.02913360	0.00224846
2290	0.03188620	0.02962540	0.00226080
2291	0.03238150	0.03010750	0.00227397
2292	0.03286670	0.03057880	0.00228792
2293	0.03333340	0.03103130	0.00230203
2294	0.03378680	0.03147090	0.00231589
2295	0.03423140	0.03190250	0.00232895
2296	0.03466220	0.03232050	0.00234167
2297	0.03507530	0.03272140	0.00235391
2298	0.03547290	0.03310700	0.00236593
2299	0.03585570	0.03347830	0.00237739
2300	0.03623040	0.03384260	0.00238780
2301	0.03661170	0.03421500	0.00239668
2302	0.03700940	0.03460610	0.00240330
2303	0.03741600	0.03500830	0.00240770
2304	0.03781990	0.03540970	0.00241026
2305	0.03821280	0.03580180	0.00241104
2306	0.03858380	0.03617350	0.00241028
2307	0.03892720	0.03651920	0.00240806
2308	0.03923270	0.03682780	0.00240492
2309	0.03950040	0.03709910	0.00240132
2310	0.03972220	0.03732460	0.00239755
2311	0.03989290	0.03749960	0.00239328
2312	0.04000500	0.03761690	0.00238809
2313	0.04005930	0.03767710	0.00238226
2314	0.04005200	0.03767560	0.00237643
2315	0.03998110	0.03761110	0.00236994
2316	0.03984750	0.03748520	0.00236229
2317	0.03965630	0.03730250	0.00235382
2318	0.03940480	0.03705990	0.00234491
2319	0.03908250	0.03674630	0.00233619
2320	0.03868880	0.03636130	0.00232747
2321	0.03823380	0.03591520	0.00231865
2322	0.03772190	0.03541160	0.00231028
2323	0.03716500	0.03486250	0.00230249
2324	0.03656630	0.03427080	0.00229551
2325	0.03593710	0.03364790	0.00228927
2326	0.03528430	0.03300100	0.00228324
2327	0.03462450	0.03234690	0.00227761
2328	0.03397000	0.03169760	0.00227245
2329	0.03333860	0.03107050	0.00226802
2330	0.03273620	0.03047220	0.00226398
2331	0.03216720	0.02990750	0.00225974
2332	0.03163200	0.02937720	0.00225486
2333	0.03112730	0.02887860	0.00224869
2334	0.03065250	0.02841090	0.00224157
2335	0.03020700	0.02797340	0.00223361
2336	0.02979110	0.02756610	0.00222505
2337	0.02940720	0.02719080	0.00221635
2338	0.02905320	0.02684550	0.00220766
2339	0.02872930	0.02653010	0.00219917
2340	0.02843610	0.02624500	0.00219119
2341	0.02817150	0.02598740	0.00218404
2342	0.02793360	0.02575600	0.00217761
2343	0.02772040	0.02554870	0.00217175
2344	0.02753230	0.02536580	0.00216646
2345	0.02737100	0.02520930	0.00216166
2346	0.02724160	0.02508440	0.00215718
2347	0.02714510	0.02499240	0.00215274
2348	0.02708380	0.02493590	0.00214795
2349	0.02705800	0.02491530	0.00214267
2350	0.02706430	0.02492690	0.00213739
2351	0.02709540	0.02496310	0.00213233
2352	0.02714510	0.02501740	0.00212768
2353	0.02720860	0.02508530	0.00212331
2354	0.02728060	0.02516170	0.00211899
2355	0.02735960	0.02524510	0.00211450
2356	0.02744480	0.02533500	0.00210981
2357	0.02753440	0.02542890	0.00210549
2358	0.02762990	0.02552850	0.00210134
2359	0.02773060	0.02563370	0.00209690
2360	0.02783660	0.02574430	0.00209228
2361	0.02795040	0.02586270	0.00208768
2362	0.02806960	0.02598670	0.00208297
2363	0.02819540	0.02611690	0.00207845
2364	0.02833110	0.02625660	0.00207452
2365	0.02847770	0.02640670	0.00207092
2366	0.02863820	0.02657090	0.00206734
2367	0.02881240	0.02674860	0.00206372
2368	0.02899860	0.02693840	0.00206023
2369	0.02919720	0.02714010	0.00205710
2370	0.02940890	0.02735500	0.00205388
2371	0.02963230	0.02758200	0.00205033
2372	0.02986520	0.02781890	0.00204636
2373	0.03010270	0.02806050	0.00204219
2374	0.03034010	0.02830210	0.00203809
2375	0.03057580	0.02854160	0.00203425
2376	0.03080470	0.02877400	0.00203067
2377	0.03102650	0.02899890	0.00202757
2378	0.03123600	0.02921040	0.00202560
2379	0.03143110	0.02940610	0.00202496
2380	0.03160680	0.02958120	0.00202559
2381	0.03175800	0.02973060	0.00202739
2382	0.03187970	0.02984940	0.00203028
2383	0.03196860	0.02993430	0.00203427
2384	0.03202200	0.02998250	0.00203953
2385	0.03203870	0.02999270	0.00204602
2386	0.03201840	0.02996470	0.00205367
2387	0.03196320	0.02990080	0.00206247
2388	0.03187530	0.02980320	0.00207213
2389	0.03175710	0.02967470	0.00208243
2390	0.03161220	0.02951900	0.00209325
2391	0.03144440	0.02934010	0.00210436
2392	0.03125580	0.02914040	0.00211543
2393	0.03105180	0.02892600	0.00212585
2394	0.03083960	0.02870400	0.00213554
2395	0.03062160	0.02847730	0.00214428
2396	0.03039780	0.02824600	0.00215180
2397	0.03017390	0.02801570	0.00215819
2398	0.02995300	0.02778930	0.00216372
2399	0.02974640	0.02757780	0.00216861
2400	0.02955510	0.02738230	0.00217279
2401	0.02938850	0.02721210	0.00217632
2402	0.02924500	0.02706560	0.00217934
2403	0.02912510	0.02694320	0.00218188
2404	0.02902190	0.02683800	0.00218388
2405	0.02893430	0.02674900	0.00218537
2406	0.02886020	0.02667390	0.00218632
2407	0.02879990	0.02661310	0.00218676
2408	0.02875380	0.02656700	0.00218680
2409	0.02872040	0.02653410	0.00218631
2410	0.02869570	0.02651040	0.00218522
2411	0.02867890	0.02649530	0.00218358
2412	0.02866140	0.02648010	0.00218134
2413	0.02863700	0.02645830	0.00217865
2414	0.02861270	0.02643740	0.00217524
2415	0.02859400	0.02642300	0.00217109
2416	0.02859660	0.02643020	0.00216643
2417	0.02862900	0.02646730	0.00216169
2418	0.02870240	0.02654490	0.00215753
2419	0.02882160	0.02666710	0.00215449
2420	0.02899050	0.02683810	0.00215241
2421	0.02921290	0.02706190	0.00215105
2422	0.02948640	0.02733610	0.00215026
2423	0.02979930	0.02764970	0.00214961
2424	0.03013650	0.02798760	0.00214888
2425	0.03048290	0.02833470	0.00214821
2426	0.03082450	0.02867670	0.00214772
2427	0.03114340	0.02899590	0.00214748
2428	0.03142690	0.02927940	0.00214747
2429	0.03166860	0.02952080	0.00214782
2430	0.03186560	0.02971760	0.00214800
2431	0.03201750	0.02986940	0.00214815
2432	0.03212290	0.02997440	0.00214843
2433	0.03218530	0.03003700	0.00214837
2434	0.03220680	0.03005930	0.00214751
2435	0.03219150	0.03004580	0.00214567
2436	0.03214770	0.03000500	0.00214265
2437	0.03208010	0.02994190	0.00213821
2438	0.03198850	0.02985580	0.00213271
2439	0.03187850	0.02975200	0.00212642
2440	0.03175930	0.02963970	0.00211960
2441	0.03163700	0.02952460	0.00211232
2442	0.03151380	0.02940890	0.00210489
2443	0.03138480	0.02928740	0.00209745
2444	0.03124150	0.02915150	0.00208994
2445	0.03108040	0.02899810	0.00208228
2446	0.03090380	0.02882950	0.00207426
2447	0.03071610	0.02865040	0.00206573
2448	0.03051840	0.02846170	0.00205670
2449	0.03031630	0.02826850	0.00204782
2450	0.03011350	0.02807440	0.00203913
2451	0.02991800	0.02788740	0.00203051
2452	0.02972920	0.02770740	0.00202183
2453	0.02955860	0.02754520	0.00201340
2454	0.02940480	0.02739880	0.00200594
2455	0.02926410	0.02726510	0.00199902
2456	0.02913560	0.02714330	0.00199237
2457	0.02901430	0.02702830	0.00198608
2458	0.02890040	0.02692030	0.00198009
2459	0.02878260	0.02680820	0.00197434
2460	0.02865860	0.02669000	0.00196861
2461	0.02853090	0.02656790	0.00196296
2462	0.02840840	0.02645070	0.00195773
2463	0.02830020	0.02634740	0.00195277
2464	0.02821900	0.02627080	0.00194813
2465	0.02817560	0.02623200	0.00194360
2466	0.02817610	0.02623700	0.00193910
2467	0.02822360	0.02628910	0.00193444
2468	0.02831760	0.02638810	0.00192950
2469	0.02845090	0.02652660	0.00192432
2470	0.02861750	0.02669860	0.00191898
2471	0.02881270	0.02689930	0.00191342
2472	0.02903130	0.02712370	0.00190767
2473	0.02926860	0.02736700	0.00190158
2474	0.02951590	0.02762050	0.00189544
2475	0.02976340	0.02787380	0.00188960
2476	0.02999400	0.02810960	0.00188441
2477	0.03020650	0.02832690	0.00187959
2478	0.03039660	0.02852150	0.00187513
2479	0.03056800	0.02869620	0.00187180
2480	0.03071870	0.02884870	0.00186992
2481	0.03084820	0.02897910	0.00186906
2482	0.03095660	0.02908770	0.00186885
2483	0.03105730	0.02918820	0.00186908
2484	0.03115230	0.02928270	0.00186964
2485	0.03124240	0.02937150	0.00187089
2486	0.03132100	0.02944800	0.00187291
2487	0.03138110	0.02950560	0.00187550
2488	0.03142250	0.02954360	0.00187886
2489	0.03144240	0.02955940	0.00188295
2490	0.03143420	0.02954670	0.00188751
2491	0.03139670	0.02950410	0.00189258
2492	0.03134060	0.02944240	0.00189826
2493	0.03126360	0.02935920	0.00190441
2494	0.03117170	0.02926080	0.00191089
2495	0.03107210	0.02915430	0.00191777
2496	0.03096590	0.02904100	0.00192489
2497	0.03084760	0.02891530	0.00193230
2498	0.03071740	0.02877750	0.00193992
2499	0.03056680	0.02861900	0.00194777
2500	0.03039760	0.02844180	0.00195585
