Time	Cd Total	Cd Pressure	Cd Viscous
1	0.05989320	0.05056540	0.00932775
2	0.14935200	0.13736400	0.01198820
3	0.23611900	0.22121500	0.01490450
4	0.28376200	0.26611500	0.01764700
5	0.27923900	0.25935300	0.01988590
6	0.23207700	0.21050400	0.02157390
7	0.16528600	0.14259200	0.02269410
8	0.10336900	0.08003650	0.02333220
9	0.06437380	0.04084360	0.02353010
10	0.05590250	0.03251920	0.02338340
11	0.07433770	0.05133740	0.02300020
12	0.10843000	0.08598780	0.02244240
13	0.14520600	0.12343700	0.02176880
14	0.17423900	0.15322000	0.02101950
15	0.19033100	0.17009800	0.02023310
16	0.19338800	0.17395000	0.01943730
17	0.18725600	0.16859500	0.01866060
18	0.17738200	0.15945800	0.01792470
19	0.16881100	0.15156300	0.01724760
20	0.16477300	0.14814000	0.01663300
21	0.16631400	0.15023400	0.01608060
22	0.17265700	0.15706800	0.01558860
23	0.18191400	0.16675500	0.01515890
24	0.19186800	0.17708000	0.01478850
25	0.20074800	0.18627400	0.01447360
26	0.20755900	0.19335100	0.01420770
27	0.21219200	0.19821000	0.01398150
28	0.21525700	0.20146700	0.01379010
29	0.21760500	0.20397800	0.01362630
30	0.22004800	0.20656200	0.01348580
31	0.22318000	0.20981600	0.01336380
32	0.22717400	0.21391800	0.01325560
33	0.23206000	0.21890100	0.01315850
34	0.23744700	0.22437600	0.01307110
35	0.24294600	0.22995500	0.01299120
36	0.24822800	0.23531100	0.01291720
37	0.25307900	0.24023100	0.01284880
38	0.25747800	0.24469300	0.01278520
39	0.26143900	0.24871500	0.01272400
40	0.26503100	0.25236700	0.01266340
41	0.26834200	0.25574000	0.01260260
42	0.27146400	0.25892500	0.01253930
43	0.27447800	0.26200400	0.01247380
44	0.27750300	0.26509700	0.01240540
45	0.28058000	0.26824700	0.01233370
46	0.28366900	0.27141100	0.01225800
47	0.28667100	0.27449300	0.01217800
48	0.28950600	0.27741100	0.01209460
49	0.29214800	0.28013900	0.01200930
50	0.29456400	0.28264300	0.01192110
51	0.29672500	0.28489600	0.01182930
52	0.29864600	0.28691300	0.01173330
53	0.30035800	0.28872500	0.01163240
54	0.30188600	0.29035800	0.01152750
55	0.30322000	0.29179900	0.01142050
56	0.30440000	0.29308500	0.01131470
57	0.30546000	0.29425000	0.01121040
58	0.30646900	0.29536100	0.01110820
59	0.30747200	0.29646300	0.01100880
60	0.30854400	0.29763000	0.01091400
61	0.30968300	0.29885900	0.01082410
62	0.31094800	0.30021000	0.01073750
63	0.31236100	0.30170700	0.01065390
64	0.31399300	0.30342000	0.01057290
65	0.31583500	0.30533900	0.01049610
66	0.31785400	0.30743000	0.01042410
67	0.31996800	0.30961100	0.01035640
68	0.32208000	0.31178700	0.01029300
69	0.32408800	0.31385500	0.01023330
70	0.32591500	0.31573800	0.01017770
71	0.32746000	0.31733200	0.01012890
72	0.32863700	0.31855000	0.01008690
73	0.32939300	0.31934000	0.01005270
74	0.32969800	0.31967200	0.01002580
75	0.32966000	0.31965700	0.01000320
76	0.32942000	0.31943500	0.00998511
77	0.32911100	0.31913600	0.00997509
78	0.32879500	0.31882400	0.00997096
79	0.32846300	0.31849100	0.00997215
80	0.32805700	0.31808000	0.00997729
81	0.32752900	0.31754200	0.00998658
82	0.32687000	0.31687000	0.01000020
83	0.32608900	0.31607200	0.01001790
84	0.32514900	0.31511000	0.01003930
85	0.32415400	0.31408900	0.01006450
86	0.32309100	0.31299800	0.01009290
87	0.32209400	0.31197100	0.01012320
88	0.32122200	0.31106800	0.01015410
89	0.32050400	0.31032000	0.01018420
90	0.31992500	0.30971200	0.01021300
91	0.31950700	0.30926800	0.01023910
92	0.31925700	0.30899500	0.01026250
93	0.31916600	0.30888300	0.01028300
94	0.31924300	0.30894300	0.01030060
95	0.31953500	0.30921900	0.01031580
96	0.32006500	0.30973600	0.01032860
97	0.32085800	0.31051900	0.01033870
98	0.32190000	0.31155300	0.01034610
99	0.32319700	0.31284700	0.01035020
100	0.32470300	0.31435300	0.01035050
101	0.32634000	0.31599300	0.01034700
102	0.32805000	0.31771100	0.01033950
103	0.32978600	0.31945900	0.01032760
104	0.33148900	0.32117800	0.01031100
105	0.33309700	0.32280700	0.01028990
106	0.33450400	0.32423900	0.01026450
107	0.33563600	0.32540200	0.01023480
108	0.33640800	0.32620700	0.01020110
109	0.33679700	0.32663400	0.01016260
110	0.33676000	0.32663900	0.01012110
111	0.33633200	0.32625300	0.01007870
112	0.33552600	0.32549000	0.01003610
113	0.33441300	0.32442000	0.00999306
114	0.33303300	0.32308400	0.00994880
115	0.33148000	0.32157700	0.00990253
116	0.32979200	0.31993800	0.00985471
117	0.32803200	0.31822700	0.00980593
118	0.32623500	0.31647900	0.00975615
119	0.32445700	0.31475000	0.00970627
120	0.32272300	0.31306600	0.00965681
121	0.32112500	0.31151600	0.00960861
122	0.31975700	0.31019500	0.00956215
123	0.31865000	0.30913300	0.00951621
124	0.31781600	0.30834500	0.00947126
125	0.31721500	0.30778700	0.00942758
126	0.31679200	0.30740800	0.00938475
127	0.31644000	0.30709800	0.00934272
128	0.31608400	0.30678300	0.00930146
129	0.31562300	0.30636300	0.00926095
130	0.31499100	0.30577000	0.00922074
131	0.31416500	0.30498600	0.00917933
132	0.31313700	0.30400000	0.00913645
133	0.31193900	0.30284600	0.00909348
134	0.31057100	0.30151900	0.00905194
135	0.30908300	0.30007300	0.00901040
136	0.30749000	0.29852100	0.00896837
137	0.30583400	0.29690900	0.00892519
138	0.30413600	0.29525500	0.00888103
139	0.30246600	0.29362800	0.00883773
140	0.30085100	0.29205500	0.00879589
141	0.29935600	0.29059900	0.00875697
142	0.29798800	0.28926500	0.00872240
143	0.29678000	0.28808700	0.00869266
144	0.29573700	0.28707100	0.00866648
145	0.29490400	0.28626000	0.00864359
146	0.29429500	0.28567200	0.00862266
147	0.29392700	0.28532200	0.00860470
148	0.29380100	0.28521000	0.00859062
149	0.29390900	0.28532800	0.00858117
150	0.29423600	0.28566000	0.00857643
151	0.29474400	0.28616800	0.00857646
152	0.29539600	0.28681500	0.00858124
153	0.29616400	0.28757400	0.00859004
154	0.29699100	0.28838800	0.00860265
155	0.29786700	0.28924900	0.00861860
156	0.29873700	0.29009900	0.00863749
157	0.29960100	0.29094200	0.00865884
158	0.30040000	0.29171800	0.00868187
159	0.30110300	0.29239700	0.00870589
160	0.30169200	0.29296300	0.00872947
161	0.30214700	0.29339500	0.00875120
162	0.30246600	0.29369500	0.00877088
163	0.30267300	0.29388400	0.00878869
164	0.30278600	0.29398200	0.00880414
165	0.30278800	0.29397100	0.00881732
166	0.30268400	0.29385600	0.00882835
167	0.30242300	0.29358500	0.00883741
168	0.30199300	0.29314800	0.00884536
169	0.30133700	0.29248500	0.00885256
170	0.30043100	0.29157000	0.00886007
171	0.29926700	0.29039900	0.00886832
172	0.29788700	0.28900900	0.00887769
173	0.29631100	0.28742300	0.00888800
174	0.29459400	0.28569500	0.00889921
175	0.29281200	0.28390000	0.00891128
176	0.29100300	0.28208000	0.00892318
177	0.28920100	0.28026700	0.00893413
178	0.28745100	0.27850700	0.00894389
179	0.28577800	0.27682600	0.00895253
180	0.28419000	0.27523000	0.00896052
181	0.28268900	0.27372100	0.00896803
182	0.28121800	0.27224300	0.00897448
183	0.27968500	0.27070500	0.00897993
184	0.27802300	0.26903900	0.00898387
185	0.27616800	0.26718200	0.00898593
186	0.27416300	0.26517700	0.00898553
187	0.27201600	0.26303400	0.00898209
188	0.26981900	0.26084300	0.00897594
189	0.26759800	0.25863100	0.00896692
190	0.26543000	0.25647600	0.00895475
191	0.26328900	0.25434900	0.00893948
192	0.26120200	0.25228000	0.00892250
193	0.25912100	0.25021600	0.00890454
194	0.25706300	0.24817600	0.00888716
195	0.25495600	0.24608500	0.00887100
196	0.25282500	0.24396800	0.00885626
197	0.25062200	0.24177700	0.00884446
198	0.24841300	0.23957700	0.00883594
199	0.24620600	0.23737500	0.00883132
200	0.24407900	0.23524800	0.00883094
201	0.24202000	0.23318400	0.00883547
202	0.24010800	0.23126200	0.00884614
203	0.23831400	0.22945000	0.00886314
204	0.23668800	0.22780100	0.00888677
205	0.23516700	0.22624900	0.00891772
206	0.23373200	0.22477600	0.00895518
207	0.23234200	0.22334300	0.00899900
208	0.23098900	0.22193900	0.00904984
209	0.22966900	0.22056300	0.00910682
210	0.22836200	0.21919300	0.00916969
211	0.22707700	0.21784000	0.00923723
212	0.22582800	0.21652100	0.00930769
213	0.22464100	0.21526200	0.00937848
214	0.22351100	0.21406300	0.00944754
215	0.22245800	0.21294400	0.00951342
216	0.22147100	0.21189500	0.00957540
217	0.22054400	0.21091100	0.00963320
218	0.21966400	0.20997700	0.00968715
219	0.21882600	0.20908900	0.00973774
220	0.21801000	0.20822500	0.00978521
221	0.21718600	0.20735700	0.00982930
222	0.21632600	0.20645700	0.00986984
223	0.21543800	0.20553100	0.00990727
224	0.21450900	0.20456600	0.00994224
225	0.21354400	0.20356900	0.00997494
226	0.21251600	0.20251100	0.01000550
227	0.21144200	0.20140900	0.01003370
228	0.21031600	0.20025700	0.01005920
229	0.20913000	0.19904800	0.01008190
230	0.20786500	0.19776300	0.01010200
231	0.20650400	0.19638500	0.01011900
232	0.20500600	0.19487300	0.01013280
233	0.20334300	0.19320000	0.01014270
234	0.20148900	0.19134100	0.01014870
235	0.19943100	0.18928000	0.01015060
236	0.19718700	0.18703700	0.01014920
237	0.19478600	0.18464000	0.01014530
238	0.19224900	0.18211000	0.01013920
239	0.18961000	0.17947900	0.01013080
240	0.18690400	0.17678300	0.01012030
241	0.18417600	0.17406900	0.01010730
242	0.18146100	0.17136900	0.01009240
243	0.17878300	0.16870800	0.01007490
244	0.17615000	0.16609500	0.01005490
245	0.17356000	0.16352700	0.01003250
246	0.17101100	0.16100300	0.01000790
247	0.16849900	0.15851800	0.00998108
248	0.16603800	0.15608600	0.00995221
249	0.16360200	0.15368100	0.00992142
250	0.16119100	0.15130200	0.00988901
251	0.15880900	0.14895400	0.00985568
252	0.15647100	0.14665000	0.00982158
253	0.15419800	0.14441100	0.00978669
254	0.15200200	0.14225100	0.00975179
255	0.14989500	0.14017900	0.00971668
256	0.14788600	0.13820400	0.00968147
257	0.14593400	0.13628700	0.00964648
258	0.14408500	0.13447300	0.00961158
259	0.14237200	0.13279500	0.00957692
260	0.14083000	0.13128800	0.00954290
261	0.13943900	0.12993000	0.00950945
262	0.13818300	0.12870600	0.00947683
263	0.13705600	0.12761100	0.00944513
264	0.13602200	0.12660700	0.00941470
265	0.13507200	0.12568600	0.00938541
266	0.13420300	0.12484600	0.00935752
267	0.13343400	0.12410300	0.00933100
268	0.13280200	0.12349600	0.00930601
269	0.13234600	0.12306400	0.00928240
270	0.13208200	0.12282200	0.00926031
271	0.13200200	0.12276300	0.00923959
272	0.13209300	0.12287300	0.00922003
273	0.13235800	0.12315700	0.00920125
274	0.13278700	0.12360300	0.00918327
275	0.13338600	0.12422000	0.00916587
276	0.13413100	0.12498200	0.00914897
277	0.13503000	0.12589800	0.00913231
278	0.13607800	0.12696200	0.00911585
279	0.13727300	0.12817300	0.00909940
280	0.13861900	0.12953700	0.00908266
281	0.14007700	0.13101100	0.00906591
282	0.14162800	0.13257900	0.00904909
283	0.14325300	0.13422000	0.00903274
284	0.14497200	0.13595500	0.00901681
285	0.14677500	0.13777300	0.00900201
286	0.14871200	0.13972300	0.00898892
287	0.15075100	0.14177300	0.00897728
288	0.15291200	0.14394500	0.00896675
289	0.15517600	0.14621900	0.00895691
290	0.15753200	0.14858500	0.00894726
291	0.15993000	0.15099300	0.00893708
292	0.16234000	0.15341400	0.00892587
293	0.16475700	0.15584500	0.00891267
294	0.16719300	0.15829600	0.00889668
295	0.16969300	0.16081500	0.00887756
296	0.17230900	0.16345400	0.00885513
297	0.17511800	0.16628800	0.00882971
298	0.17812000	0.16931800	0.00880145
299	0.18133400	0.17256400	0.00877043
300	0.18466600	0.17592900	0.00873672
301	0.18807200	0.17937100	0.00870063
302	0.19148000	0.18281800	0.00866243
303	0.19481300	0.18619100	0.00862235
304	0.19795000	0.18936900	0.00858064
305	0.20077700	0.19223900	0.00853715
306	0.20322900	0.19473700	0.00849146
307	0.20528400	0.19684000	0.00844377
308	0.20691500	0.19852200	0.00839322
309	0.20812000	0.19978000	0.00834008
310	0.20889200	0.20060600	0.00828516
311	0.20924200	0.20101300	0.00822919
312	0.20920200	0.20102900	0.00817295
313	0.20877600	0.20065900	0.00811676
314	0.20799300	0.19993400	0.00805968
315	0.20688200	0.19888100	0.00800165
316	0.20551200	0.19756900	0.00794340
317	0.20395000	0.19606400	0.00788597
318	0.20228500	0.19445500	0.00783028
319	0.20064700	0.19287000	0.00777656
320	0.19910800	0.19138400	0.00772398
321	0.19773000	0.19005800	0.00767194
322	0.19652800	0.18890800	0.00762000
323	0.19552300	0.18795500	0.00756789
324	0.19471600	0.18720000	0.00751588
325	0.19413000	0.18666600	0.00746420
326	0.19375600	0.18634300	0.00741316
327	0.19361500	0.18625100	0.00736400
328	0.19371000	0.18639300	0.00731713
329	0.19403000	0.18675700	0.00727303
330	0.19454800	0.18731600	0.00723209
331	0.19523700	0.18804200	0.00719470
332	0.19607400	0.18891300	0.00716113
333	0.19703700	0.18990500	0.00713189
334	0.19810200	0.19099400	0.00710758
335	0.19924800	0.19216000	0.00708848
336	0.20045100	0.19337600	0.00707486
337	0.20170300	0.19463600	0.00706690
338	0.20298200	0.19591800	0.00706475
339	0.20427800	0.19721000	0.00706825
340	0.20557400	0.19849700	0.00707704
341	0.20687700	0.19978600	0.00709116
342	0.20821900	0.20110800	0.00711051
343	0.20960400	0.20247000	0.00713488
344	0.21104500	0.20388100	0.00716388
345	0.21255400	0.20535700	0.00719744
346	0.21415400	0.20691800	0.00723568
347	0.21587800	0.20859900	0.00727879
348	0.21774000	0.21041300	0.00732689
349	0.21976000	0.21238000	0.00737964
350	0.22192500	0.21448900	0.00743653
351	0.22423700	0.21673900	0.00749777
352	0.22667300	0.21911100	0.00756280
353	0.22925200	0.22162000	0.00763110
354	0.23190100	0.22419800	0.00770234
355	0.23454600	0.22677100	0.00777569
356	0.23712700	0.22927700	0.00785035
357	0.23959000	0.23166400	0.00792591
358	0.24189000	0.23388800	0.00800201
359	0.24399500	0.23591700	0.00807816
360	0.24586300	0.23770900	0.00815366
361	0.24745300	0.23922500	0.00822814
362	0.24873400	0.24043200	0.00830159
363	0.24968400	0.24131000	0.00837391
364	0.25029400	0.24184900	0.00844465
365	0.25056300	0.24204900	0.00851359
366	0.25052200	0.24194200	0.00858054
367	0.25020800	0.24156200	0.00864554
368	0.24966500	0.24095600	0.00870844
369	0.24894900	0.24018000	0.00876936
370	0.24812500	0.23929700	0.00882846
371	0.24724500	0.23835900	0.00888583
372	0.24636200	0.23742000	0.00894208
373	0.24550600	0.23650800	0.00899767
374	0.24468300	0.23563000	0.00905300
375	0.24388700	0.23477900	0.00910822
376	0.24311800	0.23395500	0.00916362
377	0.24234900	0.23313100	0.00921862
378	0.24158000	0.23230700	0.00927296
379	0.24078900	0.23146300	0.00932642
380	0.23997000	0.23059100	0.00937870
381	0.23908200	0.22965200	0.00942935
382	0.23811900	0.22864100	0.00947829
383	0.23706200	0.22753600	0.00952580
384	0.23591100	0.22633900	0.00957180
385	0.23467700	0.22506100	0.00961633
386	0.23338000	0.22372000	0.00965940
387	0.23203000	0.22232800	0.00970138
388	0.23064600	0.22090400	0.00974240
389	0.22925100	0.21946800	0.00978245
390	0.22786600	0.21804500	0.00982154
391	0.22650700	0.21664800	0.00985966
392	0.22519600	0.21529900	0.00989697
393	0.22394700	0.21401300	0.00993364
394	0.22274500	0.21277600	0.00996983
395	0.22162200	0.21161600	0.01000570
396	0.22058900	0.21054800	0.01004140
397	0.21969200	0.20961500	0.01007700
398	0.21893600	0.20882300	0.01011240
399	0.21835300	0.20820600	0.01014760
400	0.21794000	0.20775800	0.01018220
401	0.21772000	0.20750400	0.01021580
402	0.21767200	0.20742400	0.01024780
403	0.21781600	0.20753900	0.01027760
404	0.21813600	0.20783100	0.01030470
405	0.21864300	0.20831500	0.01032860
406	0.21933800	0.20898900	0.01034880
407	0.22022100	0.20985500	0.01036520
408	0.22128300	0.21090600	0.01037750
409	0.22249300	0.21210700	0.01038610
410	0.22379600	0.21340500	0.01039150
411	0.22514400	0.21475000	0.01039420
412	0.22648100	0.21608600	0.01039520
413	0.22775300	0.21735800	0.01039470
414	0.22894000	0.21854700	0.01039320
415	0.23004600	0.21965500	0.01039110
416	0.23109600	0.22070800	0.01038850
417	0.23212200	0.22173600	0.01038590
418	0.23314400	0.22276000	0.01038370
419	0.23417100	0.22378900	0.01038240
420	0.23519600	0.22481400	0.01038190
421	0.23621700	0.22583500	0.01038200
422	0.23720800	0.22682600	0.01038280
423	0.23815800	0.22777300	0.01038420
424	0.23905000	0.22866400	0.01038600
425	0.23989900	0.22951100	0.01038810
426	0.24068600	0.23029600	0.01039050
427	0.24141100	0.23101800	0.01039290
428	0.24204900	0.23165300	0.01039550
429	0.24258700	0.23218900	0.01039840
430	0.24303600	0.23263400	0.01040160
431	0.24340700	0.23300100	0.01040540
432	0.24368900	0.23327900	0.01040980
433	0.24390200	0.23348700	0.01041500
434	0.24403800	0.23361700	0.01042110
435	0.24411000	0.23368100	0.01042820
436	0.24410800	0.23367200	0.01043640
437	0.24402700	0.23358100	0.01044570
438	0.24383800	0.23338100	0.01045670
439	0.24354200	0.23307300	0.01046930
440	0.24310700	0.23262400	0.01048380
441	0.24254400	0.23204400	0.01050000
442	0.24184300	0.23132500	0.01051790
443	0.24104200	0.23050500	0.01053720
444	0.24014500	0.22958800	0.01055750
445	0.23918000	0.22860100	0.01057870
446	0.23813100	0.22753000	0.01060080
447	0.23702000	0.22639600	0.01062370
448	0.23584300	0.22519600	0.01064710
449	0.23461200	0.22394200	0.01067090
450	0.23331600	0.22262200	0.01069440
451	0.23195300	0.22123600	0.01071690
452	0.23051300	0.21977600	0.01073700
453	0.22898100	0.21822700	0.01075430
454	0.22737000	0.21660100	0.01076880
455	0.22568000	0.21489900	0.01078070
456	0.22392400	0.21313400	0.01079020
457	0.22212000	0.21132300	0.01079750
458	0.22028000	0.20947700	0.01080310
459	0.21840300	0.20759600	0.01080720
460	0.21649900	0.20569000	0.01080960
461	0.21454000	0.20373000	0.01080990
462	0.21252500	0.20171700	0.01080850
463	0.21042900	0.19962300	0.01080580
464	0.20825000	0.19744800	0.01080220
465	0.20592900	0.19513100	0.01079770
466	0.20345400	0.19266100	0.01079250
467	0.20083400	0.19004800	0.01078680
468	0.19807300	0.18729200	0.01078030
469	0.19513500	0.18436300	0.01077260
470	0.19199400	0.18123000	0.01076370
471	0.18869900	0.17794600	0.01075340
472	0.18528500	0.17454300	0.01074160
473	0.18180600	0.17107800	0.01072790
474	0.17829100	0.16757900	0.01071190
475	0.17476300	0.16406900	0.01069360
476	0.17121900	0.16054500	0.01067340
477	0.16768000	0.15702800	0.01065140
478	0.16417200	0.15354400	0.01062780
479	0.16074500	0.15014200	0.01060270
480	0.15743500	0.14685800	0.01057630
481	0.15426100	0.14371300	0.01054890
482	0.15122200	0.14070200	0.01052050
483	0.14832300	0.13783200	0.01049130
484	0.14557000	0.13510900	0.01046120
485	0.14299600	0.13256500	0.01043070
486	0.14061300	0.13021300	0.01039970
487	0.13844700	0.12807900	0.01036820
488	0.13655400	0.12621800	0.01033580
489	0.13493500	0.12463200	0.01030280
490	0.13358800	0.12331800	0.01026960
491	0.13248600	0.12224900	0.01023630
492	0.13162000	0.12141700	0.01020300
493	0.13097600	0.12080600	0.01016950
494	0.13055800	0.12042200	0.01013590
495	0.13032400	0.12022200	0.01010250
496	0.13027300	0.12020400	0.01006940
497	0.13039500	0.12035900	0.01003690
498	0.13066900	0.12066400	0.01000520
499	0.13111400	0.12114000	0.00997419
500	0.13173600	0.12179200	0.00994383
501	0.13257100	0.12265700	0.00991413
502	0.13359200	0.12370600	0.00988551
503	0.13480700	0.12494900	0.00985788
504	0.13619500	0.12636300	0.00983142
505	0.13778500	0.12797900	0.00980594
506	0.13957700	0.12979600	0.00978136
507	0.14159200	0.13183400	0.00975745
508	0.14380500	0.13407100	0.00973427
509	0.14621900	0.13650700	0.00971170
510	0.14881300	0.13912300	0.00968986
511	0.15156700	0.14189800	0.00966856
512	0.15444000	0.14479300	0.00964735
513	0.15740700	0.14778100	0.00962621
514	0.16041200	0.15080700	0.00960467
515	0.16344200	0.15386000	0.00958220
516	0.16648600	0.15692800	0.00955853
517	0.16955600	0.16002200	0.00953378
518	0.17266400	0.16315700	0.00950775
519	0.17584800	0.16636800	0.00948001
520	0.17912700	0.16967700	0.00945025
521	0.18246100	0.17304300	0.00941821
522	0.18577000	0.17638600	0.00938384
523	0.18897300	0.17962600	0.00934689
524	0.19201100	0.18270300	0.00930747
525	0.19484700	0.18558200	0.00926585
526	0.19748900	0.18826600	0.00922294
527	0.19992500	0.19074500	0.00917932
528	0.20217900	0.19304400	0.00913566
529	0.20424800	0.19515600	0.00909223
530	0.20613100	0.19708200	0.00904855
531	0.20783000	0.19882500	0.00900406
532	0.20935400	0.20039600	0.00895843
533	0.21069500	0.20178400	0.00891103
534	0.21185100	0.20299000	0.00886138
535	0.21281600	0.20400600	0.00881001
536	0.21356100	0.20480400	0.00875740
537	0.21411000	0.20540600	0.00870425
538	0.21444500	0.20579300	0.00865177
539	0.21454100	0.20594100	0.00859977
540	0.21439500	0.20584600	0.00854897
541	0.21403400	0.20553400	0.00850070
542	0.21347700	0.20502200	0.00845482
543	0.21276000	0.20434800	0.00841200
544	0.21190100	0.20352900	0.00837221
545	0.21097700	0.20264200	0.00833551
546	0.20999300	0.20169100	0.00830201
547	0.20897300	0.20070200	0.00827126
548	0.20794000	0.19969700	0.00824301
549	0.20690600	0.19868800	0.00821738
550	0.20588400	0.19768900	0.00819476
551	0.20486700	0.19669200	0.00817517
552	0.20391500	0.19575600	0.00815896
553	0.20302600	0.19487900	0.00814627
554	0.20222700	0.19409000	0.00813732
555	0.20154400	0.19341200	0.00813219
556	0.20097500	0.19284500	0.00813038
557	0.20050600	0.19237500	0.00813173
558	0.20014500	0.19200900	0.00813564
559	0.19989000	0.19174900	0.00814182
560	0.19973300	0.19158300	0.00815039
561	0.19964900	0.19148800	0.00816154
562	0.19963500	0.19146000	0.00817504
563	0.19971900	0.19152900	0.00819047
564	0.19992100	0.19171300	0.00820775
565	0.20027300	0.19204700	0.00822623
566	0.20077500	0.19252900	0.00824559
567	0.20140400	0.19313900	0.00826544
568	0.20216200	0.19387700	0.00828507
569	0.20307500	0.19477100	0.00830405
570	0.20414000	0.19581800	0.00832235
571	0.20536800	0.19702800	0.00833986
572	0.20673100	0.19837400	0.00835658
573	0.20828700	0.19991500	0.00837250
574	0.20999500	0.20160700	0.00838731
575	0.21182500	0.20342400	0.00840097
576	0.21375200	0.20533900	0.00841343
577	0.21576600	0.20734200	0.00842406
578	0.21779900	0.20936600	0.00843260
579	0.21982400	0.21138500	0.00843908
580	0.22181900	0.21337500	0.00844370
581	0.22376500	0.21531800	0.00844644
582	0.22564300	0.21719500	0.00844717
583	0.22741400	0.21896800	0.00844636
584	0.22903800	0.22059400	0.00844418
585	0.23046700	0.22202600	0.00844076
586	0.23166300	0.22322700	0.00843636
587	0.23259500	0.22416400	0.00843138
588	0.23322600	0.22479900	0.00842621
589	0.23356100	0.22514000	0.00842131
590	0.23361100	0.22519300	0.00841717
591	0.23336700	0.22495300	0.00841440
592	0.23289500	0.22448100	0.00841369
593	0.23226100	0.22384600	0.00841535
594	0.23153400	0.22311500	0.00841919
595	0.23076600	0.22234100	0.00842506
596	0.23001000	0.22157700	0.00843301
597	0.22932400	0.22088100	0.00844291
598	0.22875800	0.22030400	0.00845443
599	0.22833200	0.21986400	0.00846721
600	0.22807700	0.21959600	0.00848080
601	0.22796400	0.21946900	0.00849483
602	0.22794500	0.21943600	0.00850884
603	0.22796900	0.21944600	0.00852273
604	0.22799200	0.21945500	0.00853639
605	0.22795900	0.21940900	0.00854990
606	0.22784500	0.21928100	0.00856332
607	0.22764000	0.21906400	0.00857667
608	0.22736200	0.21877200	0.00859005
609	0.22702700	0.21842300	0.00860379
610	0.22665500	0.21803700	0.00861815
611	0.22626600	0.21763300	0.00863340
612	0.22588500	0.21723500	0.00864950
613	0.22552800	0.21686100	0.00866685
614	0.22521800	0.21653200	0.00868606
615	0.22497400	0.21626600	0.00870783
616	0.22481700	0.21608500	0.00873246
617	0.22476800	0.21600700	0.00876031
618	0.22479800	0.21600700	0.00879136
619	0.22493700	0.21611100	0.00882608
620	0.22518700	0.21632200	0.00886480
621	0.22555300	0.21664600	0.00890713
622	0.22600800	0.21705600	0.00895239
623	0.22651400	0.21751400	0.00899987
624	0.22702100	0.21797200	0.00904893
625	0.22751500	0.21841600	0.00909902
626	0.22794800	0.21879800	0.00914936
627	0.22831700	0.21911700	0.00919949
628	0.22859400	0.21934500	0.00924878
629	0.22877400	0.21947800	0.00929644
630	0.22886300	0.21952100	0.00934193
631	0.22889500	0.21951000	0.00938486
632	0.22889500	0.21947000	0.00942509
633	0.22891500	0.21945300	0.00946278
634	0.22894400	0.21944600	0.00949836
635	0.22898500	0.21945300	0.00953225
636	0.22900300	0.21943900	0.00956452
637	0.22899100	0.21939500	0.00959570
638	0.22893900	0.21931300	0.00962563
639	0.22885600	0.21920200	0.00965445
640	0.22875500	0.21907300	0.00968209
641	0.22865400	0.21894500	0.00970847
642	0.22857500	0.21884200	0.00973395
643	0.22855000	0.21879200	0.00975813
644	0.22858400	0.21880400	0.00978089
645	0.22867800	0.21887600	0.00980224
646	0.22882800	0.21900600	0.00982221
647	0.22905700	0.21921600	0.00984090
648	0.22937000	0.21951100	0.00985853
649	0.22976300	0.21988800	0.00987524
650	0.23024200	0.22035100	0.00989097
651	0.23078600	0.22088000	0.00990553
652	0.23138600	0.22146700	0.00991859
653	0.23199800	0.22206900	0.00992977
654	0.23257800	0.22263900	0.00993899
655	0.23308500	0.22313900	0.00994641
656	0.23348800	0.22353600	0.00995201
657	0.23377500	0.22382000	0.00995573
658	0.23391400	0.22395600	0.00995727
659	0.23392000	0.22396300	0.00995659
660	0.23379600	0.22384200	0.00995360
661	0.23356300	0.22361500	0.00994810
662	0.23322000	0.22327900	0.00994046
663	0.23280100	0.22287000	0.00993091
664	0.23231000	0.22239000	0.00991972
665	0.23176300	0.22185600	0.00990712
666	0.23117700	0.22128400	0.00989384
667	0.23056100	0.22068100	0.00988029
668	0.22993400	0.22006600	0.00986725
669	0.22929900	0.21944400	0.00985532
670	0.22867600	0.21883100	0.00984509
671	0.22809000	0.21825300	0.00983677
672	0.22755600	0.21772600	0.00983006
673	0.22707400	0.21724900	0.00982486
674	0.22665300	0.21683200	0.00982087
675	0.22628800	0.21647000	0.00981779
676	0.22596200	0.21614600	0.00981522
677	0.22565300	0.21584100	0.00981261
678	0.22534300	0.21553400	0.00980923
679	0.22499000	0.21518600	0.00980457
680	0.22453900	0.21474100	0.00979799
681	0.22394500	0.21415600	0.00978909
682	0.22315600	0.21337800	0.00977802
683	0.22216100	0.21239700	0.00976442
684	0.22095400	0.21120500	0.00974900
685	0.21953100	0.20979900	0.00973163
686	0.21788300	0.20816900	0.00971314
687	0.21602000	0.20632600	0.00969357
688	0.21397600	0.20430200	0.00967392
689	0.21177100	0.20211600	0.00965475
690	0.20944600	0.19980900	0.00963647
691	0.20701900	0.19740000	0.00961963
692	0.20449700	0.19489200	0.00960455
693	0.20189300	0.19230100	0.00959135
694	0.19922000	0.18964000	0.00958016
695	0.19648500	0.18691400	0.00957079
696	0.19370500	0.18414100	0.00956410
697	0.19089700	0.18133700	0.00955983
698	0.18808100	0.17852300	0.00955792
699	0.18527900	0.17572000	0.00955865
700	0.18247600	0.17291500	0.00956193
701	0.17967600	0.17010800	0.00956765
702	0.17688000	0.16730400	0.00957550
703	0.17410300	0.16451800	0.00958528
704	0.17134200	0.16174500	0.00959694
705	0.16854100	0.15893100	0.00961041
706	0.16572300	0.15609800	0.00962559
707	0.16285600	0.15321400	0.00964201
708	0.15994200	0.15028300	0.00965932
709	0.15697500	0.14729700	0.00967731
710	0.15395600	0.14426100	0.00969559
711	0.15085700	0.14114400	0.00971347
712	0.14771400	0.13798300	0.00973097
713	0.14456700	0.13481800	0.00974836
714	0.14145300	0.13168800	0.00976564
715	0.13839400	0.12861200	0.00978265
716	0.13539100	0.12559200	0.00979893
717	0.13246000	0.12264500	0.00981436
718	0.12958200	0.11975300	0.00982901
719	0.12680200	0.11695900	0.00984272
720	0.12415500	0.11429900	0.00985511
721	0.12167400	0.11180800	0.00986586
722	0.11939100	0.10951700	0.00987483
723	0.11729100	0.10740900	0.00988201
724	0.11540800	0.10552000	0.00988760
725	0.11377200	0.10388100	0.00989118
726	0.11238500	0.10249300	0.00989222
727	0.11123600	0.10134500	0.00989043
728	0.11032900	0.10044400	0.00988552
729	0.10966100	0.09978340	0.00987805
730	0.10925300	0.09938490	0.00986843
731	0.10907300	0.09921630	0.00985701
732	0.10908900	0.09924520	0.00984352
733	0.10927300	0.09944520	0.00982802
734	0.10961700	0.09980640	0.00981103
735	0.11010200	0.10030900	0.00979276
736	0.11072100	0.10094800	0.00977330
737	0.11142800	0.10167500	0.00975275
738	0.11223400	0.10250300	0.00973125
739	0.11313300	0.10342300	0.00970904
740	0.11417000	0.10448400	0.00968588
741	0.11537300	0.10571100	0.00966197
742	0.11672200	0.10708500	0.00963719
743	0.11819600	0.10858400	0.00961154
744	0.11975400	0.11016900	0.00958491
745	0.12138300	0.11182500	0.00955734
746	0.12304700	0.11351800	0.00952899
747	0.12473600	0.11523600	0.00950004
748	0.12643200	0.11696100	0.00947059
749	0.12814500	0.11870400	0.00944065
750	0.12986100	0.12045100	0.00941060
751	0.13159200	0.12221200	0.00938050
752	0.13331300	0.12396200	0.00935052
753	0.13501300	0.12569200	0.00932100
754	0.13665600	0.12736400	0.00929190
755	0.13822000	0.12895700	0.00926293
756	0.13966200	0.13042800	0.00923417
757	0.14096300	0.13175800	0.00920557
758	0.14210600	0.13292900	0.00917723
759	0.14310900	0.13396000	0.00914921
760	0.14398000	0.13485800	0.00912176
761	0.14476700	0.13567200	0.00909497
762	0.14550400	0.13643500	0.00906884
763	0.14625400	0.13721000	0.00904381
764	0.14705200	0.13803200	0.00901998
765	0.14795500	0.13895800	0.00899729
766	0.14898400	0.14000800	0.00897520
767	0.15016100	0.14120700	0.00895385
768	0.15144600	0.14251300	0.00893350
769	0.15284200	0.14392800	0.00891425
770	0.15435200	0.14545600	0.00889564
771	0.15607500	0.14719800	0.00887763
772	0.15803800	0.14917700	0.00886111
773	0.16022000	0.15137400	0.00884609
774	0.16264900	0.15381700	0.00883210
775	0.16524900	0.15643000	0.00881940
776	0.16800600	0.15919800	0.00880745
777	0.17088400	0.16208800	0.00879588
778	0.17388600	0.16510100	0.00878494
779	0.17698400	0.16820900	0.00877493
780	0.18015100	0.17138500	0.00876572
781	0.18336400	0.17460700	0.00875675
782	0.18660700	0.17785900	0.00874790
783	0.18987700	0.18113700	0.00873940
784	0.19318400	0.18445400	0.00873085
785	0.19655100	0.18782900	0.00872159
786	0.19995500	0.19124400	0.00871091
787	0.20339500	0.19469600	0.00869853
788	0.20683600	0.19815200	0.00868436
789	0.21026400	0.20159600	0.00866830
790	0.21364100	0.20499100	0.00865028
791	0.21690600	0.20827600	0.00862991
792	0.22000600	0.21139900	0.00860694
793	0.22298500	0.21440400	0.00858100
794	0.22584100	0.21728900	0.00855196
795	0.22855800	0.22003800	0.00852010
796	0.23112200	0.22263600	0.00848546
797	0.23349700	0.22504900	0.00844856
798	0.23566300	0.22725400	0.00840965
799	0.23759300	0.22922400	0.00836954
800	0.23929900	0.23097000	0.00832900
801	0.24080700	0.23251900	0.00828825
802	0.24218000	0.23393200	0.00824761
803	0.24346200	0.23525400	0.00820737
804	0.24463900	0.23647100	0.00816811
805	0.24574400	0.23761400	0.00813025
806	0.24679000	0.23869700	0.00809354
807	0.24779800	0.23974000	0.00805822
808	0.24876400	0.24073900	0.00802482
809	0.24970600	0.24171200	0.00799382
810	0.25059300	0.24262700	0.00796554
811	0.25143100	0.24349100	0.00794014
812	0.25219600	0.24427800	0.00791737
813	0.25292200	0.24502400	0.00789725
814	0.25358600	0.24570600	0.00787972
815	0.25419800	0.24633300	0.00786505
816	0.25475200	0.24689900	0.00785308
817	0.25524600	0.24740200	0.00784385
818	0.25566600	0.24782900	0.00783700
819	0.25601400	0.24818200	0.00783203
820	0.25625600	0.24842700	0.00782872
821	0.25640400	0.24857700	0.00782694
822	0.25646800	0.24864100	0.00782699
823	0.25643500	0.24860600	0.00782959
824	0.25636600	0.24853000	0.00783522
825	0.25628200	0.24843800	0.00784395
826	0.25621900	0.24836300	0.00785589
827	0.25619300	0.24832200	0.00787100
828	0.25624100	0.24835200	0.00788924
829	0.25634500	0.24843400	0.00791064
830	0.25647900	0.24854400	0.00793518
831	0.25662400	0.24866200	0.00796275
832	0.25675500	0.24876200	0.00799322
833	0.25687100	0.24884500	0.00802657
834	0.25699500	0.24893200	0.00806285
835	0.25713300	0.24903100	0.00810213
836	0.25729700	0.24915200	0.00814457
837	0.25747300	0.24928300	0.00818994
838	0.25764800	0.24941100	0.00823759
839	0.25780600	0.24951900	0.00828691
840	0.25789700	0.24955900	0.00833742
841	0.25780300	0.24941500	0.00838838
842	0.25758000	0.24914100	0.00843907
843	0.25719400	0.24870500	0.00848900
844	0.25660900	0.24807100	0.00853780
845	0.25581900	0.24723400	0.00858522
846	0.25481800	0.24618700	0.00863115
847	0.25361400	0.24493900	0.00867551
848	0.25223800	0.24352000	0.00871842
849	0.25073100	0.24197100	0.00875998
850	0.24907900	0.24027900	0.00880021
851	0.24738000	0.23854100	0.00883926
852	0.24570900	0.23683200	0.00887725
853	0.24412200	0.23520800	0.00891432
854	0.24266600	0.23371500	0.00895099
855	0.24137300	0.23238600	0.00898763
856	0.24026900	0.23124500	0.00902439
857	0.23935600	0.23029400	0.00906141
858	0.23862300	0.22952400	0.00909876
859	0.23804800	0.22891100	0.00913679
860	0.23759900	0.22842400	0.00917553
861	0.23726600	0.22805100	0.00921495
862	0.23702100	0.22776600	0.00925482
863	0.23682900	0.22753400	0.00929503
864	0.23665000	0.22731500	0.00933559
865	0.23646200	0.22708600	0.00937648
866	0.23626900	0.22685200	0.00941754
867	0.23603700	0.22657900	0.00945845
868	0.23577200	0.22627300	0.00949949
869	0.23553800	0.22599700	0.00954080
870	0.23531900	0.22573700	0.00958242
871	0.23510300	0.22547900	0.00962445
872	0.23487700	0.22521000	0.00966705
873	0.23465000	0.22493900	0.00971041
874	0.23438300	0.22462800	0.00975465
875	0.23408600	0.22428600	0.00979966
876	0.23372200	0.22387700	0.00984516
877	0.23328200	0.22339100	0.00989085
878	0.23275800	0.22282200	0.00993610
879	0.23218100	0.22220100	0.00998045
880	0.23156900	0.22154600	0.01002330
881	0.23096100	0.22089700	0.01006460
882	0.23036400	0.22026000	0.01010380
883	0.22977900	0.21963900	0.01014020
884	0.22919200	0.21901800	0.01017380
885	0.22861000	0.21840500	0.01020490
886	0.22802700	0.21779300	0.01023380
887	0.22744400	0.21718300	0.01026100
888	0.22687000	0.21658300	0.01028630
889	0.22629400	0.21598500	0.01030910
890	0.22572300	0.21539300	0.01032990
891	0.22516200	0.21481400	0.01034790
892	0.22460000	0.21423700	0.01036330
893	0.22404600	0.21366900	0.01037650
894	0.22349000	0.21310100	0.01038810
895	0.22293800	0.21253900	0.01039900
896	0.22238100	0.21197200	0.01040920
897	0.22180100	0.21138200	0.01041880
898	0.22119900	0.21077100	0.01042780
899	0.22056900	0.21013200	0.01043640
900	0.21989000	0.20944700	0.01044380
901	0.21916000	0.20871000	0.01045010
902	0.21836700	0.20791100	0.01045510
903	0.21750100	0.20704200	0.01045900
904	0.21655200	0.20609000	0.01046210
905	0.21553100	0.20506700	0.01046470
906	0.21438900	0.20392200	0.01046690
907	0.21313400	0.20266500	0.01046830
908	0.21175100	0.20128200	0.01046890
909	0.21021600	0.19974800	0.01046810
910	0.20850700	0.19804100	0.01046560
911	0.20661600	0.19615300	0.01046220
912	0.20453400	0.19407600	0.01045800
913	0.20223700	0.19178400	0.01045260
914	0.19973000	0.18928400	0.01044620
915	0.19707400	0.18663500	0.01043930
916	0.19424600	0.18381500	0.01043110
917	0.19124700	0.18082500	0.01042280
918	0.18808700	0.17767300	0.01041400
919	0.18481800	0.17441300	0.01040450
920	0.18144400	0.17104900	0.01039530
921	0.17800500	0.16761900	0.01038580
922	0.17452600	0.16415100	0.01037550
923	0.17102700	0.16066200	0.01036520
924	0.16753200	0.15717800	0.01035430
925	0.16405600	0.15371300	0.01034270
926	0.16068900	0.15035900	0.01033070
927	0.15741800	0.14710000	0.01031790
928	0.15423600	0.14393100	0.01030420
929	0.15112100	0.14083100	0.01028950
930	0.14814800	0.13787400	0.01027370
931	0.14535400	0.13509800	0.01025620
932	0.14280500	0.13256900	0.01023660
933	0.14053300	0.13031800	0.01021530
934	0.13855600	0.12836400	0.01019230
935	0.13686300	0.12669600	0.01016790
936	0.13547800	0.12533600	0.01014220
937	0.13440400	0.12428900	0.01011540
938	0.13365900	0.12357200	0.01008720
939	0.13320400	0.12314700	0.01005680
940	0.13308200	0.12305700	0.01002470
941	0.13327700	0.12328500	0.00999168
942	0.13394300	0.12398500	0.00995766
943	0.13505900	0.12513600	0.00992269
944	0.13659800	0.12671100	0.00988649
945	0.13849100	0.12864200	0.00984941
946	0.14071600	0.13090400	0.00981184
947	0.14322200	0.13344800	0.00977391
948	0.14608500	0.13634900	0.00973619
949	0.14922000	0.13952200	0.00969851
950	0.15254200	0.14288100	0.00966118
951	0.15600200	0.14637800	0.00962436
952	0.15955300	0.14996500	0.00958767
953	0.16316500	0.15361300	0.00955127
954	0.16679300	0.15727900	0.00951428
955	0.17040500	0.16092900	0.00947617
956	0.17396600	0.16452900	0.00943761
957	0.17747000	0.16807100	0.00939844
958	0.18088700	0.17152900	0.00935797
959	0.18413500	0.17482000	0.00931575
960	0.18719300	0.17792100	0.00927174
961	0.19008000	0.18085400	0.00922629
962	0.19275600	0.18357600	0.00918004
963	0.19528800	0.18615500	0.00913300
964	0.19768300	0.18859800	0.00908504
965	0.19997200	0.19093600	0.00903630
966	0.20215000	0.19316300	0.00898677
967	0.20424200	0.19530500	0.00893653
968	0.20626600	0.19738000	0.00888592
969	0.20825600	0.19942100	0.00883532
970	0.21024100	0.20145600	0.00878544
971	0.21226800	0.20353100	0.00873685
972	0.21432800	0.20563800	0.00868960
973	0.21642900	0.20778500	0.00864432
974	0.21854100	0.20994000	0.00860108
975	0.22063900	0.21207900	0.00855976
976	0.22265300	0.21413300	0.00852001
977	0.22454700	0.21606600	0.00848100
978	0.22628700	0.21784500	0.00844206
979	0.22784600	0.21944300	0.00840276
980	0.22919900	0.22083600	0.00836290
981	0.23035000	0.22202600	0.00832317
982	0.23129400	0.22301100	0.00828348
983	0.23203900	0.22379600	0.00824303
984	0.23262000	0.22441800	0.00820187
985	0.23308700	0.22492700	0.00816019
986	0.23350600	0.22538700	0.00811843
987	0.23391700	0.22584000	0.00807719
988	0.23438100	0.22634400	0.00803671
989	0.23490300	0.22690600	0.00799684
990	0.23550200	0.22754500	0.00795781
991	0.23619700	0.22827800	0.00791978
992	0.23701200	0.22912900	0.00788335
993	0.23797400	0.23012500	0.00784911
994	0.23909800	0.23128100	0.00781774
995	0.24039100	0.23260100	0.00778964
996	0.24181600	0.23405100	0.00776503
997	0.24334800	0.23560400	0.00774351
998	0.24491700	0.23719200	0.00772478
999	0.24648900	0.23878000	0.00770856
1000	0.24800400	0.24030800	0.00769510
1001	0.24951700	0.24183200	0.00768468
1002	0.25097300	0.24329600	0.00767722
1003	0.25238200	0.24470900	0.00767310
1004	0.25368700	0.24601300	0.00767322
1005	0.25489400	0.24721600	0.00767745
1006	0.25597100	0.24828500	0.00768531
1007	0.25698000	0.24928300	0.00769683
1008	0.25795100	0.25023900	0.00771209
1009	0.25898500	0.25125400	0.00773058
1010	0.26008200	0.25233000	0.00775197
1011	0.26126400	0.25348800	0.00777607
1012	0.26249900	0.25469600	0.00780256
1013	0.26371300	0.25588200	0.00783109
1014	0.26490900	0.25704700	0.00786142
1015	0.26602700	0.25813300	0.00789386
1016	0.26714100	0.25921200	0.00792835
1017	0.26831500	0.26035100	0.00796465
1018	0.26959300	0.26159100	0.00800252
1019	0.27090300	0.26286100	0.00804174
1020	0.27212700	0.26404600	0.00808174
1021	0.27318300	0.26506100	0.00812215
1022	0.27398700	0.26582400	0.00816297
1023	0.27455000	0.26634600	0.00820420
1024	0.27486000	0.26661400	0.00824590
1025	0.27491900	0.26663100	0.00828806
1026	0.27476200	0.26643100	0.00833076
1027	0.27443100	0.26605800	0.00837384
1028	0.27406500	0.26564800	0.00841667
1029	0.27361600	0.26515700	0.00845886
1030	0.27301100	0.26451100	0.00850023
1031	0.27221700	0.26367600	0.00854081
1032	0.27120400	0.26262300	0.00858058
1033	0.26997800	0.26135800	0.00861973
1034	0.26852600	0.25986700	0.00865841
1035	0.26686400	0.25816800	0.00869678
1036	0.26500300	0.25626800	0.00873493
1037	0.26295600	0.25418300	0.00877303
1038	0.26069900	0.25188800	0.00881130
1039	0.25826400	0.24941400	0.00884989
1040	0.25576400	0.24687500	0.00888891
1041	0.25322600	0.24429800	0.00892817
1042	0.25071400	0.24174600	0.00896766
1043	0.24826800	0.23926000	0.00900768
1044	0.24598100	0.23693200	0.00904819
1045	0.24389100	0.23480200	0.00908912
1046	0.24204900	0.23291900	0.00913031
1047	0.24042800	0.23125600	0.00917154
1048	0.23903100	0.22981800	0.00921256
1049	0.23782700	0.22857400	0.00925318
1050	0.23679100	0.22749800	0.00929321
1051	0.23590400	0.22657100	0.00933295
1052	0.23514000	0.22576800	0.00937273
1053	0.23449100	0.22507800	0.00941251
1054	0.23393800	0.22448600	0.00945243
1055	0.23345900	0.22396700	0.00949254
1056	0.23303700	0.22350400	0.00953284
1057	0.23266100	0.22308800	0.00957304
1058	0.23230500	0.22269200	0.00961295
1059	0.23195900	0.22230600	0.00965230
1060	0.23161300	0.22192300	0.00969069
1061	0.23124300	0.22151500	0.00972787
1062	0.23082800	0.22106400	0.00976343
1063	0.23035000	0.22055200	0.00979730
1064	0.22980300	0.21997400	0.00982938
1065	0.22916200	0.21930300	0.00985933
1066	0.22843000	0.21854300	0.00988697
1067	0.22758700	0.21767500	0.00991246
1068	0.22666600	0.21673100	0.00993593
1069	0.22564600	0.21568800	0.00995750
1070	0.22455300	0.21457600	0.00997705
1071	0.22337700	0.21338200	0.00999464
1072	0.22214600	0.21213600	0.01001010
1073	0.22086800	0.21084500	0.01002340
1074	0.21957600	0.20954200	0.01003450
1075	0.21828400	0.20824000	0.01004350
1076	0.21702400	0.20697400	0.01005050
1077	0.21579100	0.20573500	0.01005580
1078	0.21461600	0.20455600	0.01005980
1079	0.21348600	0.20342300	0.01006280
1080	0.21238600	0.20232100	0.01006500
1081	0.21128300	0.20121600	0.01006690
1082	0.21016000	0.20009100	0.01006870
1083	0.20899900	0.19892800	0.01007050
1084	0.20780200	0.19773000	0.01007240
1085	0.20657800	0.19650400	0.01007430
1086	0.20533500	0.19525900	0.01007630
1087	0.20407900	0.19400100	0.01007840
1088	0.20280200	0.19272200	0.01008000
1089	0.20152600	0.19144500	0.01008130
1090	0.20025200	0.19017000	0.01008210
1091	0.19900900	0.18892700	0.01008220
1092	0.19780900	0.18772800	0.01008130
1093	0.19667700	0.18659800	0.01007890
1094	0.19560700	0.18553300	0.01007480
1095	0.19460900	0.18454000	0.01006890
1096	0.19367300	0.18361200	0.01006110
1097	0.19279400	0.18274300	0.01005150
1098	0.19196500	0.18192500	0.01004030
1099	0.19117300	0.18114600	0.01002750
1100	0.19040900	0.18039600	0.01001340
1101	0.18966400	0.17966500	0.00999840
1102	0.18895200	0.17897000	0.00998271
1103	0.18825400	0.17828700	0.00996652
1104	0.18755800	0.17760800	0.00995015
1105	0.18683300	0.17689900	0.00993374
1106	0.18606300	0.17614500	0.00991764
1107	0.18519300	0.17529000	0.00990215
1108	0.18421400	0.17432700	0.00988739
1109	0.18310700	0.17323300	0.00987328
1110	0.18188000	0.17202000	0.00986000
1111	0.18053700	0.17068900	0.00984734
1112	0.17906900	0.16923300	0.00983536
1113	0.17747600	0.16765200	0.00982388
1114	0.17576000	0.16594700	0.00981298
1115	0.17393800	0.16413600	0.00980278
1116	0.17202600	0.16223300	0.00979338
1117	0.17003900	0.16025400	0.00978494
1118	0.16796600	0.15818900	0.00977754
1119	0.16581700	0.15604600	0.00977112
1120	0.16360400	0.15383800	0.00976572
1121	0.16135200	0.15159100	0.00976157
1122	0.15908600	0.14932700	0.00975889
1123	0.15681700	0.14705900	0.00975796
1124	0.15455100	0.14479100	0.00975915
1125	0.15230100	0.14253800	0.00976247
1126	0.15007600	0.14030800	0.00976778
1127	0.14789500	0.13812100	0.00977484
1128	0.14576900	0.13598600	0.00978338
1129	0.14372200	0.13392900	0.00979312
1130	0.14178100	0.13197700	0.00980397
1131	0.13994500	0.13012900	0.00981573
1132	0.13820800	0.12838000	0.00982839
1133	0.13656900	0.12672700	0.00984163
1134	0.13503300	0.12517700	0.00985560
1135	0.13358000	0.12371000	0.00987057
1136	0.13217700	0.12229100	0.00988624
1137	0.13081000	0.12090800	0.00990274
1138	0.12947100	0.11955000	0.00992016
1139	0.12813300	0.11819500	0.00993817
1140	0.12679400	0.11683800	0.00995672
1141	0.12544900	0.11547300	0.00997612
1142	0.12410300	0.11410700	0.00999635
1143	0.12276200	0.11274400	0.01001800
1144	0.12143500	0.11139400	0.01004070
1145	0.12012500	0.11006000	0.01006510
1146	0.11885200	0.10876200	0.01009010
1147	0.11759200	0.10747600	0.01011620
1148	0.11634900	0.10620700	0.01014250
1149	0.11512400	0.10495400	0.01016970
1150	0.11392300	0.10372500	0.01019820
1151	0.11275900	0.10253100	0.01022820
1152	0.11167600	0.10141700	0.01025930
1153	0.11070100	0.10040900	0.01029160
1154	0.10985800	0.09953340	0.01032500
1155	0.10920400	0.09884480	0.01035930
1156	0.10874200	0.09834800	0.01039410
1157	0.10852500	0.09809640	0.01042860
1158	0.10861900	0.09815700	0.01046250
1159	0.10907400	0.09857700	0.01049690
1160	0.10995200	0.09941990	0.01053230
1161	0.11127300	0.10070500	0.01056760
1162	0.11302300	0.10241900	0.01060350
1163	0.11518400	0.10454400	0.01063970
1164	0.11770100	0.10702600	0.01067490
1165	0.12053100	0.10982100	0.01070960
1166	0.12367100	0.11292600	0.01074450
1167	0.12706200	0.11628200	0.01078000
1168	0.13065600	0.11984000	0.01081570
1169	0.13437500	0.12352500	0.01085070
1170	0.13817100	0.12728500	0.01088510
1171	0.14197800	0.13106100	0.01091780
1172	0.14578800	0.13484000	0.01094780
1173	0.14955700	0.13858200	0.01097440
1174	0.15324000	0.14224200	0.01099810
1175	0.15679900	0.14578000	0.01101860
1176	0.16021700	0.14918100	0.01103560
1177	0.16348100	0.15243200	0.01104910
1178	0.16661100	0.15555300	0.01105820
1179	0.16963100	0.15856700	0.01106360
1180	0.17256000	0.16149500	0.01106460
1181	0.17548300	0.16442200	0.01106080
1182	0.17838300	0.16733000	0.01105260
1183	0.18126600	0.17022600	0.01104010
1184	0.18412000	0.17309600	0.01102360
1185	0.18692900	0.17592600	0.01100320
1186	0.18965200	0.17867300	0.01097840
1187	0.19233700	0.18138800	0.01094900
1188	0.19484300	0.18392800	0.01091550
1189	0.19708600	0.18620700	0.01087860
1190	0.19894200	0.18810300	0.01083880
1191	0.20038800	0.18959200	0.01079600
1192	0.20139600	0.19064500	0.01075080
1193	0.20205300	0.19135000	0.01070370
1194	0.20242600	0.19177100	0.01065510
1195	0.20265400	0.19204800	0.01060570
1196	0.20274400	0.19218900	0.01055460
1197	0.20282700	0.19232600	0.01050050
1198	0.20302000	0.19257600	0.01044400
1199	0.20338700	0.19300300	0.01038370
1200	0.20393000	0.19360800	0.01032200
1201	0.20460600	0.19434800	0.01025840
1202	0.20533500	0.19514100	0.01019420
1203	0.20603400	0.19590600	0.01012860
1204	0.20664000	0.19658000	0.01006040
1205	0.20710300	0.19711300	0.00999035
1206	0.20741400	0.19749600	0.00991757
1207	0.20755200	0.19771100	0.00984129
1208	0.20751000	0.19774800	0.00976163
1209	0.20733000	0.19765300	0.00967716
1210	0.20703800	0.19744900	0.00958918
1211	0.20667500	0.19717700	0.00949781
1212	0.20625500	0.19685100	0.00940456
1213	0.20580600	0.19649600	0.00931018
1214	0.20530400	0.19608900	0.00921468
1215	0.20475900	0.19564100	0.00911848
1216	0.20418400	0.19516100	0.00902248
1217	0.20363000	0.19470200	0.00892780
1218	0.20316300	0.19432800	0.00883529
1219	0.20282700	0.19408100	0.00874612
1220	0.20267800	0.19401900	0.00865994
1221	0.20274700	0.19417000	0.00857670
1222	0.20309400	0.19459800	0.00849656
1223	0.20373300	0.19531300	0.00841963
1224	0.20469100	0.19634500	0.00834510
1225	0.20596000	0.19768700	0.00827311
1226	0.20755000	0.19934600	0.00820444
1227	0.20941400	0.20127300	0.00814066
1228	0.21147200	0.20338900	0.00808280
1229	0.21362000	0.20558800	0.00803185
1230	0.21579800	0.20780900	0.00798849
1231	0.21797400	0.21002200	0.00795265
1232	0.22012500	0.21220100	0.00792473
1233	0.22221800	0.21431400	0.00790415
1234	0.22420200	0.21631100	0.00789035
1235	0.22606800	0.21818500	0.00788271
1236	0.22781800	0.21993800	0.00788009
1237	0.22946100	0.22158000	0.00788161
1238	0.23099400	0.22310800	0.00788636
1239	0.23243500	0.22454100	0.00789384
1240	0.23378700	0.22588500	0.00790266
1241	0.23506700	0.22715400	0.00791277
1242	0.23628400	0.22836000	0.00792440
1243	0.23745700	0.22952000	0.00793760
1244	0.23861300	0.23066000	0.00795304
1245	0.23976000	0.23178900	0.00797097
1246	0.24086000	0.23286800	0.00799138
1247	0.24201600	0.23400200	0.00801360
1248	0.24319000	0.23515300	0.00803738
1249	0.24435600	0.23629400	0.00806181
1250	0.24548300	0.23739700	0.00808533
1251	0.24643500	0.23832600	0.00810858
1252	0.24729200	0.23916000	0.00813162
1253	0.24797500	0.23982100	0.00815471
1254	0.24848200	0.24030500	0.00817750
1255	0.24885300	0.24065400	0.00819930
1256	0.24905900	0.24083900	0.00821946
1257	0.24903600	0.24079900	0.00823768
1258	0.24877000	0.24051600	0.00825388
1259	0.24832100	0.24005200	0.00826827
1260	0.24764500	0.23936400	0.00828086
1261	0.24676800	0.23847600	0.00829237
1262	0.24574400	0.23744100	0.00830347
1263	0.24463200	0.23631700	0.00831505
1264	0.24349100	0.23516300	0.00832777
1265	0.24236500	0.23402400	0.00834151
1266	0.24130100	0.23294400	0.00835664
1267	0.24033400	0.23196000	0.00837331
1268	0.23949800	0.23110700	0.00839109
1269	0.23882400	0.23041400	0.00840972
1270	0.23832400	0.22989500	0.00842849
1271	0.23801300	0.22956600	0.00844726
1272	0.23787800	0.22941300	0.00846545
1273	0.23793600	0.22945400	0.00848291
1274	0.23817500	0.22967500	0.00849991
1275	0.23860900	0.23009300	0.00851614
1276	0.23922100	0.23068900	0.00853163
1277	0.23999700	0.23145100	0.00854607
1278	0.24088800	0.23232800	0.00856008
1279	0.24185000	0.23327600	0.00857351
1280	0.24283700	0.23425000	0.00858677
1281	0.24385300	0.23525200	0.00860007
1282	0.24488400	0.23627000	0.00861343
1283	0.24590100	0.23727400	0.00862743
1284	0.24682700	0.23818400	0.00864300
1285	0.24759500	0.23893400	0.00866048
1286	0.24813100	0.23945100	0.00868007
1287	0.24840700	0.23970500	0.00870166
1288	0.24839500	0.23966900	0.00872578
1289	0.24818200	0.23942800	0.00875341
1290	0.24780500	0.23902000	0.00878533
1291	0.24735600	0.23853400	0.00882193
1292	0.24685700	0.23799400	0.00886274
1293	0.24637700	0.23747000	0.00890708
1294	0.24592900	0.23697600	0.00895350
1295	0.24558300	0.23658300	0.00900068
1296	0.24535000	0.23630400	0.00904694
1297	0.24525400	0.23616300	0.00909070
1298	0.24532500	0.23619500	0.00913041
1299	0.24556300	0.23639800	0.00916479
1300	0.24597000	0.23677700	0.00919353
1301	0.24650700	0.23729100	0.00921602
1302	0.24719700	0.23796500	0.00923154
1303	0.24800700	0.23876600	0.00924041
1304	0.24891800	0.23967500	0.00924279
1305	0.24986700	0.24062800	0.00923958
1306	0.25081600	0.24158400	0.00923147
1307	0.25168400	0.24246500	0.00921932
1308	0.25245200	0.24324900	0.00920369
1309	0.25306300	0.24387800	0.00918500
1310	0.25351800	0.24435400	0.00916378
1311	0.25380100	0.24466000	0.00914093
1312	0.25392900	0.24481200	0.00911695
1313	0.25391500	0.24482200	0.00909296
1314	0.25377900	0.24470900	0.00906990
1315	0.25352900	0.24448000	0.00904858
1316	0.25320000	0.24417000	0.00902978
1317	0.25278800	0.24377300	0.00901406
1318	0.25230200	0.24330000	0.00900168
1319	0.25174600	0.24275300	0.00899324
1320	0.25112900	0.24214000	0.00898892
1321	0.25045600	0.24146700	0.00898902
1322	0.24973300	0.24073900	0.00899392
1323	0.24893600	0.23993200	0.00900396
1324	0.24806900	0.23905100	0.00901885
1325	0.24710000	0.23806100	0.00903879
1326	0.24603200	0.23696900	0.00906343
1327	0.24483300	0.23574000	0.00909296
1328	0.24351700	0.23438900	0.00912790
1329	0.24207200	0.23290500	0.00916747
1330	0.24052300	0.23131100	0.00921197
1331	0.23886100	0.22959900	0.00926164
1332	0.23713700	0.22782100	0.00931612
1333	0.23535400	0.22597900	0.00937446
1334	0.23358200	0.22414500	0.00943635
1335	0.23181300	0.22231200	0.00950105
1336	0.23006700	0.22049800	0.00956808
1337	0.22829600	0.21865900	0.00963692
1338	0.22652500	0.21681800	0.00970660
1339	0.22474300	0.21496700	0.00977628
1340	0.22295800	0.21311300	0.00984492
1341	0.22116000	0.21124700	0.00991322
1342	0.21936400	0.20938300	0.00998033
1343	0.21756800	0.20752200	0.01004560
1344	0.21576500	0.20565600	0.01010850
1345	0.21394400	0.20377600	0.01016890
1346	0.21211000	0.20188300	0.01022670
1347	0.21023900	0.19995800	0.01028100
1348	0.20831000	0.19797800	0.01033200
1349	0.20634700	0.19596700	0.01038020
1350	0.20435100	0.19392500	0.01042550
1351	0.20234100	0.19187200	0.01046890
1352	0.20033300	0.18982200	0.01051070
1353	0.19833300	0.18778400	0.01054970
1354	0.19634700	0.18576100	0.01058640
1355	0.19436200	0.18374100	0.01062080
1356	0.19231600	0.18166400	0.01065190
1357	0.19021200	0.17953200	0.01068060
1358	0.18800600	0.17730000	0.01070600
1359	0.18575800	0.17502900	0.01072870
1360	0.18344100	0.17269300	0.01074810
1361	0.18107400	0.17031000	0.01076370
1362	0.17866100	0.16788600	0.01077480
1363	0.17621600	0.16543500	0.01078110
1364	0.17369800	0.16291400	0.01078390
1365	0.17108900	0.16030700	0.01078220
1366	0.16836900	0.15759300	0.01077630
1367	0.16555300	0.15478500	0.01076860
1368	0.16265800	0.15189800	0.01075960
1369	0.15971700	0.14896700	0.01075030
1370	0.15676500	0.14602400	0.01074060
1371	0.15383200	0.14310200	0.01072940
1372	0.15094100	0.14022500	0.01071680
1373	0.14814600	0.13744400	0.01070210
1374	0.14549600	0.13481100	0.01068550
1375	0.14304100	0.13237500	0.01066630
1376	0.14083900	0.13019400	0.01064500
1377	0.13889300	0.12827000	0.01062330
1378	0.13721200	0.12661000	0.01060200
1379	0.13577900	0.12519700	0.01058200
1380	0.13459100	0.12402800	0.01056300
1381	0.13362800	0.12308200	0.01054570
1382	0.13290200	0.12237200	0.01052980
1383	0.13241600	0.12190100	0.01051520
1384	0.13219100	0.12168900	0.01050220
1385	0.13222800	0.12173600	0.01049110
1386	0.13253400	0.12205200	0.01048180
1387	0.13310200	0.12262800	0.01047450
1388	0.13387500	0.12340500	0.01046980
1389	0.13477000	0.12430200	0.01046740
1390	0.13572800	0.12526000	0.01046770
1391	0.13667400	0.12620300	0.01047090
1392	0.13755000	0.12707300	0.01047640
1393	0.13831000	0.12782700	0.01048330
1394	0.13894700	0.12845600	0.01049090
1395	0.13949500	0.12899700	0.01049830
1396	0.13998500	0.12947900	0.01050520
1397	0.14047600	0.12996500	0.01051140
1398	0.14098400	0.13046800	0.01051590
1399	0.14159500	0.13107600	0.01051940
1400	0.14238900	0.13186800	0.01052090
1401	0.14340600	0.13288600	0.01052000
1402	0.14466300	0.13414700	0.01051620
1403	0.14616700	0.13565700	0.01050910
1404	0.14789300	0.13739500	0.01049850
1405	0.14984600	0.13936100	0.01048470
1406	0.15203600	0.14156800	0.01046800
1407	0.15447000	0.14402300	0.01044770
1408	0.15714600	0.14672200	0.01042350
1409	0.16008000	0.14968500	0.01039510
1410	0.16321100	0.15284900	0.01036170
1411	0.16660500	0.15628200	0.01032280
1412	0.17024200	0.15996500	0.01027710
1413	0.17413400	0.16390900	0.01022510
1414	0.17822100	0.16805300	0.01016850
1415	0.18242700	0.17231800	0.01010870
1416	0.18672900	0.17668200	0.01004670
1417	0.19098300	0.18099800	0.00998414
1418	0.19501800	0.18509500	0.00992217
1419	0.19872700	0.18886400	0.00986225
1420	0.20205700	0.19225100	0.00980570
1421	0.20501400	0.19526100	0.00975300
1422	0.20760900	0.19790400	0.00970510
1423	0.20982600	0.20016300	0.00966246
1424	0.21172200	0.20209800	0.00962419
1425	0.21332200	0.20373200	0.00958949
1426	0.21463600	0.20507900	0.00955736
1427	0.21567000	0.20614300	0.00952708
1428	0.21643600	0.20693800	0.00949764
1429	0.21696500	0.20749700	0.00946789
1430	0.21733100	0.20789400	0.00943713
1431	0.21758400	0.20817900	0.00940471
1432	0.21778000	0.20840900	0.00937015
1433	0.21795300	0.20862000	0.00933316
1434	0.21812500	0.20883000	0.00929449
1435	0.21830400	0.20905000	0.00925440
1436	0.21847800	0.20926500	0.00921309
1437	0.21867100	0.20950100	0.00917035
1438	0.21881200	0.20968600	0.00912629
1439	0.21889000	0.20980900	0.00908117
1440	0.21887700	0.20984100	0.00903596
1441	0.21881500	0.20982300	0.00899173
1442	0.21870400	0.20975500	0.00894857
1443	0.21858600	0.20968000	0.00890606
1444	0.21850400	0.20963900	0.00886408
1445	0.21854200	0.20971900	0.00882278
1446	0.21868500	0.20990200	0.00878243
1447	0.21891800	0.21017500	0.00874330
1448	0.21920500	0.21050000	0.00870539
1449	0.21952000	0.21085100	0.00866880
1450	0.21981100	0.21117800	0.00863328
1451	0.22008500	0.21148600	0.00859858
1452	0.22030400	0.21174000	0.00856456
1453	0.22046100	0.21192900	0.00853120
1454	0.22054700	0.21204900	0.00849851
1455	0.22058000	0.21211300	0.00846687
1456	0.22060500	0.21216800	0.00843664
1457	0.22065100	0.21224300	0.00840822
1458	0.22077500	0.21239300	0.00838203
1459	0.22102000	0.21266100	0.00835868
1460	0.22139900	0.21306100	0.00833866
1461	0.22190300	0.21358100	0.00832260
1462	0.22250500	0.21419400	0.00831105
1463	0.22317400	0.21487000	0.00830446
1464	0.22388700	0.21558400	0.00830285
1465	0.22464500	0.21633900	0.00830640
1466	0.22545000	0.21713400	0.00831536
1467	0.22630700	0.21797600	0.00833084
1468	0.22719900	0.21884600	0.00835336
1469	0.22815200	0.21976800	0.00838318
1470	0.22917300	0.22075300	0.00842008
1471	0.23029400	0.22183000	0.00846368
1472	0.23148600	0.22297300	0.00851341
1473	0.23276200	0.22419500	0.00856762
1474	0.23398900	0.22536300	0.00862582
1475	0.23522200	0.22653500	0.00868667
1476	0.23633900	0.22758900	0.00874986
1477	0.23727300	0.22845800	0.00881492
1478	0.23797600	0.22909400	0.00888120
1479	0.23840000	0.22945200	0.00894830
1480	0.23853700	0.22952100	0.00901596
1481	0.23836800	0.22928300	0.00908447
1482	0.23790800	0.22875400	0.00915389
1483	0.23714700	0.22792300	0.00922394
1484	0.23612500	0.22683100	0.00929445
1485	0.23487100	0.22550600	0.00936499
1486	0.23344000	0.22400500	0.00943521
1487	0.23187700	0.22237200	0.00950508
1488	0.23024700	0.22067200	0.00957449
1489	0.22859000	0.21894700	0.00964316
1490	0.22695400	0.21724300	0.00971086
1491	0.22536500	0.21558800	0.00977739
1492	0.22383600	0.21399300	0.00984286
1493	0.22239200	0.21248400	0.00990769
1494	0.22105000	0.21107700	0.00997230
1495	0.21978600	0.20974900	0.01003680
1496	0.21860000	0.20849900	0.01010130
1497	0.21750800	0.20734200	0.01016590
1498	0.21646300	0.20623200	0.01023050
1499	0.21542600	0.20513100	0.01029500
1500	0.21438300	0.20402300	0.01035980
1501	0.21331300	0.20288900	0.01042410
1502	0.21221900	0.20173200	0.01048730
1503	0.21109600	0.20054700	0.01054890
1504	0.20996200	0.19935400	0.01060840
1505	0.20883500	0.19817000	0.01066500
1506	0.20769800	0.19698000	0.01071810
1507	0.20656600	0.19579800	0.01076760
1508	0.20545300	0.19464000	0.01081320
1509	0.20437400	0.19351900	0.01085460
1510	0.20336000	0.19246800	0.01089190
1511	0.20243000	0.19150500	0.01092490
1512	0.20160600	0.19065200	0.01095340
1513	0.20089100	0.18991400	0.01097730
1514	0.20029400	0.18929800	0.01099620
1515	0.19982000	0.18881100	0.01100960
1516	0.19949100	0.18847500	0.01101680
1517	0.19934400	0.18832700	0.01101740
1518	0.19938400	0.18837300	0.01101130
1519	0.19962300	0.18862500	0.01099810
1520	0.20000600	0.18902800	0.01097810
1521	0.20051500	0.18956300	0.01095140
1522	0.20112000	0.19020200	0.01091790
1523	0.20180500	0.19092700	0.01087800
1524	0.20254900	0.19171700	0.01083190
1525	0.20334000	0.19255900	0.01078050
1526	0.20416900	0.19344500	0.01072490
1527	0.20502300	0.19435700	0.01066580
1528	0.20587300	0.19526900	0.01060410
1529	0.20667000	0.19613000	0.01054030
1530	0.20736000	0.19688500	0.01047510
1531	0.20790200	0.19749200	0.01040930
1532	0.20827100	0.19792800	0.01034350
1533	0.20846100	0.19818300	0.01027800
1534	0.20845500	0.19824100	0.01021350
1535	0.20824700	0.19809600	0.01015040
1536	0.20783800	0.19774900	0.01008930
1537	0.20723600	0.19720500	0.01003080
1538	0.20644000	0.19646500	0.00997502
1539	0.20549100	0.19556900	0.00992232
1540	0.20443700	0.19456300	0.00987321
1541	0.20333200	0.19350400	0.00982806
1542	0.20220600	0.19241800	0.00978722
1543	0.20111100	0.19136000	0.00975089
1544	0.20008400	0.19036500	0.00971919
1545	0.19915900	0.18946700	0.00969207
1546	0.19833600	0.18866600	0.00966937
1547	0.19759000	0.18793900	0.00965101
1548	0.19692300	0.18728600	0.00963653
1549	0.19631500	0.18669000	0.00962538
1550	0.19574100	0.18612400	0.00961704
1551	0.19515400	0.18554300	0.00961139
1552	0.19454400	0.18493600	0.00960778
1553	0.19389100	0.18428500	0.00960573
1554	0.19318700	0.18358300	0.00960471
1555	0.19240500	0.18280000	0.00960416
1556	0.19154000	0.18193600	0.00960373
1557	0.19057600	0.18097300	0.00960317
1558	0.18952500	0.17992300	0.00960244
1559	0.18839200	0.17879000	0.00960141
1560	0.18719300	0.17759300	0.00960000
1561	0.18593500	0.17633700	0.00959821
1562	0.18462600	0.17503000	0.00959618
1563	0.18326700	0.17367300	0.00959391
1564	0.18186300	0.17227200	0.00959149
1565	0.18041500	0.17082600	0.00958904
1566	0.17895200	0.16936600	0.00958652
1567	0.17749700	0.16791300	0.00958385
1568	0.17607600	0.16649500	0.00958115
1569	0.17470900	0.16513000	0.00957864
1570	0.17340700	0.16383000	0.00957666
1571	0.17218000	0.16260500	0.00957557
1572	0.17104600	0.16147000	0.00957561
1573	0.16999500	0.16041800	0.00957681
1574	0.16901100	0.15943200	0.00957943
1575	0.16808000	0.15849600	0.00958354
1576	0.16718600	0.15759700	0.00958923
1577	0.16628500	0.15668900	0.00959625
1578	0.16536000	0.15575600	0.00960432
1579	0.16438800	0.15477500	0.00961252
1580	0.16335300	0.15373300	0.00962038
1581	0.16225700	0.15262900	0.00962781
1582	0.16109100	0.15145600	0.00963488
1583	0.15985900	0.15021700	0.00964167
1584	0.15855000	0.14890300	0.00964791
1585	0.15718000	0.14752700	0.00965359
1586	0.15575800	0.14609900	0.00965844
1587	0.15432200	0.14466000	0.00966222
1588	0.15288800	0.14322200	0.00966550
1589	0.15149500	0.14182700	0.00966823
1590	0.15015600	0.14048600	0.00967070
1591	0.14888800	0.13921500	0.00967329
1592	0.14769800	0.13802200	0.00967625
1593	0.14656800	0.13688800	0.00967974
1594	0.14549300	0.13581000	0.00968355
1595	0.14446200	0.13477400	0.00968795
1596	0.14346800	0.13377400	0.00969303
1597	0.14248300	0.13278400	0.00969871
1598	0.14149300	0.13178800	0.00970549
1599	0.14049100	0.13077800	0.00971292
1600	0.13947800	0.12975700	0.00972078
1601	0.13845800	0.12872900	0.00972935
1602	0.13742300	0.12768400	0.00973823
1603	0.13636200	0.12661400	0.00974754
1604	0.13530100	0.12554300	0.00975745
1605	0.13425000	0.12448200	0.00976805
1606	0.13322700	0.12344800	0.00977935
1607	0.13222600	0.12243500	0.00979092
1608	0.13124900	0.12144600	0.00980274
1609	0.13029200	0.12047700	0.00981489
1610	0.12934500	0.11951900	0.00982641
1611	0.12840600	0.11856900	0.00983743
1612	0.12749300	0.11764600	0.00984729
1613	0.12661900	0.11676300	0.00985618
1614	0.12579700	0.11593300	0.00986456
1615	0.12503100	0.11515800	0.00987251
1616	0.12434800	0.11446900	0.00987940
1617	0.12374700	0.11386300	0.00988424
1618	0.12324000	0.11335200	0.00988767
1619	0.12281400	0.11292400	0.00989018
1620	0.12247000	0.11257700	0.00989297
1621	0.12219400	0.11229800	0.00989542
1622	0.12198100	0.11208400	0.00989714
1623	0.12182800	0.11193000	0.00989839
1624	0.12172600	0.11182700	0.00989910
1625	0.12168000	0.11178100	0.00989945
1626	0.12168400	0.11178500	0.00989891
1627	0.12174600	0.11184800	0.00989743
1628	0.12182100	0.11192500	0.00989534
1629	0.12190300	0.11201000	0.00989264
1630	0.12198600	0.11209600	0.00988920
1631	0.12207600	0.11219100	0.00988485
1632	0.12219000	0.11231000	0.00987996
1633	0.12232400	0.11245000	0.00987464
1634	0.12247700	0.11260900	0.00986836
1635	0.12272700	0.11286500	0.00986140
1636	0.12308900	0.11323600	0.00985351
1637	0.12357200	0.11372700	0.00984450
1638	0.12419400	0.11436000	0.00983417
1639	0.12501900	0.11519600	0.00982254
1640	0.12605800	0.11624800	0.00980946
1641	0.12728000	0.11748500	0.00979481
1642	0.12868600	0.11890800	0.00977816
1643	0.13029100	0.12053100	0.00975961
1644	0.13220000	0.12246100	0.00973873
1645	0.13436000	0.12464400	0.00971569
1646	0.13672200	0.12703100	0.00969036
1647	0.13928000	0.12961700	0.00966283
1648	0.14204900	0.13241600	0.00963302
1649	0.14504200	0.13544100	0.00960117
1650	0.14825600	0.13868900	0.00956740
1651	0.15165000	0.14211800	0.00953195
1652	0.15511800	0.14562300	0.00949488
1653	0.15868100	0.14922400	0.00945644
1654	0.16231500	0.15289800	0.00941675
1655	0.16601000	0.15663400	0.00937597
1656	0.16971700	0.16038300	0.00933404
1657	0.17338100	0.16409000	0.00929094
1658	0.17695700	0.16771000	0.00924645
1659	0.18040900	0.17120800	0.00920032
1660	0.18368100	0.17452800	0.00915267
1661	0.18677500	0.17767200	0.00910347
1662	0.18961300	0.18056000	0.00905302
1663	0.19214600	0.18314500	0.00900111
1664	0.19427900	0.18533100	0.00894798
1665	0.19601200	0.18711800	0.00889415
1666	0.19734800	0.18850800	0.00884051
1667	0.19840000	0.18961300	0.00878705
1668	0.19920800	0.19047400	0.00873423
1669	0.19982200	0.19114000	0.00868210
1670	0.20024200	0.19161100	0.00863051
1671	0.20044100	0.19186200	0.00857877
1672	0.20037600	0.19185000	0.00852653
1673	0.20000400	0.19153100	0.00847355
1674	0.19931100	0.19089100	0.00842010
1675	0.19829900	0.18993200	0.00836682
1676	0.19700200	0.18868900	0.00831387
1677	0.19547800	0.18721600	0.00826151
1678	0.19380700	0.18559700	0.00820994
1679	0.19210300	0.18394300	0.00815982
1680	0.19046600	0.18235500	0.00811154
1681	0.18898700	0.18092200	0.00806508
1682	0.18775500	0.17973500	0.00802009
1683	0.18679700	0.17882100	0.00797625
1684	0.18612900	0.17819500	0.00793459
1685	0.18571000	0.17781600	0.00789436
1686	0.18550900	0.17765300	0.00785607
1687	0.18547400	0.17765400	0.00782009
1688	0.18557800	0.17779100	0.00778710
1689	0.18578700	0.17802900	0.00775764
1690	0.18609500	0.17836200	0.00773219
1691	0.18648300	0.17877100	0.00771131
1692	0.18692000	0.17922500	0.00769516
1693	0.18740500	0.17972100	0.00768378
1694	0.18794200	0.18026500	0.00767699
1695	0.18854400	0.18086900	0.00767455
1696	0.18922400	0.18154800	0.00767625
1697	0.18999400	0.18231300	0.00768168
1698	0.19083900	0.18314900	0.00769036
1699	0.19178600	0.18408400	0.00770187
1700	0.19283400	0.18511900	0.00771559
1701	0.19401100	0.18627900	0.00773159
1702	0.19531900	0.18756900	0.00774975
1703	0.19678900	0.18902000	0.00776954
1704	0.19841700	0.19062700	0.00779036
1705	0.20021900	0.19240700	0.00781159
1706	0.20212100	0.19428900	0.00783259
1707	0.20416800	0.19631500	0.00785324
1708	0.20632700	0.19845400	0.00787369
1709	0.20856800	0.20067400	0.00789435
1710	0.21081600	0.20290100	0.00791475
1711	0.21300000	0.20506500	0.00793486
1712	0.21504300	0.20708800	0.00795490
1713	0.21687700	0.20890200	0.00797456
1714	0.21842000	0.21042600	0.00799346
1715	0.21961400	0.21160300	0.00801181
1716	0.22041200	0.21238300	0.00802969
1717	0.22078300	0.21273500	0.00804737
1718	0.22068500	0.21262000	0.00806538
1719	0.22007800	0.21199400	0.00808427
1720	0.21910200	0.21099800	0.00810486
1721	0.21771800	0.20959000	0.00812793
1722	0.21595000	0.20779600	0.00815407
1723	0.21380100	0.20561700	0.00818399
1724	0.21137200	0.20315300	0.00821857
1725	0.20880300	0.20054500	0.00825840
1726	0.20618600	0.19788200	0.00830389
1727	0.20359500	0.19524000	0.00835511
1728	0.20118700	0.19277500	0.00841156
1729	0.19905000	0.19057700	0.00847290
1730	0.19729800	0.18876100	0.00853783
1731	0.19596700	0.18736200	0.00860486
1732	0.19508600	0.18641300	0.00867271
1733	0.19461900	0.18587900	0.00873954
1734	0.19453500	0.18573100	0.00880390
1735	0.19476300	0.18589800	0.00886476
1736	0.19524200	0.18632000	0.00892163
1737	0.19589800	0.18692400	0.00897430
1738	0.19665800	0.18763500	0.00902282
1739	0.19747400	0.18840700	0.00906721
1740	0.19830400	0.18919600	0.00910781
1741	0.19909100	0.18994600	0.00914470
1742	0.19981700	0.19063900	0.00917806
1743	0.20048000	0.19127100	0.00920843
1744	0.20106400	0.19182700	0.00923617
1745	0.20155000	0.19228900	0.00926169
1746	0.20193500	0.19265000	0.00928512
1747	0.20223700	0.19293000	0.00930688
1748	0.20243500	0.19310800	0.00932689
1749	0.20254600	0.19320100	0.00934550
1750	0.20257100	0.19320800	0.00936278
1751	0.20253100	0.19315300	0.00937825
1752	0.20243800	0.19304700	0.00939166
1753	0.20232500	0.19292200	0.00940277
1754	0.20221100	0.19279900	0.00941152
1755	0.20213100	0.19271300	0.00941803
1756	0.20211100	0.19268900	0.00942200
1757	0.20219600	0.19277300	0.00942333
1758	0.20241100	0.19299000	0.00942127
1759	0.20277800	0.19336200	0.00941587
1760	0.20329800	0.19389000	0.00940718
1761	0.20397100	0.19457500	0.00939527
1762	0.20478600	0.19540600	0.00938029
1763	0.20574200	0.19637900	0.00936261
1764	0.20683200	0.19749000	0.00934240
1765	0.20804400	0.19872400	0.00931965
1766	0.20936500	0.20007000	0.00929531
1767	0.21080500	0.20153500	0.00927009
1768	0.21235000	0.20310500	0.00924449
1769	0.21396200	0.20474200	0.00921971
1770	0.21560400	0.20640800	0.00919562
1771	0.21725900	0.20808600	0.00917291
1772	0.21890800	0.20975600	0.00915206
1773	0.22053400	0.21140000	0.00913382
1774	0.22210800	0.21298900	0.00911898
1775	0.22361800	0.21451000	0.00910799
1776	0.22505500	0.21595400	0.00910075
1777	0.22645300	0.21735600	0.00909653
1778	0.22780500	0.21871000	0.00909541
1779	0.22910900	0.22001200	0.00909746
1780	0.23035000	0.22124700	0.00910318
1781	0.23151900	0.22240500	0.00911320
1782	0.23259500	0.22346800	0.00912757
1783	0.23357700	0.22443200	0.00914560
1784	0.23446200	0.22529500	0.00916689
1785	0.23525200	0.22606200	0.00919094
1786	0.23592600	0.22670900	0.00921717
1787	0.23649000	0.22724500	0.00924508
1788	0.23692300	0.22764900	0.00927445
1789	0.23724800	0.22794300	0.00930485
1790	0.23743400	0.22809800	0.00933575
1791	0.23749800	0.22813200	0.00936662
1792	0.23744800	0.22805100	0.00939731
1793	0.23731600	0.22788900	0.00942747
1794	0.23707500	0.22761800	0.00945694
1795	0.23673700	0.22725100	0.00948607
1796	0.23626100	0.22674600	0.00951480
1797	0.23566200	0.22611900	0.00954321
1798	0.23494600	0.22537400	0.00957144
1799	0.23415000	0.22455000	0.00959966
1800	0.23328500	0.22365700	0.00962814
1801	0.23238900	0.22273200	0.00965698
1802	0.23144900	0.22176200	0.00968632
1803	0.23046600	0.22075000	0.00971648
1804	0.22944000	0.21969200	0.00974747
1805	0.22837100	0.21859200	0.00977958
1806	0.22727000	0.21745700	0.00981294
1807	0.22615200	0.21630500	0.00984759
1808	0.22501900	0.21513600	0.00988332
1809	0.22387200	0.21395200	0.00992007
1810	0.22268200	0.21272400	0.00995786
1811	0.22145600	0.21145900	0.00999694
1812	0.22016000	0.21012300	0.01003720
1813	0.21876800	0.20869000	0.01007860
1814	0.21725400	0.20713300	0.01012070
1815	0.21561500	0.20545200	0.01016310
1816	0.21387000	0.20366400	0.01020540
1817	0.21204900	0.20180100	0.01024720
1818	0.21020500	0.19991700	0.01028810
1819	0.20836500	0.19803600	0.01032810
1820	0.20658700	0.19622000	0.01036710
1821	0.20491600	0.19451200	0.01040470
1822	0.20340200	0.19296000	0.01044140
1823	0.20207500	0.19159800	0.01047690
1824	0.20096300	0.19045200	0.01051100
1825	0.20006100	0.18951700	0.01054380
1826	0.19933400	0.18875900	0.01057540
1827	0.19876100	0.18815500	0.01060520
1828	0.19830700	0.18767400	0.01063350
1829	0.19798000	0.18732000	0.01066010
1830	0.19776500	0.18708000	0.01068510
1831	0.19765900	0.18695100	0.01070850
1832	0.19765700	0.18692700	0.01072970
1833	0.19775200	0.18700400	0.01074810
1834	0.19794400	0.18718000	0.01076390
1835	0.19824500	0.18746800	0.01077660
1836	0.19865200	0.18786600	0.01078590
1837	0.19915400	0.18836300	0.01079180
1838	0.19973600	0.18894200	0.01079400
1839	0.20038100	0.18958900	0.01079260
1840	0.20107200	0.19028400	0.01078760
1841	0.20179600	0.19101700	0.01077890
1842	0.20254500	0.19177800	0.01076660
1843	0.20329000	0.19253900	0.01075100
1844	0.20401400	0.19328200	0.01073220
1845	0.20470200	0.19399100	0.01071040
1846	0.20531600	0.19463100	0.01068580
1847	0.20584500	0.19518600	0.01065870
1848	0.20625300	0.19562400	0.01062950
1849	0.20655000	0.19595100	0.01059840
1850	0.20670200	0.19613600	0.01056610
1851	0.20670900	0.19617600	0.01053310
1852	0.20649900	0.19599900	0.01049990
1853	0.20607600	0.19560900	0.01046690
1854	0.20541400	0.19498000	0.01043430
1855	0.20451400	0.19411100	0.01040300
1856	0.20334800	0.19297500	0.01037300
1857	0.20193600	0.19159200	0.01034420
1858	0.20026500	0.18994800	0.01031690
1859	0.19834600	0.18805500	0.01029080
1860	0.19619400	0.18592800	0.01026600
1861	0.19382300	0.18358100	0.01024230
1862	0.19127200	0.18105300	0.01021920
1863	0.18857000	0.17837300	0.01019660
1864	0.18576600	0.17559100	0.01017470
1865	0.18288700	0.17273400	0.01015300
1866	0.17997900	0.16984800	0.01013150
1867	0.17707000	0.16696100	0.01010960
1868	0.17420200	0.16411500	0.01008720
1869	0.17139500	0.16133100	0.01006400
1870	0.16867700	0.15863800	0.01003930
1871	0.16605200	0.15603900	0.01001310
1872	0.16351700	0.15353200	0.00998527
1873	0.16108600	0.15113100	0.00995551
1874	0.15879300	0.14886900	0.00992370
1875	0.15669500	0.14680500	0.00988999
1876	0.15479500	0.14494000	0.00985457
1877	0.15307400	0.14325600	0.00981775
1878	0.15150100	0.14172100	0.00977995
1879	0.15011900	0.14037700	0.00974148
1880	0.14893300	0.13923000	0.00970290
1881	0.14795700	0.13829300	0.00966451
1882	0.14719900	0.13757200	0.00962681
1883	0.14668100	0.13709100	0.00959019
1884	0.14641400	0.13686000	0.00955424
1885	0.14642000	0.13690100	0.00951897
1886	0.14669600	0.13721100	0.00948489
1887	0.14724700	0.13779500	0.00945232
1888	0.14808100	0.13865900	0.00942150
1889	0.14918600	0.13979300	0.00939236
1890	0.15054200	0.14117800	0.00936436
1891	0.15212400	0.14278700	0.00933727
1892	0.15390400	0.14459300	0.00931088
1893	0.15587100	0.14658600	0.00928518
1894	0.15802400	0.14876400	0.00926011
1895	0.16034900	0.15111300	0.00923539
1896	0.16274800	0.15353700	0.00921089
1897	0.16521500	0.15602900	0.00918624
1898	0.16782600	0.15866500	0.00916156
1899	0.17056500	0.16142800	0.00913716
1900	0.17354500	0.16443200	0.00911272
1901	0.17678300	0.16769500	0.00908828
1902	0.18027300	0.17120900	0.00906392
1903	0.18396700	0.17492800	0.00903904
1904	0.18780800	0.17879400	0.00901339
1905	0.19173500	0.18274800	0.00898704
1906	0.19569200	0.18673200	0.00895973
1907	0.19961400	0.19068300	0.00893136
1908	0.20344700	0.19454500	0.00890211
1909	0.20716000	0.19828800	0.00887217
1910	0.21069400	0.20185300	0.00884157
1911	0.21401700	0.20520600	0.00881025
1912	0.21710600	0.20832800	0.00877784
1913	0.21993100	0.21118600	0.00874461
1914	0.22245500	0.21374500	0.00871020
1915	0.22466000	0.21598500	0.00867500
1916	0.22652900	0.21789000	0.00863894
1917	0.22807700	0.21947600	0.00860164
1918	0.22930500	0.22074200	0.00856315
1919	0.23022900	0.22170500	0.00852372
1920	0.23086100	0.22237700	0.00848417
1921	0.23126600	0.22282100	0.00844548
1922	0.23147500	0.22306700	0.00840810
1923	0.23156200	0.22319100	0.00837146
1924	0.23157000	0.22323500	0.00833522
1925	0.23156700	0.22326800	0.00829918
1926	0.23158300	0.22332000	0.00826288
1927	0.23164500	0.22341900	0.00822638
1928	0.23170300	0.22351400	0.00818932
1929	0.23180400	0.22365200	0.00815190
1930	0.23194700	0.22383300	0.00811403
1931	0.23215100	0.22407500	0.00807571
1932	0.23237100	0.22433400	0.00803701
1933	0.23257500	0.22457700	0.00799781
1934	0.23269100	0.22473300	0.00795800
1935	0.23269100	0.22477300	0.00791765
1936	0.23255600	0.22467900	0.00787719
1937	0.23229100	0.22445400	0.00783695
1938	0.23189000	0.22409300	0.00779730
1939	0.23137400	0.22361500	0.00775859
1940	0.23072900	0.22300800	0.00772112
1941	0.22995200	0.22226700	0.00768521
1942	0.22901000	0.22135900	0.00765110
1943	0.22793500	0.22031600	0.00761940
1944	0.22673400	0.21914300	0.00759060
1945	0.22543200	0.21786600	0.00756512
1946	0.22402000	0.21647700	0.00754326
1947	0.22252300	0.21499800	0.00752526
1948	0.22103200	0.21352100	0.00751110
1949	0.21951800	0.21201700	0.00750089
1950	0.21797000	0.21047500	0.00749479
1951	0.21640800	0.20891500	0.00749298
1952	0.21486100	0.20736500	0.00749538
1953	0.21337600	0.20587500	0.00750155
1954	0.21201600	0.20450400	0.00751146
1955	0.21082500	0.20330100	0.00752487
1956	0.20987600	0.20233500	0.00754134
1957	0.20918500	0.20162500	0.00756050
1958	0.20877200	0.20119000	0.00758209
1959	0.20863200	0.20102600	0.00760575
1960	0.20878200	0.20115100	0.00763140
1961	0.20921000	0.20155200	0.00765867
1962	0.20990700	0.20221900	0.00768757
1963	0.21086200	0.20314400	0.00771781
1964	0.21201400	0.20426400	0.00774903
1965	0.21329800	0.20551600	0.00778118
1966	0.21467500	0.20686100	0.00781439
1967	0.21608400	0.20823600	0.00784847
1968	0.21750300	0.20962000	0.00788339
1969	0.21889100	0.21097200	0.00791906
1970	0.22024300	0.21228800	0.00795507
1971	0.22153500	0.21354300	0.00799144
1972	0.22278600	0.21475800	0.00802813
1973	0.22397900	0.21591300	0.00806520
1974	0.22510200	0.21699900	0.00810280
1975	0.22615900	0.21801800	0.00814116
1976	0.22716700	0.21898700	0.00818025
1977	0.22811900	0.21989900	0.00822014
1978	0.22901100	0.22075100	0.00826058
1979	0.22987000	0.22156900	0.00830144
1980	0.23069600	0.22235300	0.00834253
1981	0.23150500	0.22312100	0.00838345
1982	0.23226700	0.22384300	0.00842370
1983	0.23299800	0.22453500	0.00846279
1984	0.23363600	0.22513600	0.00850044
1985	0.23421800	0.22568100	0.00853642
1986	0.23473400	0.22616400	0.00857071
1987	0.23520800	0.22660500	0.00860324
1988	0.23561300	0.22697900	0.00863409
1989	0.23593300	0.22726900	0.00866366
1990	0.23612300	0.22743000	0.00869254
1991	0.23617100	0.22745000	0.00872105
1992	0.23605000	0.22730100	0.00874963
1993	0.23575300	0.22697400	0.00877866
1994	0.23529800	0.22649000	0.00880857
1995	0.23474700	0.22590700	0.00883969
1996	0.23412100	0.22524900	0.00887221
1997	0.23346600	0.22456000	0.00890627
1998	0.23279000	0.22384900	0.00894182
1999	0.23212400	0.22314500	0.00897871
2000	0.23146100	0.22244400	0.00901662
2001	0.23081500	0.22175900	0.00905526
2002	0.23018200	0.22108800	0.00909443
2003	0.22959600	0.22046300	0.00913383
2004	0.22907200	0.21989900	0.00917329
2005	0.22865300	0.21944000	0.00921259
2006	0.22835000	0.21909900	0.00925161
2007	0.22820000	0.21890900	0.00929025
2008	0.22819600	0.21886800	0.00932845
2009	0.22834300	0.21897700	0.00936612
2010	0.22858800	0.21918500	0.00940328
2011	0.22889100	0.21945200	0.00943991
2012	0.22923200	0.21975500	0.00947619
2013	0.22959100	0.22007900	0.00951201
2014	0.22996600	0.22041900	0.00954703
2015	0.23034600	0.22076600	0.00958068
2016	0.23073300	0.22112000	0.00961269
2017	0.23111300	0.22147000	0.00964297
2018	0.23147800	0.22180700	0.00967152
2019	0.23182200	0.22212400	0.00969839
2020	0.23214700	0.22242300	0.00972369
2021	0.23244800	0.22270000	0.00974733
2022	0.23269900	0.22293000	0.00976931
2023	0.23288400	0.22309400	0.00978973
2024	0.23298300	0.22317400	0.00980873
2025	0.23299800	0.22317200	0.00982651
2026	0.23291500	0.22307200	0.00984328
2027	0.23274800	0.22288900	0.00985905
2028	0.23249400	0.22262100	0.00987391
2029	0.23218200	0.22229400	0.00988756
2030	0.23177400	0.22187400	0.00989971
2031	0.23131000	0.22140000	0.00991018
2032	0.23080600	0.22088700	0.00991904
2033	0.23030500	0.22037800	0.00992649
2034	0.22978900	0.21985600	0.00993273
2035	0.22930600	0.21936800	0.00993770
2036	0.22886700	0.21892600	0.00994151
2037	0.22848900	0.21854600	0.00994380
2038	0.22814200	0.21819800	0.00994423
2039	0.22780600	0.21786400	0.00994243
2040	0.22746400	0.21752600	0.00993833
2041	0.22712800	0.21719600	0.00993194
2042	0.22678900	0.21686500	0.00992335
2043	0.22644700	0.21653400	0.00991289
2044	0.22608900	0.21618800	0.00990099
2045	0.22569100	0.21580300	0.00988809
2046	0.22523200	0.21535800	0.00987419
2047	0.22467700	0.21481800	0.00985955
2048	0.22401200	0.21416700	0.00984444
2049	0.22322100	0.21339200	0.00982895
2050	0.22228800	0.21247500	0.00981286
2051	0.22121400	0.21141800	0.00979641
2052	0.22000400	0.21022400	0.00977975
2053	0.21867300	0.20891000	0.00976309
2054	0.21723000	0.20748300	0.00974679
2055	0.21567800	0.20594700	0.00973125
2056	0.21401500	0.20429800	0.00971706
2057	0.21225000	0.20254500	0.00970431
2058	0.21037700	0.20068300	0.00969322
2059	0.20839500	0.19871100	0.00968401
2060	0.20631900	0.19664200	0.00967681
2061	0.20415100	0.19447900	0.00967173
2062	0.20187200	0.19220300	0.00966891
2063	0.19946700	0.18979900	0.00966816
2064	0.19694200	0.18727200	0.00966949
2065	0.19429800	0.18462500	0.00967270
2066	0.19155900	0.18188100	0.00967775
2067	0.18874600	0.17906200	0.00968450
2068	0.18588700	0.17619400	0.00969273
2069	0.18295700	0.17325500	0.00970226
2070	0.17996300	0.17025000	0.00971313
2071	0.17688100	0.16715600	0.00972520
2072	0.17373600	0.16399800	0.00973815
2073	0.17055100	0.16080000	0.00975151
2074	0.16734500	0.15758000	0.00976529
2075	0.16413300	0.15435300	0.00977937
2076	0.16093700	0.15114300	0.00979371
2077	0.15778900	0.14798100	0.00980824
2078	0.15470800	0.14488600	0.00982258
2079	0.15169400	0.14185800	0.00983609
2080	0.14875500	0.13890700	0.00984857
2081	0.14590600	0.13604600	0.00986001
2082	0.14319700	0.13332600	0.00987043
2083	0.14065400	0.13077400	0.00987956
2084	0.13832500	0.12843800	0.00988697
2085	0.13621300	0.12632100	0.00989248
2086	0.13434000	0.12444400	0.00989636
2087	0.13268700	0.12278800	0.00989867
2088	0.13125900	0.12136000	0.00989923
2089	0.13002500	0.12012700	0.00989804
2090	0.12896400	0.11906900	0.00989511
2091	0.12803600	0.11814500	0.00989040
2092	0.12723800	0.11735400	0.00988363
2093	0.12654800	0.11667300	0.00987498
2094	0.12596200	0.11609700	0.00986496
2095	0.12546300	0.11560900	0.00985397
2096	0.12503500	0.11519200	0.00984259
2097	0.12466400	0.11483300	0.00983130
2098	0.12433900	0.11451800	0.00982040
2099	0.12403800	0.11422800	0.00981020
2100	0.12375000	0.11394900	0.00980095
2101	0.12346200	0.11366900	0.00979293
2102	0.12314300	0.11335700	0.00978610
2103	0.12278300	0.11300300	0.00978048
2104	0.12237800	0.11260200	0.00977589
2105	0.12194200	0.11217000	0.00977188
2106	0.12146400	0.11169600	0.00976818
2107	0.12093600	0.11117200	0.00976451
2108	0.12037000	0.11061000	0.00976064
2109	0.11977800	0.11002200	0.00975614
2110	0.11916600	0.10941600	0.00975074
2111	0.11853200	0.10878800	0.00974409
2112	0.11789000	0.10815400	0.00973593
2113	0.11724600	0.10752000	0.00972606
2114	0.11661900	0.10690400	0.00971439
2115	0.11603200	0.10633100	0.00970097
2116	0.11548800	0.10580200	0.00968566
2117	0.11498700	0.10531900	0.00966838
2118	0.11454000	0.10489100	0.00964912
2119	0.11416200	0.10453400	0.00962791
2120	0.11388800	0.10428300	0.00960484
2121	0.11374000	0.10416000	0.00957965
2122	0.11374100	0.10418900	0.00955250
2123	0.11386000	0.10433700	0.00952352
2124	0.11410500	0.10461200	0.00949295
2125	0.11448700	0.10502600	0.00946078
2126	0.11503000	0.10560300	0.00942734
2127	0.11574700	0.10635400	0.00939288
2128	0.11668200	0.10732400	0.00935756
2129	0.11785300	0.10853200	0.00932175
2130	0.11927100	0.10998500	0.00928561
2131	0.12094200	0.11169300	0.00924907
2132	0.12279100	0.11357900	0.00921210
2133	0.12477000	0.11559500	0.00917466
2134	0.12683300	0.11769600	0.00913645
2135	0.12897100	0.11987400	0.00909737
2136	0.13117100	0.12211400	0.00905720
2137	0.13345200	0.12443600	0.00901587
2138	0.13580400	0.12683100	0.00897308
2139	0.13824200	0.12931300	0.00892895
2140	0.14078600	0.13190200	0.00888366
2141	0.14347600	0.13463800	0.00883728
2142	0.14636000	0.13757000	0.00878948
2143	0.14950100	0.14076100	0.00874021
2144	0.15290600	0.14421700	0.00868897
2145	0.15657700	0.14794200	0.00863545
2146	0.16054000	0.15196000	0.00857945
2147	0.16472200	0.15620100	0.00852082
2148	0.16901500	0.16055500	0.00845921
2149	0.17331800	0.16492300	0.00839467
2150	0.17755500	0.16922800	0.00832744
2151	0.18166600	0.17340900	0.00825785
2152	0.18566200	0.17747600	0.00818612
2153	0.18949800	0.18138500	0.00811308
2154	0.19311700	0.18507700	0.00803952
2155	0.19643200	0.18846600	0.00796613
2156	0.19940000	0.19150600	0.00789352
2157	0.20200900	0.19418700	0.00782250
2158	0.20423200	0.19647900	0.00775347
2159	0.20609000	0.19840400	0.00768680
2160	0.20759100	0.19996800	0.00762301
2161	0.20876200	0.20120000	0.00756196
2162	0.20961000	0.20210600	0.00750374
2163	0.21016900	0.20272100	0.00744840
2164	0.21044100	0.20304500	0.00739622
2165	0.21046100	0.20311400	0.00734694
2166	0.21027900	0.20297900	0.00730079
2167	0.20996900	0.20271100	0.00725772
2168	0.20957100	0.20235300	0.00721782
2169	0.20916600	0.20198500	0.00718113
2170	0.20882600	0.20167800	0.00714743
2171	0.20859500	0.20147900	0.00711659
2172	0.20849800	0.20141000	0.00708822
2173	0.20854100	0.20147900	0.00706199
2174	0.20872500	0.20168700	0.00703753
2175	0.20902700	0.20201200	0.00701437
2176	0.20940900	0.20241600	0.00699248
2177	0.20985000	0.20287800	0.00697227
2178	0.21032300	0.20336900	0.00695391
2179	0.21080400	0.20386600	0.00693771
2180	0.21127500	0.20435100	0.00692384
2181	0.21174400	0.20483200	0.00691248
2182	0.21222500	0.20532100	0.00690355
2183	0.21274400	0.20584700	0.00689702
2184	0.21333100	0.20643800	0.00689315
2185	0.21399800	0.20710600	0.00689200
2186	0.21475500	0.20786200	0.00689348
2187	0.21560100	0.20870300	0.00689769
2188	0.21653800	0.20963300	0.00690473
2189	0.21756000	0.21064600	0.00691469
2190	0.21867800	0.21175000	0.00692773
2191	0.21982900	0.21288500	0.00694379
2192	0.22102200	0.21405900	0.00696275
2193	0.22226600	0.21528100	0.00698428
2194	0.22355700	0.21654900	0.00700831
2195	0.22488900	0.21785400	0.00703483
2196	0.22618000	0.21911600	0.00706352
2197	0.22746400	0.22036900	0.00709419
2198	0.22871400	0.22158700	0.00712697
2199	0.22989000	0.22272800	0.00716203
2200	0.23103000	0.22383100	0.00719917
2201	0.23206200	0.22482400	0.00723843
2202	0.23291400	0.22563500	0.00727947
2203	0.23353400	0.22621200	0.00732218
2204	0.23389200	0.22652500	0.00736626
2205	0.23400300	0.22659100	0.00741166
2206	0.23389300	0.22643500	0.00745820
2207	0.23360600	0.22610100	0.00750540
2208	0.23317900	0.22562600	0.00755310
2209	0.23265000	0.22504900	0.00760124
2210	0.23204300	0.22439300	0.00764969
2211	0.23139100	0.22369300	0.00769842
2212	0.23078200	0.22303400	0.00774763
2213	0.23017100	0.22237400	0.00779731
2214	0.22950500	0.22165800	0.00784737
2215	0.22876500	0.22086800	0.00789746
2216	0.22798000	0.22003200	0.00794758
2217	0.22719500	0.21919700	0.00799769
2218	0.22646000	0.21841300	0.00804768
2219	0.22578700	0.21769000	0.00809754
2220	0.22517200	0.21702400	0.00814718
2221	0.22460100	0.21640500	0.00819657
2222	0.22406400	0.21581800	0.00824570
2223	0.22354300	0.21524800	0.00829455
2224	0.22301900	0.21467500	0.00834322
2225	0.22247500	0.21408300	0.00839172
2226	0.22189500	0.21345500	0.00844003
2227	0.22126900	0.21278100	0.00848803
2228	0.22058000	0.21204400	0.00853574
2229	0.21981300	0.21123000	0.00858306
2230	0.21896700	0.21033700	0.00862960
2231	0.21804500	0.20937000	0.00867536
2232	0.21705000	0.20833000	0.00872047
2233	0.21598200	0.20721600	0.00876504
2234	0.21484200	0.20603300	0.00880906
2235	0.21362800	0.20477500	0.00885250
2236	0.21235900	0.20346400	0.00889540
2237	0.21104500	0.20210700	0.00893791
2238	0.20972100	0.20074000	0.00898027
2239	0.20841700	0.19939400	0.00902269
2240	0.20715900	0.19809400	0.00906528
2241	0.20597300	0.19686500	0.00910804
2242	0.20485500	0.19570400	0.00915095
2243	0.20382500	0.19463100	0.00919410
2244	0.20284900	0.19361100	0.00923729
2245	0.20191500	0.19263400	0.00928030
2246	0.20100100	0.19167800	0.00932278
2247	0.20011200	0.19074800	0.00936431
2248	0.19923700	0.18983300	0.00940450
2249	0.19839700	0.18895400	0.00944299
2250	0.19757700	0.18809800	0.00947958
2251	0.19681800	0.18730400	0.00951405
2252	0.19613300	0.18658700	0.00954622
2253	0.19551200	0.18593600	0.00957591
2254	0.19493400	0.18533200	0.00960286
2255	0.19438700	0.18476000	0.00962660
2256	0.19384600	0.18419900	0.00964739
2257	0.19328800	0.18362300	0.00966514
2258	0.19268900	0.18300900	0.00968020
2259	0.19203900	0.18234600	0.00969274
2260	0.19132200	0.18161900	0.00970303
2261	0.19053500	0.18082400	0.00971129
2262	0.18965700	0.17994000	0.00971754
2263	0.18869200	0.17896900	0.00972212
2264	0.18761400	0.17788900	0.00972503
2265	0.18648900	0.17676300	0.00972669
2266	0.18531400	0.17558600	0.00972729
2267	0.18409800	0.17437100	0.00972679
2268	0.18283000	0.17310400	0.00972530
2269	0.18153700	0.17181400	0.00972283
2270	0.18022500	0.17050600	0.00971930
2271	0.17893600	0.16922100	0.00971480
2272	0.17769300	0.16798400	0.00970948
2273	0.17650500	0.16680200	0.00970342
2274	0.17536100	0.16566400	0.00969677
2275	0.17423600	0.16454600	0.00968963
2276	0.17310700	0.16342500	0.00968204
2277	0.17196200	0.16228800	0.00967397
2278	0.17079400	0.16112900	0.00966521
2279	0.16959400	0.15993800	0.00965557
2280	0.16834600	0.15870100	0.00964489
2281	0.16704700	0.15741400	0.00963325
2282	0.16570100	0.15608000	0.00962084
2283	0.16431000	0.15470200	0.00960785
2284	0.16288500	0.15329100	0.00959440
2285	0.16144100	0.15186000	0.00958050
2286	0.15997300	0.15040700	0.00956631
2287	0.15849600	0.14894400	0.00955166
2288	0.15700700	0.14747000	0.00953671
2289	0.15549700	0.14597600	0.00952164
2290	0.15396200	0.14445600	0.00950675
2291	0.15241300	0.14292100	0.00949216
2292	0.15084700	0.14136900	0.00947815
2293	0.14925700	0.13979200	0.00946527
2294	0.14767100	0.13821700	0.00945347
2295	0.14608700	0.13664400	0.00944270
2296	0.14450200	0.13506900	0.00943324
2297	0.14291900	0.13349300	0.00942513
2298	0.14134900	0.13193100	0.00941836
2299	0.13979300	0.13038000	0.00941298
2300	0.13826300	0.12885400	0.00940904
2301	0.13674900	0.12734300	0.00940647
2302	0.13526200	0.12585700	0.00940519
2303	0.13377900	0.12437400	0.00940506
2304	0.13228100	0.12287500	0.00940590
2305	0.13073700	0.12132900	0.00940767
2306	0.12914500	0.11973500	0.00941031
2307	0.12749300	0.11807900	0.00941380
2308	0.12579200	0.11637400	0.00941812
2309	0.12404000	0.11461700	0.00942312
2310	0.12226300	0.11283400	0.00942864
2311	0.12047800	0.11104400	0.00943438
2312	0.11872200	0.10928200	0.00944003
2313	0.11702300	0.10757700	0.00944517
2314	0.11538800	0.10593900	0.00944959
2315	0.11385000	0.10439700	0.00945312
2316	0.11238100	0.10292500	0.00945569
2317	0.11099800	0.10154100	0.00945725
2318	0.10969300	0.10023500	0.00945787
2319	0.10849500	0.09903700	0.00945754
2320	0.10739100	0.09793440	0.00945628
2321	0.10638100	0.09692630	0.00945418
2322	0.10546200	0.09601040	0.00945128
2323	0.10466000	0.09521190	0.00944779
2324	0.10396500	0.09452150	0.00944366
2325	0.10338300	0.09394400	0.00943887
2326	0.10289100	0.09345740	0.00943372
2327	0.10249800	0.09306960	0.00942824
2328	0.10219100	0.09276910	0.00942237
2329	0.10197700	0.09256100	0.00941623
2330	0.10184300	0.09243310	0.00940990
2331	0.10179500	0.09239190	0.00940337
2332	0.10186900	0.09247190	0.00939669
2333	0.10201400	0.09262390	0.00939009
2334	0.10227200	0.09288890	0.00938336
2335	0.10260200	0.09322520	0.00937664
2336	0.10301500	0.09364560	0.00936970
2337	0.10351800	0.09415540	0.00936243
2338	0.10410200	0.09474720	0.00935484
2339	0.10478700	0.09544040	0.00934685
2340	0.10556600	0.09622800	0.00933833
2341	0.10643600	0.09710650	0.00932927
2342	0.10737400	0.09805450	0.00931965
2343	0.10837300	0.09906310	0.00930948
2344	0.10939200	0.10009300	0.00929873
2345	0.11039800	0.10111100	0.00928752
2346	0.11137200	0.10209600	0.00927596
2347	0.11231200	0.10304800	0.00926409
2348	0.11319400	0.10394200	0.00925190
2349	0.11401200	0.10477300	0.00923938
2350	0.11474700	0.10552000	0.00922658
2351	0.11539700	0.10618400	0.00921363
2352	0.11595700	0.10675600	0.00920065
2353	0.11640800	0.10722100	0.00918765
2354	0.11674200	0.10756700	0.00917474
2355	0.11695200	0.10779000	0.00916207
2356	0.11704000	0.10789100	0.00914963
2357	0.11701600	0.10787900	0.00913751
2358	0.11689500	0.10776900	0.00912572
2359	0.11670700	0.10759300	0.00911423
2360	0.11648100	0.10737800	0.00910282
2361	0.11625700	0.10716600	0.00909126
2362	0.11604500	0.10696500	0.00907965
2363	0.11584600	0.10677900	0.00906794
2364	0.11567800	0.10662200	0.00905610
2365	0.11555500	0.10651100	0.00904399
2366	0.11549300	0.10646100	0.00903162
2367	0.11549900	0.10648000	0.00901901
2368	0.11558700	0.10658100	0.00900617
2369	0.11575500	0.10676200	0.00899311
2370	0.11600300	0.10702400	0.00897986
2371	0.11633200	0.10736500	0.00896650
2372	0.11674500	0.10779200	0.00895320
2373	0.11724500	0.10830500	0.00894008
2374	0.11783300	0.10890500	0.00892734
2375	0.11850200	0.10958600	0.00891514
2376	0.11923900	0.11033600	0.00890336
2377	0.12004500	0.11115300	0.00889195
2378	0.12089000	0.11200900	0.00888086
2379	0.12175000	0.11288000	0.00887024
2380	0.12261600	0.11375600	0.00886010
2381	0.12349600	0.11464500	0.00885054
2382	0.12438800	0.11554600	0.00884172
2383	0.12530300	0.11647000	0.00883369
2384	0.12626100	0.11743500	0.00882641
2385	0.12730100	0.11848100	0.00881983
2386	0.12843800	0.11962400	0.00881392
2387	0.12970200	0.12089400	0.00880833
2388	0.13111100	0.12230800	0.00880271
2389	0.13267700	0.12388000	0.00879705
2390	0.13440800	0.12561700	0.00879107
2391	0.13631900	0.12753400	0.00878478
2392	0.13839500	0.12961600	0.00877814
2393	0.14061700	0.13184600	0.00877126
2394	0.14296200	0.13419800	0.00876393
2395	0.14541000	0.13665400	0.00875610
2396	0.14793900	0.13919200	0.00874784
2397	0.15058800	0.14184900	0.00873941
2398	0.15336200	0.14463100	0.00873070
2399	0.15625200	0.14753000	0.00872155
2400	0.15925600	0.15054400	0.00871178
2401	0.16233700	0.15363600	0.00870142
2402	0.16548900	0.15679900	0.00869054
2403	0.16872400	0.16004400	0.00867905
2404	0.17204500	0.16337800	0.00866713
2405	0.17544400	0.16679000	0.00865457
2406	0.17889200	0.17025100	0.00864133
2407	0.18239300	0.17376600	0.00862752
2408	0.18591800	0.17730500	0.00861304
2409	0.18946200	0.18086500	0.00859757
2410	0.19297800	0.18439700	0.00858096
2411	0.19645300	0.18789000	0.00856308
2412	0.19983600	0.19129200	0.00854391
2413	0.20307200	0.19454900	0.00852315
2414	0.20610100	0.19760100	0.00850064
2415	0.20890500	0.20042900	0.00847611
2416	0.21142300	0.20297300	0.00844932
2417	0.21366100	0.20524100	0.00842015
2418	0.21558100	0.20719200	0.00838881
2419	0.21718100	0.20882600	0.00835575
2420	0.21844200	0.21012000	0.00832150
2421	0.21936400	0.21107800	0.00828611
2422	0.21995800	0.21170800	0.00825000
2423	0.22028700	0.21207400	0.00821357
2424	0.22039700	0.21222000	0.00817702
2425	0.22035200	0.21221100	0.00814087
2426	0.22020600	0.21210100	0.00810549
2427	0.22002300	0.21195200	0.00807093
2428	0.21983200	0.21179400	0.00803752
2429	0.21965900	0.21165400	0.00800556
2430	0.21951500	0.21153900	0.00797531
2431	0.21941200	0.21146500	0.00794710
2432	0.21938200	0.21146100	0.00792095
2433	0.21941800	0.21152100	0.00789736
2434	0.21955500	0.21167800	0.00787672
2435	0.21979700	0.21193800	0.00785966
2436	0.22015900	0.21231200	0.00784659
2437	0.22062500	0.21278700	0.00783775
2438	0.22119100	0.21335800	0.00783335
2439	0.22183100	0.21399700	0.00783365
2440	0.22254000	0.21470100	0.00783893
2441	0.22330700	0.21545800	0.00784902
2442	0.22414600	0.21628300	0.00786382
2443	0.22503800	0.21715500	0.00788291
2444	0.22597300	0.21806700	0.00790593
2445	0.22695300	0.21902000	0.00793250
2446	0.22799000	0.22002800	0.00796203
2447	0.22906400	0.22107000	0.00799410
2448	0.23015300	0.22212500	0.00802809
2449	0.23124000	0.22317700	0.00806330
2450	0.23230100	0.22420200	0.00809938
2451	0.23331900	0.22518400	0.00813590
2452	0.23425000	0.22607700	0.00817253
2453	0.23513500	0.22692600	0.00820891
2454	0.23595700	0.22771200	0.00824487
2455	0.23670800	0.22842800	0.00828008
2456	0.23736000	0.22904600	0.00831442
2457	0.23790100	0.22955400	0.00834776
2458	0.23835900	0.22997900	0.00838012
2459	0.23869000	0.23027900	0.00841169
2460	0.23884700	0.23040500	0.00844250
2461	0.23883600	0.23036400	0.00847269
2462	0.23862100	0.23011900	0.00850227
2463	0.23819100	0.22966000	0.00853169
2464	0.23753600	0.22897400	0.00856120
2465	0.23666300	0.22807200	0.00859105
2466	0.23552200	0.22690000	0.00862161
2467	0.23414700	0.22549400	0.00865313
2468	0.23258600	0.22390000	0.00868611
2469	0.23085500	0.22213400	0.00872103
2470	0.22898800	0.22023000	0.00875828
2471	0.22701200	0.21821400	0.00879830
2472	0.22495300	0.21611100	0.00884159
2473	0.22287800	0.21399000	0.00888835
2474	0.22085500	0.21191600	0.00893894
2475	0.21891600	0.20992200	0.00899358
2476	0.21708400	0.20803200	0.00905200
2477	0.21537300	0.20625900	0.00911388
2478	0.21381100	0.20463300	0.00917854
2479	0.21239500	0.20314900	0.00924543
2480	0.21112100	0.20180700	0.00931386
2481	0.20997600	0.20059300	0.00938319
2482	0.20895700	0.19950400	0.00945269
2483	0.20806100	0.19853900	0.00952157
2484	0.20728900	0.19770000	0.00958931
2485	0.20664000	0.19698400	0.00965530
2486	0.20609700	0.19637800	0.00971861
2487	0.20565400	0.19587500	0.00977900
2488	0.20532500	0.19548900	0.00983630
2489	0.20512700	0.19523700	0.00989025
2490	0.20506400	0.19512400	0.00994053
2491	0.20512600	0.19513900	0.00998660
2492	0.20529900	0.19527100	0.01002850
2493	0.20556900	0.19550300	0.01006630
2494	0.20591700	0.19581800	0.01009960
2495	0.20632000	0.19619200	0.01012840
2496	0.20676600	0.19661300	0.01015240
2497	0.20725700	0.19708600	0.01017150
2498	0.20780500	0.19761900	0.01018620
2499	0.20841200	0.19821500	0.01019690
2500	0.20907900	0.19887500	0.01020430
