Time	Cd Total	Cd Pressure	Cd Viscous
1	0.26398200	0.24552400	0.01845840
2	0.43783300	0.41458800	0.02324590
3	0.60600800	0.57741600	0.02859210
4	0.69170900	0.65794600	0.03376340
5	0.66743500	0.62924500	0.03819000
6	0.55480100	0.51329400	0.04150670
7	0.40375100	0.36001300	0.04373780
8	0.26711200	0.22206900	0.04504230
9	0.18328900	0.13774900	0.04553990
10	0.16673900	0.12132700	0.04541220
11	0.20723100	0.16242000	0.04481120
12	0.28016700	0.23632900	0.04383810
13	0.35731300	0.31470500	0.04260820
14	0.41670700	0.37548200	0.04122530
15	0.44721700	0.40742100	0.03979690
16	0.44916000	0.41077100	0.03838900
17	0.43121800	0.39417500	0.03704240
18	0.40506000	0.36928100	0.03577870
19	0.38153900	0.34693300	0.03460630
20	0.36817300	0.33462400	0.03354900
21	0.36707700	0.33446600	0.03261090
22	0.37631300	0.34452100	0.03179180
23	0.39135200	0.36026000	0.03109230
24	0.40730400	0.37680300	0.03050060
25	0.42061000	0.39060100	0.03000940
26	0.42932200	0.39971700	0.02960440
27	0.43341900	0.40414800	0.02927090
28	0.43432600	0.40533500	0.02899090
29	0.43391600	0.40516300	0.02875360
30	0.43383800	0.40529000	0.02854770
31	0.43513800	0.40677500	0.02836310
32	0.43809000	0.40989300	0.02819690
33	0.44236300	0.41431800	0.02804480
34	0.44709100	0.41918600	0.02790450
35	0.45155700	0.42378200	0.02777440
36	0.45516700	0.42750800	0.02765870
37	0.45765500	0.43010300	0.02755230
38	0.45917800	0.43172200	0.02745560
39	0.46001200	0.43264800	0.02736380
40	0.46065600	0.43337800	0.02727780
41	0.46143300	0.43423800	0.02719500
42	0.46266000	0.43555000	0.02710970
43	0.46449500	0.43747400	0.02702080
44	0.46694900	0.44002100	0.02692820
45	0.46990000	0.44306400	0.02683520
46	0.47321000	0.44647000	0.02674000
47	0.47674500	0.45010500	0.02664060
48	0.48040700	0.45387500	0.02653160
49	0.48407100	0.45765700	0.02641340
50	0.48772500	0.46143700	0.02628780
51	0.49143400	0.46527500	0.02615910
52	0.49526500	0.46923300	0.02603170
53	0.49930400	0.47339500	0.02590830
54	0.50351600	0.47773000	0.02578590
55	0.50797300	0.48231300	0.02566010
56	0.51261300	0.48708400	0.02552880
57	0.51739600	0.49200400	0.02539210
58	0.52220700	0.49695600	0.02525090
59	0.52697400	0.50186900	0.02510510
60	0.53153700	0.50658200	0.02495530
61	0.53583700	0.51103700	0.02479970
62	0.53982000	0.51518000	0.02463960
63	0.54352100	0.51904500	0.02447590
64	0.54696400	0.52265200	0.02431130
65	0.55022900	0.52608000	0.02414860
66	0.55335200	0.52936400	0.02398830
67	0.55642500	0.53259200	0.02383290
68	0.55950600	0.53582300	0.02368270
69	0.56266600	0.53912900	0.02353700
70	0.56591600	0.54251800	0.02339790
71	0.56922300	0.54595700	0.02326530
72	0.57258000	0.54944000	0.02314010
73	0.57591300	0.55289300	0.02301970
74	0.57922300	0.55631700	0.02290570
75	0.58251200	0.55971300	0.02279840
76	0.58575900	0.56306200	0.02269740
77	0.58893700	0.56633500	0.02260160
78	0.59201600	0.56950400	0.02251190
79	0.59501500	0.57258500	0.02242980
80	0.59793200	0.57557800	0.02235440
81	0.60070000	0.57841400	0.02228570
82	0.60331800	0.58109600	0.02222200
83	0.60580900	0.58364500	0.02216380
84	0.60822300	0.58611100	0.02211170
85	0.61050500	0.58844200	0.02206320
86	0.61267500	0.59065600	0.02201880
87	0.61475500	0.59277900	0.02197640
88	0.61674100	0.59480500	0.02193520
89	0.61856800	0.59667200	0.02189610
90	0.62015200	0.59829500	0.02185640
91	0.62141400	0.59960100	0.02181370
92	0.62228800	0.60051900	0.02176920
93	0.62275900	0.60103700	0.02172210
94	0.62282300	0.60115000	0.02167280
95	0.62252300	0.60090400	0.02161950
96	0.62191400	0.60035100	0.02156310
97	0.62111500	0.59961300	0.02150160
98	0.62023600	0.59880000	0.02143630
99	0.61939300	0.59802600	0.02136670
100	0.61864100	0.59734600	0.02129540
101	0.61798800	0.59676600	0.02122250
102	0.61738800	0.59623900	0.02114890
103	0.61674100	0.59566800	0.02107290
104	0.61604900	0.59505200	0.02099670
105	0.61527500	0.59435600	0.02091870
106	0.61440000	0.59355800	0.02084200
107	0.61341700	0.59265100	0.02076610
108	0.61234400	0.59164900	0.02069430
109	0.61123600	0.59060900	0.02062720
110	0.61009800	0.58953200	0.02056660
111	0.60891800	0.58840600	0.02051270
112	0.60776500	0.58729700	0.02046760
113	0.60667700	0.58624600	0.02043090
114	0.60571500	0.58531200	0.02040300
115	0.60489300	0.58451100	0.02038180
116	0.60423500	0.58386900	0.02036600
117	0.60378500	0.58343000	0.02035550
118	0.60359100	0.58324100	0.02034990
119	0.60365500	0.58330700	0.02034790
120	0.60393300	0.58358500	0.02034850
121	0.60439700	0.58404900	0.02034850
122	0.60499600	0.58464800	0.02034830
123	0.60576700	0.58542100	0.02034610
124	0.60669100	0.58635000	0.02034080
125	0.60775800	0.58742600	0.02033170
126	0.60896700	0.58864800	0.02031920
127	0.61030700	0.59000400	0.02030300
128	0.61163900	0.59135700	0.02028150
129	0.61282600	0.59257400	0.02025250
130	0.61370400	0.59348200	0.02022240
131	0.61417000	0.59398100	0.02018950
132	0.61416300	0.59400800	0.02015450
133	0.61364700	0.59352900	0.02011760
134	0.61259000	0.59250600	0.02008380
135	0.61109300	0.59103800	0.02005510
136	0.60927600	0.58924200	0.02003420
137	0.60726700	0.58724700	0.02001950
138	0.60516900	0.58515800	0.02001100
139	0.60305000	0.58304200	0.02000800
140	0.60093000	0.58092100	0.02000900
141	0.59885500	0.57884200	0.02001340
142	0.59686600	0.57684700	0.02001900
143	0.59500500	0.57497900	0.02002600
144	0.59326500	0.57323200	0.02003330
145	0.59164000	0.57159700	0.02004340
146	0.59012100	0.57006500	0.02005610
147	0.58874200	0.56867100	0.02007110
148	0.58750200	0.56741500	0.02008720
149	0.58642000	0.56631600	0.02010370
150	0.58542600	0.56530600	0.02012000
151	0.58455200	0.56441700	0.02013440
152	0.58375600	0.56361000	0.02014550
153	0.58304800	0.56289500	0.02015250
154	0.58242300	0.56226700	0.02015550
155	0.58187600	0.56172000	0.02015540
156	0.58143000	0.56127900	0.02015140
157	0.58112400	0.56098000	0.02014390
158	0.58099300	0.56086000	0.02013300
159	0.58101500	0.56089700	0.02011850
160	0.58115000	0.56104900	0.02010120
161	0.58137900	0.56129800	0.02008190
162	0.58167700	0.56161500	0.02006150
163	0.58203400	0.56199300	0.02004080
164	0.58244300	0.56242200	0.02002120
165	0.58292800	0.56292500	0.02000240
166	0.58354600	0.56356100	0.01998510
167	0.58434700	0.56437900	0.01996830
168	0.58527100	0.56532000	0.01995130
169	0.58633700	0.56640300	0.01993440
170	0.58746400	0.56754600	0.01991750
171	0.58861300	0.56871200	0.01990030
172	0.58966300	0.56978100	0.01988280
173	0.59055500	0.57069200	0.01986340
174	0.59121600	0.57137400	0.01984270
175	0.59164900	0.57182900	0.01982020
176	0.59186100	0.57206400	0.01979720
177	0.59197200	0.57219800	0.01977370
178	0.59205000	0.57230100	0.01974890
179	0.59220800	0.57248700	0.01972120
180	0.59246700	0.57277600	0.01969100
181	0.59290500	0.57324600	0.01965950
182	0.59348500	0.57385800	0.01962730
183	0.59421100	0.57461600	0.01959520
184	0.59500600	0.57544200	0.01956320
185	0.59584600	0.57631500	0.01953090
186	0.59670700	0.57720900	0.01949860
187	0.59759900	0.57813200	0.01946700
188	0.59855400	0.57911700	0.01943670
189	0.59961900	0.58021000	0.01940870
190	0.60077000	0.58138700	0.01938360
191	0.60198100	0.58262000	0.01936100
192	0.60318700	0.58384700	0.01934010
193	0.60440400	0.58508400	0.01932000
194	0.60567400	0.58637400	0.01930020
195	0.60699200	0.58771200	0.01928010
196	0.60834400	0.58908300	0.01926070
197	0.60970200	0.59046000	0.01924210
198	0.61105300	0.59182800	0.01922520
199	0.61240500	0.59319500	0.01921040
200	0.61378200	0.59458400	0.01919820
201	0.61521100	0.59602100	0.01918990
202	0.61674800	0.59756200	0.01918570
203	0.61839900	0.59921400	0.01918510
204	0.62018500	0.60099600	0.01918880
205	0.62206200	0.60286300	0.01919860
206	0.62400700	0.60479300	0.01921350
207	0.62596200	0.60672900	0.01923310
208	0.62784000	0.60858500	0.01925460
209	0.62951200	0.61023500	0.01927640
210	0.63089400	0.61159700	0.01929750
211	0.63193200	0.61261500	0.01931690
212	0.63262000	0.61328600	0.01933370
213	0.63293900	0.61359200	0.01934670
214	0.63288500	0.61353000	0.01935450
215	0.63247000	0.61311300	0.01935670
216	0.63171800	0.61236500	0.01935280
217	0.63064800	0.61130500	0.01934280
218	0.62927800	0.60995000	0.01932760
219	0.62764400	0.60833600	0.01930790
220	0.62577800	0.60649300	0.01928500
221	0.62374100	0.60448100	0.01925980
222	0.62160300	0.60236900	0.01923380
223	0.61945600	0.60024800	0.01920810
224	0.61741000	0.59822700	0.01918290
225	0.61554500	0.59638700	0.01915820
226	0.61391000	0.59477600	0.01913420
227	0.61253900	0.59342800	0.01911140
228	0.61145200	0.59236200	0.01908960
229	0.61066500	0.59159600	0.01906870
230	0.61017000	0.59112200	0.01904770
231	0.60997200	0.59094600	0.01902580
232	0.61004600	0.59104400	0.01900250
233	0.61037600	0.59139800	0.01897760
234	0.61093900	0.59198900	0.01895060
235	0.61172900	0.59280800	0.01892110
236	0.61272700	0.59383800	0.01888860
237	0.61394000	0.59508600	0.01885340
238	0.61532900	0.59651300	0.01881630
239	0.61686500	0.59808700	0.01877810
240	0.61848900	0.59975000	0.01873930
241	0.62016900	0.60146900	0.01869990
242	0.62184500	0.60318500	0.01866070
243	0.62350400	0.60488300	0.01862140
244	0.62511400	0.60653300	0.01858180
245	0.62669300	0.60815000	0.01854350
246	0.62825400	0.60975000	0.01850420
247	0.62985300	0.61139000	0.01846330
248	0.63152100	0.61310100	0.01842030
249	0.63335300	0.61497600	0.01837630
250	0.63537400	0.61704300	0.01833120
251	0.63763400	0.61934800	0.01828580
252	0.64012700	0.62188600	0.01824040
253	0.64284000	0.62464400	0.01819520
254	0.64568000	0.62752900	0.01815110
255	0.64859100	0.63048400	0.01810790
256	0.65146600	0.63340000	0.01806580
257	0.65423200	0.63620700	0.01802470
258	0.65680700	0.63882100	0.01798500
259	0.65915100	0.64120400	0.01794670
260	0.66121200	0.64330300	0.01790960
261	0.66298800	0.64511300	0.01787460
262	0.66443500	0.64659300	0.01784220
263	0.66554800	0.64773500	0.01781330
264	0.66631300	0.64852600	0.01778720
265	0.66677000	0.64900600	0.01776450
266	0.66695800	0.64921200	0.01774630
267	0.66694200	0.64921000	0.01773230
268	0.66674800	0.64902700	0.01772100
269	0.66642100	0.64871000	0.01771180
270	0.66597800	0.64827400	0.01770420
271	0.66545800	0.64776000	0.01769780
272	0.66486400	0.64717200	0.01769220
273	0.66422900	0.64654200	0.01768650
274	0.66356600	0.64588500	0.01768040
275	0.66292400	0.64524900	0.01767430
276	0.66230100	0.64463300	0.01766830
277	0.66172300	0.64406000	0.01766310
278	0.66119600	0.64353700	0.01765930
279	0.66072400	0.64306700	0.01765740
280	0.66026400	0.64260600	0.01765760
281	0.65981800	0.64215700	0.01766050
282	0.65937900	0.64171200	0.01766690
283	0.65896000	0.64128400	0.01767630
284	0.65856200	0.64087300	0.01768830
285	0.65817800	0.64047600	0.01770250
286	0.65782700	0.64010800	0.01771900
287	0.65752100	0.63978300	0.01773790
288	0.65726000	0.63950100	0.01775870
289	0.65704200	0.63926200	0.01778030
290	0.65691100	0.63910900	0.01780220
291	0.65685500	0.63903200	0.01782290
292	0.65685000	0.63900900	0.01784150
293	0.65689700	0.63904100	0.01785680
294	0.65699500	0.63912700	0.01786740
295	0.65716300	0.63929000	0.01787320
296	0.65739500	0.63952100	0.01787450
297	0.65768700	0.63981500	0.01787170
298	0.65803700	0.64017100	0.01786580
299	0.65845500	0.64059700	0.01785790
300	0.65894200	0.64109400	0.01784810
301	0.65949400	0.64165600	0.01783720
302	0.66008000	0.64225500	0.01782530
303	0.66064900	0.64283600	0.01781320
304	0.66114800	0.64334600	0.01780170
305	0.66152700	0.64373600	0.01779080
306	0.66176200	0.64398100	0.01778070
307	0.66184700	0.64407700	0.01777030
308	0.66175800	0.64399900	0.01775960
309	0.66149100	0.64374300	0.01774780
310	0.66101800	0.64328400	0.01773450
311	0.66036500	0.64264600	0.01771930
312	0.65953500	0.64183400	0.01770150
313	0.65855000	0.64086900	0.01768110
314	0.65743100	0.63977300	0.01765830
315	0.65621400	0.63858100	0.01763330
316	0.65494500	0.63733800	0.01760620
317	0.65366400	0.63608700	0.01757770
318	0.65242200	0.63487400	0.01754790
319	0.65122200	0.63370500	0.01751720
320	0.65011700	0.63263000	0.01748640
321	0.64912400	0.63166700	0.01745670
322	0.64829700	0.63086700	0.01742920
323	0.64763200	0.63022800	0.01740440
324	0.64717400	0.62979100	0.01738300
325	0.64691300	0.62954800	0.01736490
326	0.64687700	0.62952700	0.01734980
327	0.64703300	0.62969500	0.01733800
328	0.64736400	0.63003400	0.01733020
329	0.64782400	0.63049700	0.01732680
330	0.64839400	0.63106500	0.01732840
331	0.64903600	0.63170100	0.01733480
332	0.64971400	0.63236700	0.01734620
333	0.65038800	0.63302700	0.01736160
334	0.65104200	0.63366200	0.01738030
335	0.65165300	0.63425200	0.01740100
336	0.65221100	0.63478900	0.01742210
337	0.65272700	0.63528400	0.01744300
338	0.65320100	0.63573700	0.01746340
339	0.65360900	0.63612600	0.01748290
340	0.65391100	0.63641100	0.01750050
341	0.65406200	0.63654600	0.01751600
342	0.65401800	0.63648900	0.01752930
343	0.65375800	0.63621800	0.01754040
344	0.65324100	0.63569200	0.01754890
345	0.65246400	0.63491000	0.01755440
346	0.65143300	0.63387600	0.01755740
347	0.65019900	0.63264100	0.01755830
348	0.64879600	0.63123800	0.01755800
349	0.64728600	0.62972900	0.01755740
350	0.64573100	0.62817300	0.01755730
351	0.64416500	0.62660700	0.01755780
352	0.64259500	0.62503600	0.01755890
353	0.64103100	0.62347000	0.01756150
354	0.63947700	0.62191100	0.01756590
355	0.63789700	0.62032500	0.01757230
356	0.63629700	0.61871600	0.01758130
357	0.63469900	0.61710600	0.01759350
358	0.63311400	0.61550500	0.01760910
359	0.63156900	0.61394100	0.01762830
360	0.63013600	0.61248500	0.01765100
361	0.62888600	0.61120900	0.01767730
362	0.62785800	0.61015100	0.01770650
363	0.62708100	0.60934200	0.01773820
364	0.62653000	0.60875900	0.01777130
365	0.62620700	0.60840100	0.01780550
366	0.62610800	0.60826800	0.01784040
367	0.62621400	0.60833800	0.01787560
368	0.62652600	0.60861600	0.01791030
369	0.62699600	0.60905200	0.01794430
370	0.62757900	0.60960100	0.01797780
371	0.62823800	0.61022700	0.01801060
372	0.62898100	0.61093900	0.01804280
373	0.62979500	0.61172100	0.01807400
374	0.63064500	0.61254100	0.01810400
375	0.63152700	0.61339400	0.01813280
376	0.63247000	0.61430900	0.01816090
377	0.63348500	0.61529600	0.01818820
378	0.63455200	0.61633700	0.01821500
379	0.63563800	0.61739800	0.01824030
380	0.63670500	0.61844100	0.01826400
381	0.63774000	0.61945300	0.01828640
382	0.63868200	0.62037400	0.01830780
383	0.63951300	0.62118500	0.01832790
384	0.64022000	0.62187400	0.01834660
385	0.64080800	0.62244300	0.01836410
386	0.64126400	0.62288400	0.01837980
387	0.64156400	0.62317100	0.01839340
388	0.64169600	0.62329100	0.01840490
389	0.64161900	0.62320500	0.01841450
390	0.64132300	0.62290100	0.01842170
391	0.64081600	0.62239000	0.01842680
392	0.64015500	0.62172500	0.01842980
393	0.63940000	0.62096900	0.01843040
394	0.63857400	0.62014500	0.01842860
395	0.63770300	0.61927900	0.01842420
396	0.63681600	0.61839800	0.01841810
397	0.63594100	0.61752900	0.01841150
398	0.63507800	0.61667300	0.01840520
399	0.63423700	0.61583700	0.01840000
400	0.63339100	0.61499500	0.01839580
401	0.63255900	0.61416500	0.01839340
402	0.63176100	0.61336800	0.01839340
403	0.63100600	0.61261000	0.01839600
404	0.63031000	0.61190900	0.01840100
405	0.62968200	0.61127300	0.01840860
406	0.62911900	0.61070100	0.01841850
407	0.62859500	0.61016400	0.01843050
408	0.62810600	0.60966200	0.01844380
409	0.62761200	0.60915400	0.01845810
410	0.62710200	0.60862900	0.01847280
411	0.62654100	0.60805300	0.01848720
412	0.62590300	0.60740200	0.01850070
413	0.62518200	0.60666900	0.01851290
414	0.62437000	0.60584700	0.01852280
415	0.62342500	0.60489500	0.01852970
416	0.62233100	0.60379800	0.01853300
417	0.62105900	0.60252700	0.01853230
418	0.61962300	0.60109600	0.01852730
419	0.61799800	0.59947900	0.01851900
420	0.61618800	0.59767900	0.01850830
421	0.61418000	0.59568400	0.01849550
422	0.61198700	0.59350600	0.01848070
423	0.60959000	0.59112600	0.01846370
424	0.60699100	0.58854700	0.01844420
425	0.60418400	0.58576100	0.01842250
426	0.60119000	0.58279200	0.01839820
427	0.59803100	0.57965900	0.01837160
428	0.59473100	0.57638800	0.01834240
429	0.59129800	0.57298600	0.01831140
430	0.58774700	0.56946900	0.01827810
431	0.58406700	0.56582500	0.01824170
432	0.58026900	0.56206600	0.01820290
433	0.57636800	0.55820600	0.01816160
434	0.57239300	0.55427500	0.01811810
435	0.56839500	0.55032200	0.01807280
436	0.56440200	0.54637500	0.01802670
437	0.56040400	0.54242400	0.01798020
438	0.55638900	0.53845500	0.01793400
439	0.55234400	0.53445600	0.01788860
440	0.54824700	0.53040200	0.01784540
441	0.54406500	0.52626000	0.01780520
442	0.53981600	0.52204700	0.01776870
443	0.53551000	0.51777300	0.01773650
444	0.53117500	0.51346500	0.01770980
445	0.52681800	0.50913100	0.01768770
446	0.52247300	0.50480300	0.01766990
447	0.51815700	0.50050000	0.01765630
448	0.51389700	0.49625100	0.01764660
449	0.50969400	0.49205200	0.01764130
450	0.50558200	0.48794200	0.01763970
451	0.50156700	0.48392600	0.01764170
452	0.49768000	0.48003400	0.01764630
453	0.49389100	0.47623700	0.01765430
454	0.49021000	0.47254400	0.01766580
455	0.48663800	0.46895800	0.01768000
456	0.48321500	0.46551800	0.01769690
457	0.47996200	0.46224600	0.01771610
458	0.47690700	0.45917000	0.01773760
459	0.47406200	0.45630000	0.01776130
460	0.47145700	0.45367000	0.01778670
461	0.46910100	0.45128800	0.01781360
462	0.46701600	0.44917500	0.01784180
463	0.46519600	0.44732500	0.01787100
464	0.46363400	0.44573300	0.01790110
465	0.46232300	0.44439100	0.01793190
466	0.46124500	0.44328000	0.01796470
467	0.46037300	0.44237400	0.01799890
468	0.45966500	0.44163200	0.01803370
469	0.45908200	0.44101300	0.01806910
470	0.45857100	0.44046500	0.01810520
471	0.45814700	0.44000500	0.01814160
472	0.45778000	0.43960200	0.01817840
473	0.45746600	0.43925200	0.01821430
474	0.45713800	0.43888900	0.01824850
475	0.45689600	0.43861500	0.01828060
476	0.45670000	0.43839000	0.01831020
477	0.45651900	0.43818300	0.01833630
478	0.45632400	0.43796500	0.01835920
479	0.45617200	0.43779300	0.01837930
480	0.45608700	0.43769100	0.01839550
481	0.45612300	0.43771500	0.01840800
482	0.45631800	0.43790200	0.01841660
483	0.45673300	0.43831200	0.01842140
484	0.45742700	0.43900500	0.01842210
485	0.45847600	0.44005800	0.01841770
486	0.45992200	0.44151500	0.01840710
487	0.46177500	0.44338500	0.01839060
488	0.46396600	0.44559800	0.01836840
489	0.46639800	0.44805800	0.01834020
490	0.46892900	0.45062200	0.01830680
491	0.47142600	0.45315700	0.01826880
492	0.47375200	0.45552400	0.01822740
493	0.47581400	0.45763100	0.01818300
494	0.47758500	0.45944800	0.01813760
495	0.47910900	0.46101700	0.01809190
496	0.48046200	0.46241500	0.01804720
497	0.48168300	0.46367800	0.01800500
498	0.48280300	0.46483700	0.01796620
499	0.48380700	0.46587500	0.01793130
500	0.48468100	0.46677900	0.01790150
501	0.48542000	0.46754300	0.01787760
502	0.48601900	0.46815900	0.01786000
503	0.48650500	0.46865700	0.01784840
504	0.48691100	0.46906900	0.01784240
505	0.48727100	0.46942900	0.01784160
506	0.48759300	0.46974800	0.01784510
507	0.48788700	0.47003400	0.01785230
508	0.48819700	0.47033400	0.01786230
509	0.48852800	0.47065400	0.01787340
510	0.48889100	0.47100600	0.01788460
511	0.48925200	0.47135700	0.01789500
512	0.48962000	0.47171500	0.01790480
513	0.48997900	0.47206400	0.01791410
514	0.49033400	0.47241000	0.01792350
515	0.49068700	0.47275400	0.01793310
516	0.49106800	0.47312500	0.01794270
517	0.49151900	0.47356600	0.01795250
518	0.49207300	0.47411000	0.01796240
519	0.49279000	0.47481800	0.01797220
520	0.49368600	0.47570400	0.01798220
521	0.49477100	0.47677800	0.01799290
522	0.49602300	0.47801900	0.01800480
523	0.49744700	0.47942900	0.01801740
524	0.49899100	0.48096000	0.01803070
525	0.50066700	0.48262300	0.01804410
526	0.50243500	0.48437700	0.01805760
527	0.50429800	0.48622700	0.01807120
528	0.50620400	0.48811900	0.01808520
529	0.50815000	0.49005000	0.01810030
530	0.51010900	0.49199200	0.01811740
531	0.51208000	0.49394400	0.01813650
532	0.51403400	0.49587600	0.01815750
533	0.51597800	0.49779800	0.01818030
534	0.51789800	0.49969300	0.01820440
535	0.51980400	0.50157400	0.01822980
536	0.52164500	0.50338800	0.01825670
537	0.52342300	0.50513800	0.01828530
538	0.52513600	0.50682000	0.01831620
539	0.52679900	0.50845000	0.01834860
540	0.52841300	0.51003100	0.01838210
541	0.52999100	0.51157500	0.01841650
542	0.53152600	0.51307500	0.01845180
543	0.53304800	0.51456100	0.01848740
544	0.53455100	0.51602900	0.01852170
545	0.53607400	0.51752000	0.01855380
546	0.53766200	0.51907900	0.01858330
547	0.53931700	0.52070700	0.01861010
548	0.54099300	0.52235900	0.01863470
549	0.54270400	0.52404600	0.01865770
550	0.54438500	0.52570600	0.01867880
551	0.54607800	0.52737900	0.01869890
552	0.54776000	0.52904200	0.01871810
553	0.54943800	0.53070100	0.01873710
554	0.55105800	0.53230300	0.01875550
555	0.55262700	0.53385400	0.01877290
556	0.55410800	0.53531900	0.01878900
557	0.55546000	0.53665600	0.01880420
558	0.55664300	0.53782400	0.01881840
559	0.55760300	0.53877200	0.01883130
560	0.55830800	0.53946600	0.01884250
561	0.55874200	0.53989000	0.01885220
562	0.55889300	0.54003300	0.01885990
563	0.55876300	0.53989800	0.01886520
564	0.55838400	0.53951700	0.01886760
565	0.55777300	0.53890700	0.01886670
566	0.55695300	0.53809000	0.01886330
567	0.55594200	0.53708400	0.01885770
568	0.55480100	0.53595100	0.01885000
569	0.55358400	0.53474300	0.01884050
570	0.55235500	0.53352600	0.01882990
571	0.55116400	0.53234600	0.01881820
572	0.55010100	0.53129500	0.01880570
573	0.54923400	0.53044100	0.01879330
574	0.54863500	0.52985300	0.01878150
575	0.54830700	0.52953600	0.01877140
576	0.54823900	0.52947600	0.01876300
577	0.54838300	0.52962700	0.01875610
578	0.54866800	0.52991900	0.01874990
579	0.54902400	0.53028100	0.01874310
580	0.54939900	0.53066400	0.01873540
581	0.54973000	0.53100200	0.01872790
582	0.54999700	0.53127600	0.01872090
583	0.55018500	0.53147000	0.01871480
584	0.55032100	0.53161100	0.01871070
585	0.55039700	0.53168900	0.01870870
586	0.55043700	0.53172800	0.01870880
587	0.55044500	0.53173400	0.01871110
588	0.55045700	0.53174200	0.01871510
589	0.55050400	0.53178400	0.01872000
590	0.55058700	0.53186100	0.01872590
591	0.55073500	0.53200200	0.01873330
592	0.55094600	0.53220400	0.01874190
593	0.55124100	0.53249000	0.01875060
594	0.55159800	0.53283900	0.01875870
595	0.55204000	0.53327300	0.01876640
596	0.55253000	0.53375600	0.01877420
597	0.55307300	0.53429000	0.01878330
598	0.55363500	0.53484100	0.01879460
599	0.55418700	0.53537900	0.01880810
600	0.55470700	0.53588300	0.01882340
601	0.55519800	0.53635700	0.01884030
602	0.55566500	0.53680500	0.01885920
603	0.55613600	0.53725700	0.01887920
604	0.55663500	0.53773400	0.01890010
605	0.55717500	0.53825400	0.01892150
606	0.55779300	0.53885000	0.01894330
607	0.55849500	0.53953000	0.01896550
608	0.55932400	0.54033600	0.01898740
609	0.56031500	0.54130500	0.01900930
610	0.56148400	0.54245200	0.01903170
611	0.56281800	0.54376300	0.01905480
612	0.56429300	0.54521400	0.01907840
613	0.56588500	0.54678300	0.01910250
614	0.56760500	0.54847700	0.01912790
615	0.56944400	0.55029000	0.01915460
616	0.57138900	0.55220500	0.01918360
617	0.57341600	0.55420000	0.01921560
618	0.57551500	0.55626300	0.01925160
619	0.57763300	0.55834200	0.01929170
620	0.57976000	0.56042400	0.01933650
621	0.58188900	0.56250200	0.01938740
622	0.58402900	0.56458500	0.01944440
623	0.58617500	0.56666800	0.01950670
624	0.58832600	0.56875200	0.01957390
625	0.59047900	0.57083400	0.01964540
626	0.59261900	0.57289800	0.01972080
627	0.59476000	0.57496000	0.01979960
628	0.59689300	0.57701300	0.01988020
629	0.59897700	0.57901500	0.01996150
630	0.60097700	0.58093500	0.02004260
631	0.60286300	0.58274000	0.02012270
632	0.60461600	0.58441500	0.02020070
633	0.60621300	0.58593800	0.02027570
634	0.60763600	0.58728900	0.02034660
635	0.60883900	0.58842700	0.02041230
636	0.60983800	0.58936700	0.02047170
637	0.61065700	0.59013300	0.02052380
638	0.61133500	0.59076600	0.02056850
639	0.61190000	0.59129300	0.02060630
640	0.61236900	0.59173200	0.02063720
641	0.61275000	0.59208900	0.02066100
642	0.61303300	0.59235600	0.02067770
643	0.61325900	0.59257100	0.02068810
644	0.61345600	0.59276300	0.02069290
645	0.61365000	0.59295800	0.02069240
646	0.61386900	0.59318300	0.02068630
647	0.61411600	0.59344200	0.02067400
648	0.61439800	0.59374200	0.02065600
649	0.61470100	0.59406700	0.02063360
650	0.61498400	0.59437700	0.02060650
651	0.61520300	0.59462900	0.02057440
652	0.61529700	0.59476100	0.02053660
653	0.61524000	0.59474700	0.02049310
654	0.61503700	0.59459200	0.02044440
655	0.61468700	0.59429600	0.02039080
656	0.61416600	0.59383400	0.02033170
657	0.61349900	0.59323200	0.02026720
658	0.61265500	0.59245700	0.02019750
659	0.61165700	0.59153400	0.02012300
660	0.61049500	0.59045000	0.02004470
661	0.60919800	0.58923500	0.01996290
662	0.60779500	0.58791600	0.01987910
663	0.60635000	0.58655500	0.01979520
664	0.60490100	0.58518800	0.01971300
665	0.60349100	0.58385700	0.01963430
666	0.60216000	0.58260000	0.01956050
667	0.60095600	0.58146400	0.01949220
668	0.59991900	0.58048900	0.01943020
669	0.59906100	0.57968700	0.01937390
670	0.59840500	0.57908200	0.01932310
671	0.59795100	0.57867400	0.01927740
672	0.59767400	0.57843800	0.01923640
673	0.59754500	0.57834600	0.01919940
674	0.59757100	0.57840500	0.01916620
675	0.59776300	0.57862700	0.01913570
676	0.59813300	0.57902600	0.01910690
677	0.59869000	0.57961000	0.01907950
678	0.59946800	0.58041500	0.01905350
679	0.60045600	0.58142700	0.01902890
680	0.60165500	0.58264900	0.01900510
681	0.60303400	0.58405300	0.01898120
682	0.60455900	0.58560300	0.01895620
683	0.60617200	0.58724200	0.01892910
684	0.60783000	0.58892900	0.01890050
685	0.60948600	0.59061700	0.01886940
686	0.61111900	0.59228300	0.01883580
687	0.61270100	0.59390200	0.01879960
688	0.61422700	0.59546500	0.01876140
689	0.61569700	0.59697500	0.01872250
690	0.61712500	0.59844100	0.01868340
691	0.61852500	0.59988000	0.01864500
692	0.61993600	0.60132700	0.01860850
693	0.62136500	0.60279100	0.01857340
694	0.62280900	0.60426900	0.01854010
695	0.62425300	0.60574400	0.01850960
696	0.62569000	0.60720700	0.01848270
697	0.62708300	0.60862300	0.01845980
698	0.62841900	0.60997700	0.01844140
699	0.62971000	0.61128200	0.01842810
700	0.63097300	0.61255300	0.01842010
701	0.63222900	0.61381200	0.01841730
702	0.63349000	0.61507100	0.01841900
703	0.63476600	0.61634000	0.01842530
704	0.63606000	0.61762500	0.01843570
705	0.63742000	0.61897200	0.01844830
706	0.63888400	0.62042200	0.01846200
707	0.64048400	0.62200600	0.01847770
708	0.64221000	0.62371500	0.01849480
709	0.64400100	0.62548800	0.01851290
710	0.64579900	0.62726600	0.01853270
711	0.64756300	0.62900900	0.01855380
712	0.64923500	0.63065900	0.01857580
713	0.65080500	0.63220700	0.01859810
714	0.65222700	0.63360600	0.01862040
715	0.65349600	0.63485400	0.01864130
716	0.65457200	0.63591100	0.01866160
717	0.65543800	0.63675700	0.01868080
718	0.65604100	0.63734100	0.01869940
719	0.65634100	0.63762400	0.01871730
720	0.65635000	0.63761500	0.01873490
721	0.65606700	0.63731600	0.01875140
722	0.65545900	0.63669200	0.01876700
723	0.65450300	0.63572100	0.01878220
724	0.65316700	0.63437100	0.01879640
725	0.65144500	0.63263600	0.01880940
726	0.64933200	0.63051000	0.01882160
727	0.64684500	0.62801200	0.01883330
728	0.64403300	0.62518800	0.01884480
729	0.64094200	0.62208600	0.01885610
730	0.63761500	0.61874700	0.01886740
731	0.63409500	0.61521600	0.01887910
732	0.63045200	0.61156000	0.01889140
733	0.62671000	0.60780500	0.01890490
734	0.62290800	0.60398800	0.01891980
735	0.61905700	0.60012000	0.01893680
736	0.61517900	0.59622300	0.01895610
737	0.61128400	0.59230600	0.01897760
738	0.60739000	0.58838800	0.01900160
739	0.60349100	0.58446300	0.01902810
740	0.59956600	0.58050800	0.01905810
741	0.59560700	0.57651600	0.01909080
742	0.59162400	0.57249800	0.01912660
743	0.58761000	0.56844500	0.01916500
744	0.58357600	0.56437100	0.01920520
745	0.57954600	0.56029900	0.01924710
746	0.57554900	0.55625800	0.01929140
747	0.57162000	0.55228300	0.01933630
748	0.56776800	0.54838700	0.01938090
749	0.56399700	0.54457300	0.01942360
750	0.56031100	0.54084900	0.01946210
751	0.55670100	0.53720500	0.01949580
752	0.55316000	0.53363400	0.01952530
753	0.54968700	0.53013700	0.01955020
754	0.54627600	0.52670500	0.01957110
755	0.54290100	0.52331400	0.01958740
756	0.53949400	0.51989500	0.01959830
757	0.53607800	0.51647400	0.01960420
758	0.53262900	0.51302400	0.01960510
759	0.52918700	0.50958500	0.01960200
760	0.52577100	0.50617500	0.01959610
761	0.52242200	0.50283500	0.01958760
762	0.51920700	0.49963000	0.01957710
763	0.51614900	0.49658300	0.01956650
764	0.51316900	0.49361200	0.01955680
765	0.51026800	0.49072000	0.01954790
766	0.50739700	0.48785700	0.01953990
767	0.50458100	0.48504700	0.01953360
768	0.50175900	0.48222900	0.01953020
769	0.49895300	0.47942500	0.01952790
770	0.49615200	0.47662500	0.01952690
771	0.49338900	0.47386300	0.01952640
772	0.49063300	0.47110700	0.01952610
773	0.48793900	0.46841300	0.01952570
774	0.48532800	0.46580100	0.01952720
775	0.48284000	0.46331300	0.01952720
776	0.48044900	0.46092300	0.01952570
777	0.47825100	0.45872900	0.01952150
778	0.47620600	0.45669000	0.01951590
779	0.47435100	0.45484000	0.01951060
780	0.47262900	0.45312400	0.01950490
781	0.47107400	0.45157700	0.01949740
782	0.46967500	0.45018600	0.01948890
783	0.46844200	0.44896200	0.01947990
784	0.46735500	0.44788500	0.01947020
785	0.46638300	0.44692200	0.01946020
786	0.46553600	0.44608600	0.01944990
787	0.46479900	0.44536000	0.01943930
788	0.46413000	0.44470100	0.01942870
789	0.46357100	0.44415300	0.01941810
790	0.46321000	0.44380300	0.01940740
791	0.46307400	0.44367700	0.01939710
792	0.46317100	0.44378500	0.01938650
793	0.46350700	0.44413200	0.01937490
794	0.46405400	0.44469200	0.01936290
795	0.46482200	0.44547100	0.01935090
796	0.46577600	0.44643700	0.01933880
797	0.46688000	0.44755300	0.01932670
798	0.46809300	0.44877900	0.01931370
799	0.46936000	0.45006100	0.01929860
800	0.47068200	0.45140200	0.01928020
801	0.47202900	0.45277000	0.01925840
802	0.47338200	0.45414900	0.01923310
803	0.47472200	0.45551800	0.01920410
804	0.47605700	0.45688600	0.01917140
805	0.47735800	0.45822300	0.01913560
806	0.47861600	0.45951900	0.01909670
807	0.47982400	0.46076900	0.01905520
808	0.48100200	0.46199000	0.01901190
809	0.48217500	0.46320700	0.01896740
810	0.48339100	0.46446800	0.01892220
811	0.48467600	0.46579900	0.01887730
812	0.48603000	0.46719700	0.01883350
813	0.48742800	0.46863700	0.01879130
814	0.48878400	0.47003200	0.01875160
815	0.49002200	0.47130700	0.01871520
816	0.49106200	0.47237900	0.01868290
817	0.49185600	0.47320000	0.01865570
818	0.49240300	0.47376900	0.01863450
819	0.49272300	0.47410400	0.01861910
820	0.49287100	0.47426200	0.01860910
821	0.49295300	0.47434900	0.01860380
822	0.49297900	0.47437700	0.01860200
823	0.49299200	0.47438900	0.01860220
824	0.49300500	0.47440100	0.01860360
825	0.49304400	0.47443900	0.01860560
826	0.49313900	0.47453100	0.01860740
827	0.49331200	0.47470300	0.01860860
828	0.49358600	0.47497600	0.01860910
829	0.49396200	0.47535200	0.01860930
830	0.49445300	0.47584300	0.01860940
831	0.49508700	0.47647700	0.01860980
832	0.49587800	0.47726700	0.01861030
833	0.49685200	0.47824200	0.01861040
834	0.49796300	0.47935300	0.01861030
835	0.49926500	0.48065500	0.01861000
836	0.50077300	0.48216400	0.01860920
837	0.50255700	0.48394900	0.01860760
838	0.50462800	0.48602300	0.01860450
839	0.50701600	0.48841800	0.01859860
840	0.50967000	0.49108100	0.01858900
841	0.51256200	0.49398600	0.01857580
842	0.51559700	0.49703700	0.01855970
843	0.51872100	0.50017900	0.01854170
844	0.52181100	0.50328900	0.01852200
845	0.52483800	0.50633700	0.01850060
846	0.52776200	0.50928500	0.01847730
847	0.53062700	0.51217500	0.01845220
848	0.53342900	0.51500200	0.01842680
849	0.53619900	0.51779700	0.01840140
850	0.53893100	0.52055400	0.01837660
851	0.54158700	0.52323400	0.01835270
852	0.54414400	0.52581500	0.01832870
853	0.54661000	0.52830500	0.01830480
854	0.54896600	0.53068400	0.01828200
855	0.55125000	0.53298900	0.01826070
856	0.55347200	0.53523100	0.01824090
857	0.55560000	0.53737700	0.01822250
858	0.55758400	0.53937900	0.01820540
859	0.55942500	0.54123500	0.01819010
860	0.56111300	0.54293700	0.01817680
861	0.56261300	0.54444800	0.01816560
862	0.56393000	0.54577400	0.01815640
863	0.56508600	0.54693600	0.01814920
864	0.56610400	0.54796000	0.01814360
865	0.56707200	0.54893200	0.01813980
866	0.56799800	0.54986000	0.01813760
867	0.56889200	0.55075500	0.01813670
868	0.56974000	0.55160400	0.01813660
869	0.57053200	0.55239600	0.01813640
870	0.57126300	0.55312700	0.01813570
871	0.57192600	0.55379100	0.01813470
872	0.57252300	0.55439000	0.01813310
873	0.57303400	0.55490300	0.01813110
874	0.57343800	0.55530900	0.01812910
875	0.57371000	0.55558300	0.01812730
876	0.57386400	0.55573900	0.01812530
877	0.57392000	0.55579700	0.01812270
878	0.57389600	0.55577700	0.01811900
879	0.57380300	0.55568900	0.01811350
880	0.57362700	0.55552100	0.01810630
881	0.57335800	0.55526100	0.01809720
882	0.57298100	0.55489400	0.01808660
883	0.57248900	0.55441400	0.01807430
884	0.57189400	0.55383400	0.01806070
885	0.57125000	0.55320300	0.01804700
886	0.57060500	0.55257100	0.01803360
887	0.57002400	0.55200300	0.01802080
888	0.56956900	0.55155900	0.01800970
889	0.56930200	0.55130100	0.01800070
890	0.56923700	0.55124200	0.01799460
891	0.56936500	0.55137400	0.01799170
892	0.56965200	0.55166000	0.01799210
893	0.57009100	0.55209600	0.01799540
894	0.57062200	0.55262100	0.01800160
895	0.57125400	0.55324300	0.01801110
896	0.57194700	0.55392300	0.01802400
897	0.57270200	0.55466100	0.01804040
898	0.57352000	0.55545900	0.01806050
899	0.57443700	0.55635200	0.01808420
900	0.57546000	0.55734800	0.01811220
901	0.57659200	0.55844900	0.01814320
902	0.57783200	0.55965600	0.01817640
903	0.57914900	0.56093600	0.01821300
904	0.58054400	0.56229200	0.01825240
905	0.58197100	0.56367800	0.01829300
906	0.58342000	0.56508500	0.01833440
907	0.58485800	0.56648200	0.01837610
908	0.58626300	0.56784500	0.01841760
909	0.58759400	0.56913600	0.01845770
910	0.58884700	0.57035100	0.01849580
911	0.58999500	0.57146300	0.01853230
912	0.59104600	0.57247800	0.01856770
913	0.59199100	0.57338900	0.01860220
914	0.59284400	0.57420700	0.01863670
915	0.59360400	0.57493400	0.01867000
916	0.59430200	0.57560000	0.01870210
917	0.59494400	0.57621100	0.01873290
918	0.59556600	0.57680300	0.01876330
919	0.59616800	0.57737500	0.01879360
920	0.59677900	0.57795400	0.01882530
921	0.59739700	0.57854000	0.01885770
922	0.59803800	0.57914700	0.01889070
923	0.59871500	0.57979000	0.01892510
924	0.59943300	0.58047200	0.01896010
925	0.60021900	0.58122300	0.01899570
926	0.60104600	0.58201500	0.01903160
927	0.60191800	0.58285000	0.01906830
928	0.60279500	0.58368900	0.01910580
929	0.60367900	0.58453400	0.01914470
930	0.60454200	0.58535800	0.01918460
931	0.60539600	0.58617000	0.01922540
932	0.60620200	0.58693600	0.01926600
933	0.60696500	0.58766000	0.01930530
934	0.60765300	0.58831000	0.01934320
935	0.60824300	0.58886300	0.01937930
936	0.60871900	0.58930600	0.01941350
937	0.60909300	0.58964800	0.01944520
938	0.60937600	0.58990100	0.01947460
939	0.60960800	0.59010700	0.01950080
940	0.60983700	0.59031300	0.01952390
941	0.61013600	0.59059300	0.01954370
942	0.61051800	0.59095800	0.01955990
943	0.61099100	0.59141800	0.01957280
944	0.61157200	0.59198900	0.01958280
945	0.61223900	0.59264900	0.01959010
946	0.61298000	0.59338600	0.01959400
947	0.61374300	0.59414800	0.01959440
948	0.61451600	0.59492400	0.01959210
949	0.61530500	0.59571700	0.01958780
950	0.61609100	0.59650900	0.01958180
951	0.61685800	0.59728400	0.01957410
952	0.61758100	0.59801700	0.01956480
953	0.61823100	0.59867700	0.01955370
954	0.61877700	0.59923600	0.01954080
955	0.61916400	0.59963800	0.01952680
956	0.61937700	0.59986600	0.01951130
957	0.61936100	0.59986700	0.01949450
958	0.61911400	0.59963800	0.01947630
959	0.61863600	0.59918000	0.01945630
960	0.61793700	0.59850200	0.01943440
961	0.61703800	0.59762700	0.01941050
962	0.61592800	0.59654400	0.01938430
963	0.61463700	0.59528100	0.01935600
964	0.61316600	0.59384100	0.01932560
965	0.61153300	0.59223900	0.01929410
966	0.60973000	0.59046800	0.01926210
967	0.60778100	0.58855200	0.01922920
968	0.60570200	0.58650700	0.01919510
969	0.60354900	0.58439000	0.01915910
970	0.60134500	0.58222400	0.01912100
971	0.59913300	0.58005200	0.01908060
972	0.59692400	0.57788600	0.01903790
973	0.59475000	0.57575700	0.01899330
974	0.59264700	0.57370000	0.01894710
975	0.59063600	0.57173600	0.01889970
976	0.58875500	0.56990300	0.01885180
977	0.58699400	0.56819100	0.01880320
978	0.58534600	0.56659200	0.01875360
979	0.58380400	0.56510000	0.01870360
980	0.58233900	0.56368600	0.01865300
981	0.58092600	0.56232400	0.01860220
982	0.57956100	0.56100900	0.01855200
983	0.57826400	0.55976100	0.01850300
984	0.57703700	0.55858200	0.01845490
985	0.57590700	0.55749900	0.01840780
986	0.57490500	0.55654400	0.01836140
987	0.57406200	0.55574600	0.01831580
988	0.57339200	0.55512100	0.01827170
989	0.57289300	0.55466400	0.01822870
990	0.57254100	0.55435300	0.01818740
991	0.57230200	0.55415300	0.01814870
992	0.57216000	0.55404900	0.01811180
993	0.57208700	0.55401200	0.01807560
994	0.57208700	0.55404700	0.01804020
995	0.57217500	0.55417000	0.01800560
996	0.57236400	0.55439300	0.01797120
997	0.57262000	0.55468300	0.01793670
998	0.57292800	0.55502600	0.01790170
999	0.57326800	0.55540200	0.01786600
1000	0.57366200	0.55583200	0.01783020
1001	0.57409600	0.55630100	0.01779460
1002	0.57456000	0.55680100	0.01775880
1003	0.57499600	0.55727300	0.01772280
1004	0.57538600	0.55770000	0.01768660
1005	0.57570400	0.55805300	0.01765080
1006	0.57596800	0.55835300	0.01761530
1007	0.57619600	0.55861600	0.01758000
1008	0.57642000	0.55887500	0.01754530
1009	0.57664900	0.55913700	0.01751140
1010	0.57691400	0.55943500	0.01747890
1011	0.57720700	0.55975800	0.01744830
1012	0.57754700	0.56012700	0.01741970
1013	0.57793300	0.56053900	0.01739370
1014	0.57837700	0.56100600	0.01737060
1015	0.57886200	0.56151100	0.01735080
1016	0.57939400	0.56206000	0.01733410
1017	0.57995900	0.56263800	0.01732030
1018	0.58054800	0.56323900	0.01730890
1019	0.58110700	0.56380800	0.01729970
1020	0.58164400	0.56435100	0.01729250
1021	0.58212400	0.56483600	0.01728760
1022	0.58256100	0.56527600	0.01728510
1023	0.58291900	0.56563400	0.01728480
1024	0.58319400	0.56590700	0.01728630
1025	0.58338200	0.56609300	0.01728970
1026	0.58350200	0.56620700	0.01729460
1027	0.58357800	0.56627700	0.01730130
1028	0.58364500	0.56633500	0.01731030
1029	0.58374100	0.56641900	0.01732200
1030	0.58388100	0.56654600	0.01733590
1031	0.58407500	0.56672300	0.01735170
1032	0.58432500	0.56695700	0.01736830
1033	0.58462200	0.56723600	0.01738670
1034	0.58495100	0.56754300	0.01740770
1035	0.58532500	0.56789400	0.01743100
1036	0.58572800	0.56827100	0.01745650
1037	0.58615600	0.56867100	0.01748510
1038	0.58657600	0.56906000	0.01751660
1039	0.58699400	0.56944500	0.01754960
1040	0.58739200	0.56980800	0.01758450
1041	0.58779700	0.57017500	0.01762200
1042	0.58818800	0.57052700	0.01766150
1043	0.58857100	0.57087000	0.01770160
1044	0.58891700	0.57117500	0.01774230
1045	0.58922000	0.57143500	0.01778500
1046	0.58945200	0.57162200	0.01783090
1047	0.58961800	0.57173800	0.01788040
1048	0.58968600	0.57175200	0.01793380
1049	0.58965300	0.57166300	0.01799060
1050	0.58952100	0.57147000	0.01805040
1051	0.58930400	0.57119100	0.01811310
1052	0.58899800	0.57081900	0.01817850
1053	0.58861500	0.57037000	0.01824530
1054	0.58815400	0.56984200	0.01831270
1055	0.58762500	0.56924600	0.01837870
1056	0.58702400	0.56858200	0.01844210
1057	0.58636400	0.56786300	0.01850140
1058	0.58565200	0.56709500	0.01855640
1059	0.58487500	0.56626800	0.01860670
1060	0.58402500	0.56537200	0.01865280
1061	0.58310100	0.56440700	0.01869440
1062	0.58211100	0.56338000	0.01873120
1063	0.58107200	0.56230900	0.01876290
1064	0.57997600	0.56118700	0.01878880
1065	0.57883400	0.56002500	0.01880820
1066	0.57764100	0.55882100	0.01882070
1067	0.57641000	0.55758400	0.01882620
1068	0.57514900	0.55632300	0.01882570
1069	0.57387300	0.55505400	0.01881900
1070	0.57257600	0.55377000	0.01880620
1071	0.57124000	0.55245200	0.01878780
1072	0.56982300	0.55105800	0.01876470
1073	0.56834200	0.54960500	0.01873710
1074	0.56677300	0.54806900	0.01870480
1075	0.56513300	0.54646500	0.01866790
1076	0.56339300	0.54476600	0.01862700
1077	0.56156100	0.54297800	0.01858300
1078	0.55966500	0.54112900	0.01853620
1079	0.55773400	0.53924600	0.01848740
1080	0.55579800	0.53736100	0.01843710
1081	0.55387100	0.53548600	0.01838590
1082	0.55193000	0.53359600	0.01833450
1083	0.54999100	0.53170700	0.01828410
1084	0.54805700	0.52982100	0.01823520
1085	0.54612500	0.52793700	0.01818790
1086	0.54417300	0.52603100	0.01814190
1087	0.54220600	0.52410900	0.01809700
1088	0.54022300	0.52216900	0.01805330
1089	0.53823100	0.52022000	0.01801020
1090	0.53622800	0.51826000	0.01796750
1091	0.53424900	0.51632400	0.01792520
1092	0.53232200	0.51443800	0.01788400
1093	0.53048300	0.51263800	0.01784440
1094	0.52870400	0.51089700	0.01780640
1095	0.52698700	0.50921700	0.01777050
1096	0.52526800	0.50753100	0.01773730
1097	0.52354200	0.50583500	0.01770720
1098	0.52176700	0.50408600	0.01768090
1099	0.51996200	0.50230300	0.01765860
1100	0.51809000	0.50045000	0.01764010
1101	0.51618500	0.49856000	0.01762500
1102	0.51424500	0.49663100	0.01761440
1103	0.51228700	0.49467900	0.01760800
1104	0.51033800	0.49273300	0.01760570
1105	0.50842700	0.49082100	0.01760630
1106	0.50660000	0.48899000	0.01761000
1107	0.50487600	0.48725900	0.01761740
1108	0.50330700	0.48567900	0.01762820
1109	0.50189800	0.48425700	0.01764100
1110	0.50064900	0.48299300	0.01765590
1111	0.49955000	0.48187800	0.01767170
1112	0.49857700	0.48088900	0.01768790
1113	0.49770100	0.47999600	0.01770520
1114	0.49690200	0.47917900	0.01772300
1115	0.49616100	0.47842000	0.01774120
1116	0.49544800	0.47768900	0.01775920
1117	0.49473000	0.47695200	0.01777770
1118	0.49396700	0.47617000	0.01779690
1119	0.49312900	0.47531200	0.01781670
1120	0.49219300	0.47435600	0.01783670
1121	0.49115300	0.47329600	0.01785630
1122	0.48997800	0.47210400	0.01787430
1123	0.48869200	0.47080200	0.01789030
1124	0.48728400	0.46938000	0.01790430
1125	0.48576200	0.46784600	0.01791580
1126	0.48410700	0.46618200	0.01792450
1127	0.48233400	0.46440300	0.01793090
1128	0.48041600	0.46248100	0.01793490
1129	0.47839500	0.46045800	0.01793670
1130	0.47629300	0.45835700	0.01793600
1131	0.47416000	0.45622800	0.01793240
1132	0.47201400	0.45408900	0.01792530
1133	0.46991400	0.45200000	0.01791440
1134	0.46787200	0.44997200	0.01789970
1135	0.46592200	0.44804100	0.01788140
1136	0.46405000	0.44619100	0.01785930
1137	0.46233300	0.44449900	0.01783340
1138	0.46078300	0.44298000	0.01780350
1139	0.45946200	0.44169200	0.01776980
1140	0.45836500	0.44063200	0.01773220
1141	0.45747700	0.43978600	0.01769100
1142	0.45674100	0.43909400	0.01764660
1143	0.45616600	0.43856700	0.01759950
1144	0.45572400	0.43817300	0.01755060
1145	0.45543200	0.43793200	0.01750040
1146	0.45528200	0.43783300	0.01744960
1147	0.45527700	0.43787800	0.01739850
1148	0.45541500	0.43806800	0.01734760
1149	0.45570900	0.43841100	0.01729740
1150	0.45613900	0.43889100	0.01724840
1151	0.45669700	0.43949600	0.01720090
1152	0.45737500	0.44022000	0.01715510
1153	0.45817300	0.44106100	0.01711220
1154	0.45908400	0.44201200	0.01707230
1155	0.46012100	0.44308500	0.01703560
1156	0.46129600	0.44429400	0.01700240
1157	0.46261300	0.44563900	0.01697310
1158	0.46406700	0.44712000	0.01694720
1159	0.46563000	0.44870600	0.01692380
1160	0.46726400	0.45036100	0.01690280
1161	0.46893200	0.45204800	0.01688390
1162	0.47059200	0.45372600	0.01686630
1163	0.47220900	0.45536000	0.01684960
1164	0.47374100	0.45690800	0.01683360
1165	0.47517600	0.45835800	0.01681810
1166	0.47650200	0.45969900	0.01680240
1167	0.47771200	0.46092500	0.01678650
1168	0.47880800	0.46203700	0.01677120
1169	0.47980200	0.46304600	0.01675620
1170	0.48071600	0.46397500	0.01674150
1171	0.48157900	0.46485100	0.01672780
1172	0.48240900	0.46569400	0.01671520
1173	0.48323000	0.46652700	0.01670370
1174	0.48407000	0.46737600	0.01669360
1175	0.48497100	0.46828500	0.01668590
1176	0.48592900	0.46924800	0.01668040
1177	0.48693600	0.47025900	0.01667710
1178	0.48798000	0.47130400	0.01667590
1179	0.48906000	0.47238300	0.01667700
1180	0.49015100	0.47347100	0.01668040
1181	0.49128600	0.47460000	0.01668660
1182	0.49243800	0.47574200	0.01669660
1183	0.49361600	0.47690600	0.01671000
1184	0.49479200	0.47806600	0.01672670
1185	0.49596400	0.47921700	0.01674660
1186	0.49709800	0.48032900	0.01676930
1187	0.49821400	0.48142000	0.01679430
1188	0.49929600	0.48247400	0.01682120
1189	0.50036500	0.48351500	0.01685000
1190	0.50140800	0.48452700	0.01688020
1191	0.50243800	0.48552600	0.01691180
1192	0.50345800	0.48651500	0.01694340
1193	0.50449800	0.48752300	0.01697430
1194	0.50557500	0.48857100	0.01700400
1195	0.50672600	0.48969400	0.01703230
1196	0.50796200	0.49090300	0.01705930
1197	0.50931200	0.49222600	0.01708540
1198	0.51076500	0.49365500	0.01711040
1199	0.51233600	0.49520200	0.01713400
1200	0.51401100	0.49685500	0.01715660
1201	0.51578000	0.49860200	0.01717850
1202	0.51760800	0.50040800	0.01719920
1203	0.51947300	0.50225400	0.01721930
1204	0.52131000	0.50407200	0.01723810
1205	0.52311200	0.50585700	0.01725570
1206	0.52481500	0.50754300	0.01727220
1207	0.52638400	0.50909600	0.01728750
1208	0.52775500	0.51045300	0.01730170
1209	0.52891900	0.51160400	0.01731490
1210	0.52983600	0.51250800	0.01732730
1211	0.53050600	0.51316700	0.01733860
1212	0.53091400	0.51356500	0.01734870
1213	0.53108000	0.51372200	0.01735770
1214	0.53099500	0.51363000	0.01736530
1215	0.53070600	0.51333400	0.01737160
1216	0.53020500	0.51282800	0.01737690
1217	0.52950400	0.51212300	0.01738090
1218	0.52859800	0.51121400	0.01738390
1219	0.52749300	0.51010700	0.01738550
1220	0.52618600	0.50880000	0.01738600
1221	0.52469500	0.50730900	0.01738560
1222	0.52304900	0.50566500	0.01738440
1223	0.52127400	0.50389200	0.01738200
1224	0.51939700	0.50201900	0.01737810
1225	0.51743300	0.50006000	0.01737290
1226	0.51540700	0.49804000	0.01736670
1227	0.51333000	0.49597100	0.01735960
1228	0.51123500	0.49388200	0.01735250
1229	0.50912700	0.49178200	0.01734560
1230	0.50706000	0.48972200	0.01733840
1231	0.50506000	0.48772900	0.01733150
1232	0.50317000	0.48584500	0.01732540
1233	0.50140200	0.48408300	0.01731950
1234	0.49978300	0.48246900	0.01731340
1235	0.49832000	0.48101200	0.01730740
1236	0.49700400	0.47970400	0.01730070
1237	0.49582300	0.47853100	0.01729230
1238	0.49476300	0.47748000	0.01728250
1239	0.49380900	0.47653800	0.01727030
1240	0.49294700	0.47569100	0.01725570
1241	0.49216800	0.47493000	0.01723810
1242	0.49147200	0.47425400	0.01721790
1243	0.49086500	0.47367000	0.01719550
1244	0.49034000	0.47316900	0.01717150
1245	0.48990000	0.47275300	0.01714690
1246	0.48954300	0.47242000	0.01712210
1247	0.48925600	0.47215800	0.01709780
1248	0.48904900	0.47197500	0.01707420
1249	0.48891000	0.47185900	0.01705110
1250	0.48884900	0.47182000	0.01702870
1251	0.48886300	0.47185500	0.01700740
1252	0.48895500	0.47196800	0.01698710
1253	0.48911100	0.47214300	0.01696790
1254	0.48931800	0.47236800	0.01694930
1255	0.48956200	0.47263000	0.01693200
1256	0.48983600	0.47292100	0.01691460
1257	0.49013500	0.47323900	0.01689670
1258	0.49046900	0.47359100	0.01687800
1259	0.49083200	0.47397400	0.01685850
1260	0.49121000	0.47437100	0.01683850
1261	0.49158100	0.47476300	0.01681810
1262	0.49193800	0.47514100	0.01679690
1263	0.49228800	0.47551300	0.01677570
1264	0.49263800	0.47588200	0.01675510
1265	0.49301000	0.47627400	0.01673620
1266	0.49341700	0.47669800	0.01671850
1267	0.49387600	0.47717500	0.01670130
1268	0.49437500	0.47769100	0.01668470
1269	0.49491400	0.47824500	0.01666930
1270	0.49549700	0.47884200	0.01665500
1271	0.49613200	0.47949100	0.01664140
1272	0.49682000	0.48019200	0.01662890
1273	0.49755100	0.48093400	0.01661740
1274	0.49831100	0.48170400	0.01660730
1275	0.49909500	0.48249600	0.01659920
1276	0.49988800	0.48329500	0.01659310
1277	0.50067400	0.48408500	0.01658930
1278	0.50142100	0.48483300	0.01658820
1279	0.50210300	0.48551300	0.01658970
1280	0.50270700	0.48611400	0.01659340
1281	0.50321900	0.48662000	0.01659960
1282	0.50360400	0.48699600	0.01660790
1283	0.50384900	0.48723000	0.01661880
1284	0.50395000	0.48731700	0.01663270
1285	0.50392500	0.48727600	0.01664890
1286	0.50380300	0.48713700	0.01666640
1287	0.50362800	0.48694400	0.01668430
1288	0.50347200	0.48677000	0.01670200
1289	0.50340500	0.48668500	0.01671990
1290	0.50345100	0.48671200	0.01673840
1291	0.50363800	0.48688000	0.01675740
1292	0.50397200	0.48719500	0.01677690
1293	0.50441800	0.48762100	0.01679730
1294	0.50493100	0.48811300	0.01681810
1295	0.50547600	0.48863700	0.01683870
1296	0.50599800	0.48914000	0.01685870
1297	0.50646700	0.48958800	0.01687810
1298	0.50687400	0.48997600	0.01689810
1299	0.50719600	0.49027700	0.01691920
1300	0.50742900	0.49048700	0.01694160
1301	0.50757800	0.49061300	0.01696460
1302	0.50763700	0.49064900	0.01698760
1303	0.50761600	0.49060600	0.01701030
1304	0.50749200	0.49045900	0.01703310
1305	0.50728900	0.49023400	0.01705530
1306	0.50700100	0.48992400	0.01707710
1307	0.50663200	0.48953300	0.01709870
1308	0.50617100	0.48905100	0.01711990
1309	0.50562000	0.48848000	0.01713990
1310	0.50497200	0.48781300	0.01715910
1311	0.50422100	0.48704300	0.01717770
1312	0.50335600	0.48616000	0.01719630
1313	0.50236300	0.48514900	0.01721440
1314	0.50123700	0.48400600	0.01723180
1315	0.49999400	0.48274600	0.01724790
1316	0.49864700	0.48138500	0.01726260
1317	0.49720500	0.47992800	0.01727640
1318	0.49565800	0.47836800	0.01728980
1319	0.49401500	0.47671200	0.01730240
1320	0.49228200	0.47496900	0.01731330
1321	0.49048000	0.47315700	0.01732280
1322	0.48860900	0.47127800	0.01733060
1323	0.48666800	0.46933100	0.01733780
1324	0.48465600	0.46731100	0.01734470
1325	0.48258000	0.46522900	0.01735100
1326	0.48044500	0.46308900	0.01735610
1327	0.47826800	0.46090900	0.01735930
1328	0.47607200	0.45871000	0.01736200
1329	0.47385800	0.45649300	0.01736450
1330	0.47165400	0.45428700	0.01736660
1331	0.46947600	0.45210800	0.01736810
1332	0.46736300	0.44999400	0.01736860
1333	0.46530500	0.44793700	0.01736800
1334	0.46332100	0.44595500	0.01736610
1335	0.46139900	0.44403600	0.01736290
1336	0.45956200	0.44220300	0.01735880
1337	0.45779700	0.44044300	0.01735360
1338	0.45610600	0.43876000	0.01734670
1339	0.45448600	0.43714800	0.01733810
1340	0.45294300	0.43561500	0.01732810
1341	0.45147300	0.43415600	0.01731660
1342	0.45007300	0.43276900	0.01730350
1343	0.44873600	0.43144700	0.01728920
1344	0.44747400	0.43020000	0.01727400
1345	0.44630500	0.42904600	0.01725840
1346	0.44524100	0.42799900	0.01724270
1347	0.44430700	0.42707900	0.01722750
1348	0.44351300	0.42630000	0.01721270
1349	0.44286900	0.42567100	0.01719840
1350	0.44236400	0.42518000	0.01718470
1351	0.44199500	0.42482400	0.01717120
1352	0.44173200	0.42457400	0.01715830
1353	0.44157300	0.42442800	0.01714580
1354	0.44151400	0.42438100	0.01713380
1355	0.44154200	0.42441900	0.01712220
1356	0.44164000	0.42453000	0.01711070
1357	0.44180200	0.42470300	0.01709880
1358	0.44201200	0.42492600	0.01708600
1359	0.44226900	0.42519600	0.01707250
1360	0.44255600	0.42549800	0.01705870
1361	0.44287100	0.42582700	0.01704470
1362	0.44320200	0.42617100	0.01703080
1363	0.44353900	0.42652200	0.01701660
1364	0.44386100	0.42685900	0.01700170
1365	0.44416100	0.42717400	0.01698620
1366	0.44442400	0.42745400	0.01696950
1367	0.44465000	0.42769800	0.01695230
1368	0.44483000	0.42789600	0.01693440
1369	0.44496800	0.42805100	0.01691610
1370	0.44506800	0.42817000	0.01689780
1371	0.44514600	0.42826600	0.01687950
1372	0.44521100	0.42835000	0.01686170
1373	0.44526500	0.42842000	0.01684420
1374	0.44531300	0.42848600	0.01682710
1375	0.44537400	0.42856300	0.01681060
1376	0.44546000	0.42866500	0.01679480
1377	0.44558300	0.42880300	0.01677990
1378	0.44575500	0.42898900	0.01676580
1379	0.44597800	0.42922500	0.01675290
1380	0.44625000	0.42950800	0.01674130
1381	0.44656500	0.42983500	0.01673070
1382	0.44691600	0.43019500	0.01672100
1383	0.44728900	0.43057700	0.01671230
1384	0.44766700	0.43096300	0.01670460
1385	0.44802800	0.43133100	0.01669740
1386	0.44834800	0.43165800	0.01669030
1387	0.44861200	0.43192800	0.01668320
1388	0.44878400	0.43210700	0.01667630
1389	0.44884800	0.43217800	0.01666950
1390	0.44878600	0.43212400	0.01666210
1391	0.44860900	0.43195500	0.01665380
1392	0.44832600	0.43168200	0.01664390
1393	0.44795400	0.43132100	0.01663350
1394	0.44749700	0.43087400	0.01662320
1395	0.44697900	0.43036600	0.01661300
1396	0.44640600	0.42980400	0.01660270
1397	0.44581000	0.42921800	0.01659160
1398	0.44518200	0.42860100	0.01658020
1399	0.44454800	0.42797900	0.01656890
1400	0.44391200	0.42735400	0.01655770
1401	0.44329500	0.42674800	0.01654730
1402	0.44269200	0.42615500	0.01653740
1403	0.44212100	0.42559200	0.01652860
1404	0.44158700	0.42506500	0.01652180
1405	0.44109600	0.42457900	0.01651770
1406	0.44064700	0.42413000	0.01651690
1407	0.44024100	0.42372100	0.01651990
1408	0.43989700	0.42337000	0.01652690
1409	0.43964100	0.42310400	0.01653710
1410	0.43949600	0.42294600	0.01654990
1411	0.43947500	0.42291100	0.01656450
1412	0.43958700	0.42300700	0.01657980
1413	0.43983600	0.42324000	0.01659600
1414	0.44021900	0.42360600	0.01661270
1415	0.44071200	0.42408100	0.01663050
1416	0.44130400	0.42465500	0.01664890
1417	0.44196200	0.42529500	0.01666710
1418	0.44265700	0.42597200	0.01668510
1419	0.44334500	0.42664100	0.01670380
1420	0.44399100	0.42726700	0.01672400
1421	0.44457600	0.42783000	0.01674570
1422	0.44508100	0.42831200	0.01676870
1423	0.44550200	0.42870900	0.01679220
1424	0.44583300	0.42901700	0.01681560
1425	0.44608300	0.42924400	0.01683870
1426	0.44625800	0.42939700	0.01686080
1427	0.44639000	0.42950900	0.01688150
1428	0.44650800	0.42960800	0.01690020
1429	0.44664200	0.42972500	0.01691680
1430	0.44678400	0.42985300	0.01693160
1431	0.44696700	0.43002300	0.01694430
1432	0.44719700	0.43024200	0.01695500
1433	0.44749500	0.43053100	0.01696380
1434	0.44784800	0.43087700	0.01697080
1435	0.44826800	0.43129200	0.01697600
1436	0.44875100	0.43177200	0.01697950
1437	0.44932100	0.43234000	0.01698120
1438	0.44997500	0.43299400	0.01698120
1439	0.45071400	0.43373500	0.01697930
1440	0.45152800	0.43455200	0.01697600
1441	0.45241500	0.43544400	0.01697130
1442	0.45335800	0.43639200	0.01696580
1443	0.45434800	0.43738800	0.01695990
1444	0.45534800	0.43839400	0.01695380
1445	0.45633700	0.43939000	0.01694750
1446	0.45729000	0.44034800	0.01694140
1447	0.45819100	0.44125600	0.01693570
1448	0.45901600	0.44208600	0.01692980
1449	0.45973900	0.44281500	0.01692350
1450	0.46033300	0.44341600	0.01691670
1451	0.46079700	0.44388700	0.01691020
1452	0.46113000	0.44422600	0.01690380
1453	0.46136000	0.44446200	0.01689750
1454	0.46150100	0.44461000	0.01689080
1455	0.46159200	0.44470800	0.01688380
1456	0.46164500	0.44476900	0.01687640
1457	0.46168700	0.44481700	0.01686970
1458	0.46171900	0.44485500	0.01686420
1459	0.46175700	0.44489700	0.01686050
1460	0.46179300	0.44493500	0.01685840
1461	0.46183400	0.44497600	0.01685800
1462	0.46187300	0.44501400	0.01685930
1463	0.46190600	0.44504400	0.01686220
1464	0.46191800	0.44505100	0.01686650
1465	0.46191500	0.44504400	0.01687170
1466	0.46189700	0.44502000	0.01687750
1467	0.46187000	0.44498600	0.01688370
1468	0.46183300	0.44494200	0.01689050
1469	0.46179900	0.44490000	0.01689830
1470	0.46177300	0.44486600	0.01690730
1471	0.46176500	0.44484700	0.01691750
1472	0.46177100	0.44484200	0.01692890
1473	0.46179600	0.44485500	0.01694080
1474	0.46184100	0.44488800	0.01695320
1475	0.46191200	0.44494600	0.01696590
1476	0.46199600	0.44501800	0.01697850
1477	0.46208700	0.44509600	0.01699110
1478	0.46217800	0.44517500	0.01700320
1479	0.46227000	0.44525600	0.01701430
1480	0.46237200	0.44534800	0.01702420
1481	0.46248600	0.44545300	0.01703270
1482	0.46262000	0.44558000	0.01704010
1483	0.46278600	0.44574000	0.01704630
1484	0.46299700	0.44594600	0.01705080
1485	0.46327300	0.44622000	0.01705310
1486	0.46361000	0.44655700	0.01705340
1487	0.46402800	0.44697600	0.01705210
1488	0.46451900	0.44746900	0.01704950
1489	0.46510700	0.44806100	0.01704540
1490	0.46577900	0.44873900	0.01704010
1491	0.46654400	0.44951100	0.01703340
1492	0.46738400	0.45035800	0.01702520
1493	0.46829600	0.45128000	0.01701570
1494	0.46926600	0.45226100	0.01700520
1495	0.47028700	0.45329300	0.01699410
1496	0.47134300	0.45435900	0.01698410
1497	0.47241500	0.45544000	0.01697430
1498	0.47348200	0.45651700	0.01696470
1499	0.47454000	0.45758500	0.01695490
1500	0.47557300	0.45862800	0.01694500
1501	0.47657000	0.45963500	0.01693520
1502	0.47751200	0.46058700	0.01692550
1503	0.47839200	0.46147600	0.01691570
1504	0.47919500	0.46228900	0.01690620
1505	0.47992500	0.46302800	0.01689690
1506	0.48057500	0.46368700	0.01688780
1507	0.48115700	0.46427800	0.01687910
1508	0.48167000	0.46479900	0.01687090
1509	0.48212300	0.46526000	0.01686350
1510	0.48252000	0.46566200	0.01685710
1511	0.48287500	0.46602400	0.01685160
1512	0.48320200	0.46635500	0.01684670
1513	0.48350400	0.46666100	0.01684260
1514	0.48379800	0.46695900	0.01683900
1515	0.48407600	0.46724000	0.01683570
1516	0.48434900	0.46751700	0.01683240
1517	0.48461300	0.46778300	0.01682950
1518	0.48488100	0.46805500	0.01682660
1519	0.48514800	0.46832400	0.01682410
1520	0.48542600	0.46860400	0.01682230
1521	0.48570800	0.46888700	0.01682120
1522	0.48600600	0.46918500	0.01682110
1523	0.48631200	0.46949000	0.01682210
1524	0.48662500	0.46980100	0.01682410
1525	0.48694100	0.47011400	0.01682710
1526	0.48725300	0.47042200	0.01683150
1527	0.48756300	0.47072500	0.01683710
1528	0.48784800	0.47100400	0.01684390
1529	0.48809700	0.47124600	0.01685170
1530	0.48830900	0.47144900	0.01686030
1531	0.48849200	0.47162300	0.01686920
1532	0.48865800	0.47178000	0.01687820
1533	0.48882200	0.47193400	0.01688730
1534	0.48899700	0.47210100	0.01689600
1535	0.48920100	0.47229600	0.01690410
1536	0.48943200	0.47252100	0.01691120
1537	0.48970700	0.47279100	0.01691640
1538	0.49001900	0.47310000	0.01691960
1539	0.49037600	0.47345500	0.01692090
1540	0.49077400	0.47385400	0.01692030
1541	0.49122700	0.47430900	0.01691820
1542	0.49173500	0.47482000	0.01691460
1543	0.49232100	0.47541100	0.01690930
1544	0.49298000	0.47607800	0.01690260
1545	0.49373300	0.47683800	0.01689490
1546	0.49456300	0.47767700	0.01688670
1547	0.49547500	0.47859600	0.01687810
1548	0.49643000	0.47956000	0.01686990
1549	0.49742500	0.48056200	0.01686250
1550	0.49842000	0.48156400	0.01685570
1551	0.49940500	0.48255500	0.01684990
1552	0.50033200	0.48348700	0.01684460
1553	0.50119200	0.48435200	0.01684010
1554	0.50196000	0.48512300	0.01683670
1555	0.50264100	0.48580700	0.01683420
1556	0.50322000	0.48638700	0.01683270
1557	0.50369900	0.48686700	0.01683180
1558	0.50406200	0.48723100	0.01683120
1559	0.50432100	0.48749000	0.01683060
1560	0.50447000	0.48764000	0.01682990
1561	0.50451800	0.48768900	0.01682870
1562	0.50446800	0.48764100	0.01682720
1563	0.50434000	0.48751500	0.01682530
1564	0.50415100	0.48732800	0.01682320
1565	0.50392100	0.48710000	0.01682050
1566	0.50366700	0.48685000	0.01681710
1567	0.50340500	0.48659100	0.01681360
1568	0.50314500	0.48633600	0.01680960
1569	0.50289300	0.48608800	0.01680570
1570	0.50267000	0.48586800	0.01680200
1571	0.50248000	0.48568100	0.01679850
1572	0.50233400	0.48553900	0.01679530
1573	0.50222500	0.48543300	0.01679180
1574	0.50216500	0.48537600	0.01678840
1575	0.50213400	0.48534900	0.01678490
1576	0.50214200	0.48536100	0.01678160
1577	0.50217200	0.48539400	0.01677810
1578	0.50222900	0.48545500	0.01677450
1579	0.50228700	0.48551700	0.01677050
1580	0.50235100	0.48558500	0.01676610
1581	0.50240400	0.48564300	0.01676090
1582	0.50245300	0.48569800	0.01675500
1583	0.50247900	0.48573100	0.01674810
1584	0.50247700	0.48573700	0.01674030
1585	0.50243600	0.48570400	0.01673170
1586	0.50235200	0.48563000	0.01672220
1587	0.50224200	0.48553000	0.01671220
1588	0.50210500	0.48540400	0.01670160
1589	0.50195700	0.48526600	0.01669070
1590	0.50178600	0.48510600	0.01667930
1591	0.50159100	0.48492400	0.01666700
1592	0.50135700	0.48470300	0.01665420
1593	0.50108700	0.48444600	0.01664080
1594	0.50077300	0.48414600	0.01662660
1595	0.50042000	0.48380800	0.01661160
1596	0.50001500	0.48341900	0.01659570
1597	0.49956800	0.48298800	0.01657920
1598	0.49907900	0.48251800	0.01656170
1599	0.49855300	0.48200900	0.01654400
1600	0.49799400	0.48146700	0.01652700
1601	0.49740100	0.48088900	0.01651110
1602	0.49678500	0.48028900	0.01649640
1603	0.49616200	0.47968000	0.01648230
1604	0.49554000	0.47907000	0.01646920
1605	0.49493800	0.47848100	0.01645690
1606	0.49437400	0.47792900	0.01644560
1607	0.49385700	0.47742200	0.01643530
1608	0.49339500	0.47696800	0.01642700
1609	0.49297800	0.47655700	0.01642090
1610	0.49259600	0.47617900	0.01641710
1611	0.49223500	0.47581900	0.01641610
1612	0.49189600	0.47547800	0.01641740
1613	0.49156400	0.47514200	0.01642160
1614	0.49125300	0.47482400	0.01642870
1615	0.49096000	0.47452100	0.01643870
1616	0.49070200	0.47425100	0.01645140
1617	0.49049700	0.47403100	0.01646620
1618	0.49036200	0.47388100	0.01648090
1619	0.49030300	0.47380800	0.01649470
1620	0.49032500	0.47381700	0.01650800
1621	0.49041600	0.47389500	0.01652070
1622	0.49056400	0.47403100	0.01653350
1623	0.49076300	0.47421700	0.01654580
1624	0.49099300	0.47443500	0.01655790
1625	0.49125200	0.47468200	0.01657020
1626	0.49152100	0.47493800	0.01658250
1627	0.49179500	0.47520000	0.01659510
1628	0.49205100	0.47544400	0.01660760
1629	0.49228800	0.47566900	0.01661900
1630	0.49248700	0.47585800	0.01662910
1631	0.49265300	0.47601500	0.01663790
1632	0.49277600	0.47613000	0.01664560
1633	0.49285600	0.47620400	0.01665180
1634	0.49288900	0.47623200	0.01665700
1635	0.49288800	0.47622700	0.01666140
1636	0.49284600	0.47618100	0.01666570
1637	0.49277500	0.47610500	0.01666980
1638	0.49265900	0.47598600	0.01667380
1639	0.49250600	0.47582800	0.01667760
1640	0.49229900	0.47561800	0.01668110
1641	0.49204700	0.47536200	0.01668440
1642	0.49173700	0.47504900	0.01668800
1643	0.49138700	0.47469500	0.01669200
1644	0.49099900	0.47430200	0.01669680
1645	0.49059100	0.47388900	0.01670230
1646	0.49016800	0.47345900	0.01670870
1647	0.48974500	0.47302900	0.01671610
1648	0.48931900	0.47259500	0.01672430
1649	0.48890300	0.47217000	0.01673310
1650	0.48850600	0.47176400	0.01674210
1651	0.48813400	0.47138200	0.01675150
1652	0.48779000	0.47102900	0.01676080
1653	0.48748000	0.47071000	0.01677000
1654	0.48720200	0.47042200	0.01677930
1655	0.48695800	0.47017000	0.01678860
1656	0.48673500	0.46993700	0.01679790
1657	0.48652000	0.46971300	0.01680680
1658	0.48631000	0.46949500	0.01681540
1659	0.48610500	0.46928100	0.01682370
1660	0.48589900	0.46906800	0.01683100
1661	0.48569100	0.46885400	0.01683710
1662	0.48548000	0.46863800	0.01684200
1663	0.48526700	0.46842100	0.01684560
1664	0.48504000	0.46819200	0.01684820
1665	0.48480600	0.46795600	0.01684980
1666	0.48454900	0.46769900	0.01685010
1667	0.48427300	0.46742400	0.01684920
1668	0.48395800	0.46711100	0.01684700
1669	0.48362500	0.46678100	0.01684340
1670	0.48326400	0.46642600	0.01683820
1671	0.48287900	0.46604700	0.01683170
1672	0.48245500	0.46563100	0.01682410
1673	0.48199600	0.46518000	0.01681570
1674	0.48149200	0.46468500	0.01680630
1675	0.48096100	0.46416400	0.01679620
1676	0.48040300	0.46361800	0.01678530
1677	0.47983000	0.46305600	0.01677360
1678	0.47925500	0.46249300	0.01676140
1679	0.47869100	0.46194200	0.01674930
1680	0.47815100	0.46141300	0.01673760
1681	0.47763400	0.46090800	0.01672650
1682	0.47713900	0.46042300	0.01671640
1683	0.47667400	0.45996600	0.01670730
1684	0.47623600	0.45953700	0.01669890
1685	0.47582000	0.45912900	0.01669110
1686	0.47540500	0.45872100	0.01668410
1687	0.47498700	0.45830900	0.01667820
1688	0.47455900	0.45788600	0.01667290
1689	0.47411800	0.45745000	0.01666800
1690	0.47364400	0.45698100	0.01666290
1691	0.47311800	0.45646000	0.01665790
1692	0.47251000	0.45585800	0.01665290
1693	0.47180500	0.45515700	0.01664790
1694	0.47100000	0.45435700	0.01664270
1695	0.47010000	0.45346300	0.01663730
1696	0.46910100	0.45246900	0.01663180
1697	0.46801200	0.45138500	0.01662650
1698	0.46683300	0.45021200	0.01662100
1699	0.46556400	0.44894800	0.01661520
1700	0.46422000	0.44761000	0.01660990
1701	0.46282200	0.44621600	0.01660520
1702	0.46139700	0.44479600	0.01660100
1703	0.45996700	0.44336900	0.01659800
1704	0.45858100	0.44198600	0.01659580
1705	0.45728000	0.44068500	0.01659470
1706	0.45609500	0.43950100	0.01659440
1707	0.45504500	0.43845100	0.01659480
1708	0.45414300	0.43754700	0.01659590
1709	0.45337500	0.43677800	0.01659690
1710	0.45272700	0.43612900	0.01659800
1711	0.45216800	0.43556800	0.01659950
1712	0.45168100	0.43508000	0.01660170
1713	0.45124600	0.43464100	0.01660520
1714	0.45085900	0.43424900	0.01660970
1715	0.45050600	0.43389200	0.01661470
1716	0.45018400	0.43356400	0.01661990
1717	0.44988000	0.43325600	0.01662460
1718	0.44959600	0.43296800	0.01662820
1719	0.44934300	0.43271300	0.01663000
1720	0.44911800	0.43248800	0.01663020
1721	0.44892400	0.43229600	0.01662850
1722	0.44874600	0.43212200	0.01662490
1723	0.44858100	0.43196100	0.01661980
1724	0.44841800	0.43180500	0.01661330
1725	0.44825200	0.43164700	0.01660580
1726	0.44807600	0.43147800	0.01659770
1727	0.44788600	0.43129800	0.01658870
1728	0.44767600	0.43109700	0.01657910
1729	0.44745000	0.43088200	0.01656860
1730	0.44719600	0.43063900	0.01655700
1731	0.44691000	0.43036500	0.01654500
1732	0.44658400	0.43005100	0.01653270
1733	0.44622100	0.42970100	0.01652000
1734	0.44580500	0.42929800	0.01650710
1735	0.44533500	0.42884000	0.01649450
1736	0.44479500	0.42831200	0.01648280
1737	0.44417700	0.42770500	0.01647190
1738	0.44346700	0.42700400	0.01646240
1739	0.44266900	0.42621500	0.01645410
1740	0.44180000	0.42535100	0.01644830
1741	0.44087200	0.42442700	0.01644510
1742	0.43992800	0.42348400	0.01644450
1743	0.43901100	0.42256500	0.01644630
1744	0.43816700	0.42171700	0.01645000
1745	0.43743800	0.42098400	0.01645450
1746	0.43685300	0.42039400	0.01645910
1747	0.43641900	0.41995400	0.01646420
1748	0.43613100	0.41966000	0.01647030
1749	0.43597500	0.41949800	0.01647730
1750	0.43594500	0.41946000	0.01648520
1751	0.43601400	0.41951900	0.01649440
1752	0.43616900	0.41966400	0.01650490
1753	0.43638600	0.41987000	0.01651620
1754	0.43665300	0.42012500	0.01652840
1755	0.43694900	0.42040700	0.01654140
1756	0.43725500	0.42070000	0.01655540
1757	0.43754400	0.42097400	0.01656980
1758	0.43779600	0.42121200	0.01658410
1759	0.43799400	0.42139600	0.01659800
1760	0.43812200	0.42151100	0.01661090
1761	0.43818900	0.42156600	0.01662280
1762	0.43819000	0.42155700	0.01663320
1763	0.43815300	0.42151200	0.01664190
1764	0.43807900	0.42143000	0.01664910
1765	0.43799600	0.42134000	0.01665530
1766	0.43790700	0.42124600	0.01666110
1767	0.43784100	0.42117400	0.01666670
1768	0.43778600	0.42111400	0.01667240
1769	0.43775400	0.42107600	0.01667800
1770	0.43773500	0.42105100	0.01668370
1771	0.43774600	0.42105600	0.01668960
1772	0.43778000	0.42108400	0.01669590
1773	0.43785700	0.42115400	0.01670230
1774	0.43797700	0.42126800	0.01670850
1775	0.43815400	0.42144000	0.01671430
1776	0.43838600	0.42166700	0.01671980
1777	0.43868500	0.42196000	0.01672470
1778	0.43903800	0.42230900	0.01672880
1779	0.43944000	0.42270800	0.01673200
1780	0.43987600	0.42314100	0.01673480
1781	0.44034600	0.42360900	0.01673690
1782	0.44083900	0.42410200	0.01673780
1783	0.44134700	0.42460900	0.01673760
1784	0.44184500	0.42510900	0.01673660
1785	0.44233200	0.42559700	0.01673480
1786	0.44279100	0.42605900	0.01673220
1787	0.44323100	0.42650200	0.01672890
1788	0.44363900	0.42691400	0.01672530
1789	0.44402700	0.42730600	0.01672140
1790	0.44440100	0.42768300	0.01671750
1791	0.44477000	0.42805600	0.01671360
1792	0.44514100	0.42843100	0.01670970
1793	0.44552600	0.42882000	0.01670570
1794	0.44593100	0.42922900	0.01670200
1795	0.44636300	0.42966400	0.01669830
1796	0.44682000	0.43012500	0.01669470
1797	0.44730500	0.43061400	0.01669150
1798	0.44781800	0.43112900	0.01668890
1799	0.44835600	0.43166900	0.01668700
1800	0.44891800	0.43223300	0.01668520
1801	0.44949900	0.43281600	0.01668320
1802	0.45008700	0.43340500	0.01668120
1803	0.45067800	0.43399900	0.01667940
1804	0.45126700	0.43458900	0.01667770
1805	0.45185100	0.43517600	0.01667580
1806	0.45242300	0.43574900	0.01667360
1807	0.45297900	0.43630800	0.01667180
1808	0.45351200	0.43684200	0.01666990
1809	0.45402200	0.43735400	0.01666800
1810	0.45450500	0.43783800	0.01666610
1811	0.45496200	0.43829800	0.01666450
1812	0.45538600	0.43872200	0.01666370
1813	0.45577800	0.43911500	0.01666350
1814	0.45613100	0.43946800	0.01666350
1815	0.45645400	0.43979000	0.01666420
1816	0.45674000	0.44007500	0.01666510
1817	0.45699600	0.44033000	0.01666570
1818	0.45721700	0.44055100	0.01666560
1819	0.45742200	0.44075700	0.01666480
1820	0.45761300	0.44095000	0.01666320
1821	0.45780500	0.44114400	0.01666120
1822	0.45799800	0.44134000	0.01665850
1823	0.45820400	0.44154800	0.01665530
1824	0.45842500	0.44177400	0.01665120
1825	0.45868200	0.44203500	0.01664670
1826	0.45897900	0.44233700	0.01664150
1827	0.45932300	0.44268700	0.01663600
1828	0.45972200	0.44309200	0.01662990
1829	0.46018600	0.44356300	0.01662330
1830	0.46071900	0.44410200	0.01661640
1831	0.46131900	0.44470900	0.01661000
1832	0.46198600	0.44538100	0.01660430
1833	0.46271500	0.44611600	0.01659940
1834	0.46349900	0.44690400	0.01659500
1835	0.46433800	0.44774700	0.01659120
1836	0.46522700	0.44863900	0.01658770
1837	0.46616700	0.44958300	0.01658460
1838	0.46715100	0.45056900	0.01658170
1839	0.46817000	0.45159100	0.01657880
1840	0.46921000	0.45263400	0.01657620
1841	0.47026000	0.45368600	0.01657380
1842	0.47130900	0.45473700	0.01657170
1843	0.47234800	0.45577800	0.01656970
1844	0.47337500	0.45680700	0.01656810
1845	0.47437500	0.45780700	0.01656720
1846	0.47533600	0.45876900	0.01656690
1847	0.47624700	0.45968000	0.01656670
1848	0.47711100	0.46054400	0.01656700
1849	0.47792300	0.46135600	0.01656770
1850	0.47867900	0.46211000	0.01656910
1851	0.47938000	0.46281000	0.01657070
1852	0.48002400	0.46345200	0.01657270
1853	0.48060800	0.46403400	0.01657460
1854	0.48113300	0.46455600	0.01657640
1855	0.48160900	0.46503100	0.01657780
1856	0.48204600	0.46546800	0.01657880
1857	0.48245700	0.46587700	0.01657940
1858	0.48284200	0.46626200	0.01657970
1859	0.48320700	0.46662700	0.01657960
1860	0.48356000	0.46698100	0.01657910
1861	0.48390000	0.46732200	0.01657810
1862	0.48423700	0.46766000	0.01657670
1863	0.48457500	0.46800000	0.01657470
1864	0.48491800	0.46834600	0.01657230
1865	0.48526500	0.46869500	0.01656940
1866	0.48561400	0.46904800	0.01656590
1867	0.48597000	0.46940800	0.01656190
1868	0.48633200	0.46977500	0.01655720
1869	0.48670300	0.47015100	0.01655210
1870	0.48708800	0.47054200	0.01654670
1871	0.48748400	0.47094300	0.01654130
1872	0.48789100	0.47135500	0.01653590
1873	0.48830700	0.47177600	0.01653050
1874	0.48873100	0.47220600	0.01652500
1875	0.48916500	0.47264500	0.01651990
1876	0.48960900	0.47309400	0.01651520
1877	0.49006300	0.47355200	0.01651110
1878	0.49052700	0.47401900	0.01650780
1879	0.49100600	0.47450000	0.01650540
1880	0.49149700	0.47499300	0.01650380
1881	0.49199800	0.47549500	0.01650320
1882	0.49249900	0.47599500	0.01650370
1883	0.49298900	0.47648400	0.01650520
1884	0.49346700	0.47695900	0.01650800
1885	0.49393900	0.47742700	0.01651170
1886	0.49440200	0.47788600	0.01651650
1887	0.49485500	0.47833200	0.01652250
1888	0.49528500	0.47875500	0.01653000
1889	0.49569600	0.47915800	0.01653860
1890	0.49608500	0.47953700	0.01654790
1891	0.49645500	0.47989700	0.01655790
1892	0.49680800	0.48024000	0.01656810
1893	0.49715300	0.48057400	0.01657890
1894	0.49750000	0.48091000	0.01658990
1895	0.49785300	0.48125300	0.01660080
1896	0.49821300	0.48160200	0.01661140
1897	0.49858300	0.48196100	0.01662170
1898	0.49896700	0.48233600	0.01663140
1899	0.49936800	0.48272800	0.01664060
1900	0.49979000	0.48314100	0.01664900
1901	0.50024500	0.48358800	0.01665660
1902	0.50073200	0.48406800	0.01666350
1903	0.50125700	0.48458700	0.01667000
1904	0.50181100	0.48513500	0.01667600
1905	0.50239600	0.48571400	0.01668170
1906	0.50299500	0.48630800	0.01668730
1907	0.50360900	0.48691700	0.01669260
1908	0.50422300	0.48752600	0.01669740
1909	0.50483700	0.48813500	0.01670160
1910	0.50543400	0.48872900	0.01670520
1911	0.50602100	0.48931300	0.01670820
1912	0.50658200	0.48987200	0.01671040
1913	0.50712300	0.49041100	0.01671180
1914	0.50763200	0.49092000	0.01671230
1915	0.50812300	0.49141000	0.01671240
1916	0.50858600	0.49187400	0.01671190
1917	0.50904700	0.49233600	0.01671100
1918	0.50949500	0.49278500	0.01670980
1919	0.50993900	0.49323000	0.01670870
1920	0.51036600	0.49365800	0.01670760
1921	0.51078100	0.49407400	0.01670690
1922	0.51118100	0.49447400	0.01670670
1923	0.51156900	0.49486200	0.01670660
1924	0.51193000	0.49522400	0.01670660
1925	0.51228400	0.49557700	0.01670700
1926	0.51260600	0.49589800	0.01670760
1927	0.51289600	0.49618800	0.01670790
1928	0.51314300	0.49643500	0.01670780
1929	0.51334300	0.49663600	0.01670750
1930	0.51350400	0.49679700	0.01670640
1931	0.51363200	0.49692800	0.01670440
1932	0.51374100	0.49703900	0.01670150
1933	0.51383800	0.49714000	0.01669830
1934	0.51393500	0.49724000	0.01669440
1935	0.51404200	0.49735200	0.01668990
1936	0.51417100	0.49748600	0.01668480
1937	0.51432400	0.49764500	0.01667920
1938	0.51449700	0.49782400	0.01667290
1939	0.51468700	0.49802100	0.01666610
1940	0.51487600	0.49821700	0.01665910
1941	0.51505500	0.49840300	0.01665220
1942	0.51520900	0.49856400	0.01664570
1943	0.51533600	0.49869600	0.01663980
1944	0.51541900	0.49878400	0.01663470
1945	0.51546200	0.49883100	0.01663050
1946	0.51545400	0.49882600	0.01662740
1947	0.51540800	0.49878300	0.01662510
1948	0.51531300	0.49868900	0.01662390
1949	0.51518800	0.49856400	0.01662420
1950	0.51501700	0.49839100	0.01662610
1951	0.51481400	0.49818500	0.01662930
1952	0.51457600	0.49794200	0.01663370
1953	0.51432200	0.49768300	0.01663920
1954	0.51405300	0.49740800	0.01664570
1955	0.51379300	0.49714000	0.01665320
1956	0.51352800	0.49686600	0.01666150
1957	0.51325600	0.49658500	0.01667070
1958	0.51296700	0.49628700	0.01668040
1959	0.51266600	0.49597600	0.01669020
1960	0.51234600	0.49564600	0.01669990
1961	0.51200800	0.49529900	0.01670890
1962	0.51164800	0.49493100	0.01671730
1963	0.51126100	0.49453700	0.01672460
1964	0.51083800	0.49410800	0.01673060
1965	0.51037900	0.49364300	0.01673520
1966	0.50988300	0.49314500	0.01673810
1967	0.50934800	0.49260900	0.01673950
1968	0.50877800	0.49203800	0.01673940
1969	0.50817000	0.49143200	0.01673790
1970	0.50753700	0.49080100	0.01673530
1971	0.50688100	0.49014900	0.01673190
1972	0.50622000	0.48949200	0.01672760
1973	0.50555500	0.48883300	0.01672240
1974	0.50490400	0.48818800	0.01671660
1975	0.50427100	0.48756100	0.01671020
1976	0.50366200	0.48695900	0.01670300
1977	0.50306800	0.48637300	0.01669500
1978	0.50250400	0.48581800	0.01668660
1979	0.50196800	0.48529000	0.01667810
1980	0.50146100	0.48479200	0.01666910
1981	0.50098800	0.48432900	0.01665930
1982	0.50056100	0.48391200	0.01664890
1983	0.50018300	0.48354500	0.01663800
1984	0.49984700	0.48322000	0.01662690
1985	0.49955700	0.48294100	0.01661590
1986	0.49931000	0.48270500	0.01660480
1987	0.49910300	0.48251000	0.01659370
1988	0.49893800	0.48235500	0.01658260
1989	0.49882100	0.48224900	0.01657210
1990	0.49874800	0.48218600	0.01656250
1991	0.49871300	0.48216000	0.01655320
1992	0.49870500	0.48216000	0.01654490
1993	0.49873300	0.48219500	0.01653810
1994	0.49879000	0.48225800	0.01653280
1995	0.49888400	0.48235500	0.01652880
1996	0.49900500	0.48247900	0.01652590
1997	0.49914200	0.48261700	0.01652430
1998	0.49928100	0.48275700	0.01652390
1999	0.49941500	0.48289000	0.01652480
2000	0.49954100	0.48301300	0.01652740
2001	0.49965400	0.48312200	0.01653200
2002	0.49975100	0.48321300	0.01653830
2003	0.49981900	0.48327300	0.01654590
2004	0.49985300	0.48329900	0.01655400
2005	0.49984700	0.48328500	0.01656190
2006	0.49979300	0.48322400	0.01656950
2007	0.49967900	0.48310200	0.01657750
2008	0.49950600	0.48292000	0.01658540
2009	0.49926700	0.48267400	0.01659290
2010	0.49897300	0.48237400	0.01659920
2011	0.49864100	0.48203700	0.01660390
2012	0.49828600	0.48167900	0.01660690
2013	0.49792600	0.48131800	0.01660790
2014	0.49757300	0.48096600	0.01660730
2015	0.49723300	0.48062800	0.01660500
2016	0.49692000	0.48031900	0.01660110
2017	0.49663800	0.48004300	0.01659570
2018	0.49639600	0.47980700	0.01658910
2019	0.49618700	0.47960600	0.01658100
2020	0.49599200	0.47942000	0.01657170
2021	0.49580800	0.47924700	0.01656180
2022	0.49562100	0.47906900	0.01655110
2023	0.49542900	0.47888900	0.01653990
2024	0.49521300	0.47868500	0.01652830
2025	0.49497600	0.47846000	0.01651580
2026	0.49467800	0.47817600	0.01650250
2027	0.49432600	0.47783700	0.01648830
2028	0.49387500	0.47740200	0.01647330
2029	0.49331200	0.47685400	0.01645780
2030	0.49261600	0.47617400	0.01644200
2031	0.49180400	0.47537700	0.01642630
2032	0.49089000	0.47448000	0.01641020
2033	0.48991800	0.47352400	0.01639380
2034	0.48892300	0.47254600	0.01637750
2035	0.48794900	0.47158700	0.01636220
2036	0.48701300	0.47066500	0.01634780
2037	0.48613300	0.46979700	0.01633540
2038	0.48531400	0.46898800	0.01632520
2039	0.48455800	0.46824000	0.01631750
2040	0.48386100	0.46754800	0.01631300
2041	0.48320600	0.46689500	0.01631160
2042	0.48257900	0.46626600	0.01631300
2043	0.48196200	0.46564500	0.01631710
2044	0.48135800	0.46503400	0.01632380
2045	0.48075900	0.46442600	0.01633270
2046	0.48017100	0.46382700	0.01634420
2047	0.47959900	0.46324100	0.01635780
2048	0.47905600	0.46268300	0.01637370
2049	0.47854100	0.46214900	0.01639120
2050	0.47806000	0.46165000	0.01640930
2051	0.47760000	0.46117300	0.01642740
2052	0.47716000	0.46071500	0.01644480
2053	0.47672000	0.46025900	0.01646160
2054	0.47627700	0.45979900	0.01647830
2055	0.47583000	0.45933500	0.01649470
2056	0.47539400	0.45888400	0.01651040
2057	0.47498400	0.45846000	0.01652490
2058	0.47460600	0.45806800	0.01653770
2059	0.47426600	0.45771700	0.01654900
2060	0.47395900	0.45740000	0.01655860
2061	0.47368300	0.45711600	0.01656640
2062	0.47342200	0.45685000	0.01657230
2063	0.47317900	0.45660200	0.01657630
2064	0.47293600	0.45635700	0.01657880
2065	0.47269900	0.45611900	0.01657980
2066	0.47246300	0.45588400	0.01657930
2067	0.47224100	0.45566300	0.01657770
2068	0.47201600	0.45544100	0.01657510
2069	0.47179600	0.45522400	0.01657200
2070	0.47156700	0.45499900	0.01656840
2071	0.47133900	0.45477500	0.01656400
2072	0.47110600	0.45454600	0.01656020
2073	0.47087600	0.45431900	0.01655650
2074	0.47064100	0.45408800	0.01655290
2075	0.47039300	0.45384400	0.01654920
2076	0.47012400	0.45357800	0.01654570
2077	0.46984800	0.45330500	0.01654280
2078	0.46956600	0.45302500	0.01654070
2079	0.46927900	0.45274000	0.01653920
2080	0.46897600	0.45243700	0.01653880
2081	0.46864700	0.45210800	0.01653900
2082	0.46827800	0.45173800	0.01654010
2083	0.46786100	0.45131900	0.01654210
2084	0.46739200	0.45084700	0.01654530
2085	0.46687600	0.45032700	0.01654930
2086	0.46632100	0.44976700	0.01655430
2087	0.46573500	0.44917500	0.01656010
2088	0.46514300	0.44857600	0.01656710
2089	0.46455800	0.44798300	0.01657490
2090	0.46400500	0.44742100	0.01658380
2091	0.46350500	0.44691100	0.01659330
2092	0.46308500	0.44648200	0.01660360
2093	0.46274900	0.44613400	0.01661410
2094	0.46252300	0.44589900	0.01662470
2095	0.46240500	0.44577100	0.01663500
2096	0.46239600	0.44575100	0.01664490
2097	0.46249200	0.44583800	0.01665460
2098	0.46267900	0.44601500	0.01666380
2099	0.46294000	0.44626700	0.01667250
2100	0.46327300	0.44659200	0.01668050
2101	0.46366000	0.44697200	0.01668770
2102	0.46410800	0.44741400	0.01669400
2103	0.46459600	0.44789600	0.01669970
2104	0.46512400	0.44842000	0.01670480
2105	0.46569000	0.44898100	0.01670930
2106	0.46628400	0.44957100	0.01671280
2107	0.46690600	0.45019100	0.01671500
2108	0.46754500	0.45082900	0.01671580
2109	0.46818800	0.45147300	0.01671550
2110	0.46881500	0.45210100	0.01671370
2111	0.46941600	0.45270500	0.01671030
2112	0.46997200	0.45326600	0.01670580
2113	0.47047300	0.45377200	0.01670050
2114	0.47091100	0.45421700	0.01669480
2115	0.47129300	0.45460400	0.01668890
2116	0.47161800	0.45493500	0.01668260
2117	0.47189500	0.45521900	0.01667580
2118	0.47213500	0.45546700	0.01666880
2119	0.47234800	0.45568600	0.01666180
2120	0.47254100	0.45588600	0.01665490
2121	0.47271200	0.45606400	0.01664840
2122	0.47285800	0.45621500	0.01664250
2123	0.47296800	0.45633000	0.01663730
2124	0.47303300	0.45640000	0.01663290
2125	0.47304100	0.45641100	0.01662940
2126	0.47298800	0.45636200	0.01662650
2127	0.47287000	0.45624500	0.01662470
2128	0.47269500	0.45607100	0.01662410
2129	0.47247000	0.45584500	0.01662510
2130	0.47222500	0.45559800	0.01662730
2131	0.47197400	0.45534300	0.01663060
2132	0.47174900	0.45511400	0.01663500
2133	0.47157200	0.45493200	0.01664020
2134	0.47146300	0.45481700	0.01664580
2135	0.47142400	0.45477300	0.01665130
2136	0.47147000	0.45481400	0.01665640
2137	0.47160400	0.45494200	0.01666150
2138	0.47182600	0.45515900	0.01666700
2139	0.47213800	0.45546500	0.01667260
2140	0.47253400	0.45585600	0.01667810
2141	0.47300600	0.45632200	0.01668380
2142	0.47353600	0.45684600	0.01669010
2143	0.47411000	0.45741300	0.01669690
2144	0.47470500	0.45800100	0.01670390
2145	0.47531400	0.45860300	0.01671100
2146	0.47591700	0.45919900	0.01671790
2147	0.47651800	0.45979300	0.01672460
2148	0.47709800	0.46036600	0.01673120
2149	0.47765800	0.46092000	0.01673750
2150	0.47818700	0.46144400	0.01674300
2151	0.47869300	0.46194500	0.01674810
2152	0.47917400	0.46242100	0.01675290
2153	0.47963600	0.46287900	0.01675740
2154	0.48008000	0.46331800	0.01676200
2155	0.48050900	0.46374200	0.01676680
2156	0.48091100	0.46414000	0.01677180
2157	0.48128600	0.46451000	0.01677690
2158	0.48162400	0.46484200	0.01678220
2159	0.48193100	0.46514300	0.01678790
2160	0.48220200	0.46540900	0.01679360
2161	0.48244800	0.46564900	0.01679950
2162	0.48266200	0.46585600	0.01680510
2163	0.48284800	0.46603800	0.01681060
2164	0.48299800	0.46618200	0.01681590
2165	0.48310800	0.46628600	0.01682130
2166	0.48317000	0.46634300	0.01682690
2167	0.48318500	0.46635200	0.01683310
2168	0.48314400	0.46630300	0.01684010
2169	0.48305600	0.46620800	0.01684750
2170	0.48293500	0.46608000	0.01685490
2171	0.48279500	0.46593300	0.01686230
2172	0.48266200	0.46579200	0.01686950
2173	0.48255000	0.46567300	0.01687670
2174	0.48247900	0.46559600	0.01688330
2175	0.48246500	0.46557600	0.01688960
2176	0.48251300	0.46561800	0.01689530
2177	0.48262000	0.46572000	0.01690040
2178	0.48278800	0.46588300	0.01690480
2179	0.48300900	0.46610100	0.01690820
2180	0.48327200	0.46636100	0.01691050
2181	0.48356500	0.46665300	0.01691150
2182	0.48387900	0.46696700	0.01691140
2183	0.48420300	0.46729400	0.01690990
2184	0.48452300	0.46761600	0.01690740
2185	0.48483100	0.46792700	0.01690360
2186	0.48511500	0.46821600	0.01689830
2187	0.48538300	0.46849200	0.01689150
2188	0.48563400	0.46875100	0.01688350
2189	0.48587300	0.46899800	0.01687500
2190	0.48610100	0.46923400	0.01686680
2191	0.48632100	0.46946200	0.01685900
2192	0.48653200	0.46968000	0.01685220
2193	0.48673400	0.46988700	0.01684700
2194	0.48693000	0.47008700	0.01684310
2195	0.48712800	0.47028700	0.01684090
2196	0.48733400	0.47049400	0.01684000
2197	0.48755500	0.47071400	0.01684080
2198	0.48778500	0.47094200	0.01684300
2199	0.48801500	0.47116800	0.01684650
2200	0.48822800	0.47137700	0.01685130
2201	0.48841700	0.47156000	0.01685690
2202	0.48857700	0.47171400	0.01686300
2203	0.48870600	0.47183600	0.01686950
2204	0.48880500	0.47192900	0.01687620
2205	0.48886500	0.47198100	0.01688320
2206	0.48888200	0.47199200	0.01689030
2207	0.48886200	0.47196500	0.01689720
2208	0.48881600	0.47191200	0.01690380
2209	0.48873900	0.47182900	0.01690960
2210	0.48864400	0.47172900	0.01691500
2211	0.48854000	0.47162000	0.01691990
2212	0.48844500	0.47152000	0.01692410
2213	0.48836800	0.47144000	0.01692770
2214	0.48833300	0.47140200	0.01693090
2215	0.48835100	0.47141800	0.01693370
2216	0.48843000	0.47149400	0.01693650
2217	0.48858700	0.47164800	0.01693950
2218	0.48882300	0.47188100	0.01694240
2219	0.48915400	0.47220800	0.01694530
2220	0.48957200	0.47262400	0.01694840
2221	0.49008000	0.47312900	0.01695100
2222	0.49066500	0.47371100	0.01695350
2223	0.49132300	0.47436800	0.01695540
2224	0.49203700	0.47508100	0.01695680
2225	0.49280200	0.47584500	0.01695690
2226	0.49359500	0.47663900	0.01695590
2227	0.49440400	0.47745000	0.01695360
2228	0.49521000	0.47826000	0.01695010
2229	0.49599900	0.47905400	0.01694530
2230	0.49675600	0.47981600	0.01693970
2231	0.49747100	0.48053700	0.01693350
2232	0.49813800	0.48121100	0.01692660
2233	0.49875800	0.48183800	0.01691930
2234	0.49932400	0.48241300	0.01691160
2235	0.49984800	0.48294400	0.01690340
2236	0.50033100	0.48343600	0.01689500
2237	0.50078300	0.48389600	0.01688660
2238	0.50119700	0.48431900	0.01687800
2239	0.50157400	0.48470400	0.01686980
2240	0.50191200	0.48505000	0.01686220
2241	0.50221900	0.48536300	0.01685580
2242	0.50250500	0.48565400	0.01685050
2243	0.50277300	0.48592600	0.01684710
2244	0.50301000	0.48616500	0.01684560
2245	0.50321900	0.48637300	0.01684650
2246	0.50338700	0.48653700	0.01684950
2247	0.50352500	0.48667100	0.01685370
2248	0.50363800	0.48677900	0.01685860
2249	0.50373300	0.48686900	0.01686450
2250	0.50380300	0.48693200	0.01687040
2251	0.50385800	0.48698100	0.01687610
2252	0.50390400	0.48702300	0.01688100
2253	0.50394500	0.48706000	0.01688510
2254	0.50400100	0.48711200	0.01688850
2255	0.50407200	0.48718100	0.01689110
2256	0.50417700	0.48728400	0.01689260
2257	0.50432900	0.48743600	0.01689290
2258	0.50453100	0.48763900	0.01689190
2259	0.50478700	0.48789800	0.01688940
2260	0.50509800	0.48821300	0.01688550
2261	0.50546800	0.48858800	0.01688010
2262	0.50588100	0.48900800	0.01687340
2263	0.50632700	0.48946100	0.01686610
2264	0.50678800	0.48993000	0.01685860
2265	0.50725000	0.49040000	0.01685080
2266	0.50768200	0.49083900	0.01684310
2267	0.50806900	0.49123400	0.01683500
2268	0.50838800	0.49156100	0.01682690
2269	0.50864200	0.49182300	0.01681860
2270	0.50882100	0.49201000	0.01681040
2271	0.50893100	0.49212900	0.01680260
2272	0.50896900	0.49217300	0.01679580
2273	0.50894900	0.49215800	0.01679020
2274	0.50887600	0.49209000	0.01678600
2275	0.50875900	0.49197500	0.01678350
2276	0.50861200	0.49182900	0.01678300
2277	0.50844800	0.49166300	0.01678430
2278	0.50826500	0.49147700	0.01678760
2279	0.50807000	0.49127800	0.01679270
2280	0.50785600	0.49105600	0.01679970
2281	0.50761600	0.49080800	0.01680830
2282	0.50733600	0.49051700	0.01681850
2283	0.50700500	0.49017500	0.01682990
2284	0.50660600	0.48976300	0.01684230
2285	0.50612400	0.48926900	0.01685530
2286	0.50554500	0.48867600	0.01686850
2287	0.50486700	0.48798500	0.01688180
2288	0.50409800	0.48720300	0.01689490
2289	0.50325400	0.48634700	0.01690750
2290	0.50235600	0.48543700	0.01691940
2291	0.50142200	0.48449200	0.01693040
2292	0.50047900	0.48353900	0.01694050
2293	0.49954700	0.48259800	0.01694950
2294	0.49865400	0.48169700	0.01695730
2295	0.49781800	0.48085400	0.01696410
2296	0.49705400	0.48008500	0.01696960
2297	0.49637000	0.47939700	0.01697370
2298	0.49576800	0.47879100	0.01697640
2299	0.49524500	0.47826700	0.01697770
2300	0.49479900	0.47782100	0.01697790
2301	0.49441700	0.47744100	0.01697650
2302	0.49408300	0.47710900	0.01697350
2303	0.49378200	0.47681300	0.01696920
2304	0.49350500	0.47654100	0.01696350
2305	0.49324300	0.47628600	0.01695660
2306	0.49298500	0.47603700	0.01694870
2307	0.49272700	0.47578700	0.01694010
2308	0.49246400	0.47553300	0.01693080
2309	0.49219500	0.47527500	0.01692080
2310	0.49192000	0.47500900	0.01691050
2311	0.49163500	0.47473400	0.01690040
2312	0.49133600	0.47444500	0.01689030
2313	0.49101800	0.47413800	0.01688010
2314	0.49068200	0.47381200	0.01686970
2315	0.49033300	0.47347300	0.01685960
2316	0.48998100	0.47313100	0.01685000
2317	0.48963700	0.47279700	0.01684070
2318	0.48930300	0.47247200	0.01683190
2319	0.48897000	0.47214700	0.01682340
2320	0.48862900	0.47181400	0.01681560
2321	0.48827200	0.47146300	0.01680820
2322	0.48790000	0.47109900	0.01680140
2323	0.48750400	0.47070900	0.01679520
2324	0.48708300	0.47029300	0.01678980
2325	0.48662600	0.46984000	0.01678530
2326	0.48613300	0.46935100	0.01678150
2327	0.48559800	0.46881900	0.01677870
2328	0.48502600	0.46824900	0.01677690
2329	0.48442600	0.46765000	0.01677590
2330	0.48381200	0.46703700	0.01677540
2331	0.48319700	0.46642100	0.01677540
2332	0.48261100	0.46583600	0.01677540
2333	0.48206800	0.46529300	0.01677510
2334	0.48159500	0.46482000	0.01677450
2335	0.48118800	0.46441500	0.01677330
2336	0.48085800	0.46408700	0.01677140
2337	0.48060300	0.46383500	0.01676820
2338	0.48042600	0.46366300	0.01676370
2339	0.48032000	0.46356200	0.01675810
2340	0.48028000	0.46352800	0.01675140
2341	0.48029900	0.46355500	0.01674380
2342	0.48037100	0.46363600	0.01673540
2343	0.48049000	0.46376400	0.01672600
2344	0.48065000	0.46393400	0.01671560
2345	0.48084300	0.46413900	0.01670440
2346	0.48106400	0.46437200	0.01669250
2347	0.48131200	0.46463100	0.01668060
2348	0.48157300	0.46490400	0.01666860
2349	0.48184600	0.46518900	0.01665680
2350	0.48211200	0.46546600	0.01664540
2351	0.48235300	0.46571900	0.01663430
2352	0.48255200	0.46592800	0.01662370
2353	0.48270200	0.46608800	0.01661330
2354	0.48279300	0.46619000	0.01660350
2355	0.48282100	0.46622700	0.01659420
2356	0.48277500	0.46619000	0.01658520
2357	0.48266400	0.46608700	0.01657680
2358	0.48246900	0.46590000	0.01656860
2359	0.48221100	0.46565000	0.01656120
2360	0.48188900	0.46533500	0.01655450
2361	0.48151900	0.46497000	0.01654890
2362	0.48110100	0.46455600	0.01654450
2363	0.48064000	0.46409900	0.01654170
2364	0.48012900	0.46358900	0.01654020
2365	0.47957100	0.46303100	0.01654010
2366	0.47897000	0.46242800	0.01654170
2367	0.47832600	0.46178100	0.01654500
2368	0.47764500	0.46109500	0.01654980
2369	0.47693000	0.46037400	0.01655610
2370	0.47619500	0.45963200	0.01656320
2371	0.47545800	0.45888700	0.01657070
2372	0.47473100	0.45815300	0.01657800
2373	0.47402400	0.45743900	0.01658520
2374	0.47335200	0.45676100	0.01659160
2375	0.47272000	0.45612200	0.01659750
2376	0.47213700	0.45553400	0.01660280
2377	0.47160300	0.45499500	0.01660770
2378	0.47111800	0.45450600	0.01661240
2379	0.47067800	0.45406200	0.01661660
2380	0.47028000	0.45365900	0.01662050
2381	0.46991800	0.45329400	0.01662400
2382	0.46958300	0.45295500	0.01662720
2383	0.46926400	0.45263400	0.01663040
2384	0.46895200	0.45231800	0.01663350
2385	0.46864400	0.45200800	0.01663610
2386	0.46833700	0.45169900	0.01663850
2387	0.46803900	0.45139800	0.01664080
2388	0.46774600	0.45110300	0.01664320
2389	0.46746800	0.45082300	0.01664530
2390	0.46719900	0.45055100	0.01664730
2391	0.46694400	0.45029500	0.01664950
2392	0.46669400	0.45004200	0.01665180
2393	0.46645800	0.44980400	0.01665450
2394	0.46622700	0.44956900	0.01665760
2395	0.46600500	0.44934400	0.01666100
2396	0.46578800	0.44912300	0.01666450
2397	0.46558400	0.44891500	0.01666820
2398	0.46537800	0.44870600	0.01667210
2399	0.46517100	0.44849400	0.01667610
2400	0.46495200	0.44827100	0.01668030
2401	0.46472400	0.44803900	0.01668470
2402	0.46448500	0.44779600	0.01668910
2403	0.46423800	0.44754400	0.01669340
2404	0.46397800	0.44728000	0.01669730
2405	0.46371400	0.44701300	0.01670080
2406	0.46345500	0.44675100	0.01670370
2407	0.46320100	0.44649500	0.01670600
2408	0.46295700	0.44625000	0.01670760
2409	0.46272400	0.44601500	0.01670900
2410	0.46250000	0.44579000	0.01671010
2411	0.46228900	0.44557800	0.01671110
2412	0.46209700	0.44538500	0.01671190
2413	0.46192900	0.44521700	0.01671240
2414	0.46179600	0.44508400	0.01671270
2415	0.46169400	0.44498100	0.01671270
2416	0.46163400	0.44492100	0.01671280
2417	0.46160700	0.44489400	0.01671310
2418	0.46161400	0.44490100	0.01671310
2419	0.46163500	0.44492200	0.01671280
2420	0.46166300	0.44495100	0.01671280
2421	0.46168600	0.44497300	0.01671280
2422	0.46169800	0.44498500	0.01671270
2423	0.46169700	0.44498500	0.01671200
2424	0.46168100	0.44497000	0.01671090
2425	0.46164900	0.44494000	0.01670960
2426	0.46159600	0.44488800	0.01670800
2427	0.46152200	0.44481600	0.01670650
2428	0.46141800	0.44471400	0.01670420
2429	0.46128400	0.44458300	0.01670140
2430	0.46111400	0.44441600	0.01669800
2431	0.46091500	0.44422000	0.01669500
2432	0.46069400	0.44400200	0.01669250
2433	0.46045300	0.44376300	0.01669010
2434	0.46020300	0.44351500	0.01668760
2435	0.45995000	0.44326400	0.01668530
2436	0.45970100	0.44301800	0.01668340
2437	0.45946900	0.44278700	0.01668200
2438	0.45926100	0.44258000	0.01668070
2439	0.45908500	0.44240600	0.01667930
2440	0.45893200	0.44225400	0.01667810
2441	0.45879500	0.44211800	0.01667690
2442	0.45867000	0.44199400	0.01667630
2443	0.45854800	0.44187200	0.01667620
2444	0.45842500	0.44174800	0.01667640
2445	0.45829300	0.44161600	0.01667650
2446	0.45814300	0.44146700	0.01667660
2447	0.45797600	0.44129900	0.01667660
2448	0.45779700	0.44112100	0.01667660
2449	0.45761400	0.44093700	0.01667680
2450	0.45743500	0.44075800	0.01667710
2451	0.45726200	0.44058500	0.01667710
2452	0.45710500	0.44042800	0.01667720
2453	0.45696500	0.44028800	0.01667730
2454	0.45685300	0.44017500	0.01667770
2455	0.45677300	0.44009500	0.01667800
2456	0.45674000	0.44006200	0.01667810
2457	0.45675500	0.44007800	0.01667750
2458	0.45681600	0.44014100	0.01667590
2459	0.45692000	0.44024600	0.01667340
2460	0.45705800	0.44038800	0.01667010
2461	0.45722900	0.44056200	0.01666660
2462	0.45740900	0.44074600	0.01666290
2463	0.45759200	0.44093400	0.01665890
2464	0.45777100	0.44111600	0.01665440
2465	0.45794400	0.44129400	0.01664940
2466	0.45810700	0.44146300	0.01664380
2467	0.45826000	0.44162300	0.01663770
2468	0.45840000	0.44176900	0.01663080
2469	0.45853000	0.44190700	0.01662350
2470	0.45865200	0.44203600	0.01661590
2471	0.45877600	0.44216800	0.01660820
2472	0.45889200	0.44229100	0.01660090
2473	0.45901500	0.44242100	0.01659410
2474	0.45914700	0.44256000	0.01658730
2475	0.45929700	0.44271600	0.01658090
2476	0.45944800	0.44287200	0.01657520
2477	0.45960500	0.44303500	0.01657030
2478	0.45975700	0.44319100	0.01656610
2479	0.45992200	0.44335900	0.01656270
2480	0.46009000	0.44353000	0.01656020
2481	0.46026900	0.44371000	0.01655900
2482	0.46045000	0.44389200	0.01655860
2483	0.46064000	0.44408100	0.01655930
2484	0.46083000	0.44426900	0.01656060
2485	0.46102200	0.44445900	0.01656260
2486	0.46120300	0.44463800	0.01656510
2487	0.46138100	0.44481300	0.01656830
2488	0.46154800	0.44497600	0.01657200
2489	0.46171100	0.44513500	0.01657600
2490	0.46186600	0.44528500	0.01658070
2491	0.46201700	0.44543100	0.01658610
2492	0.46216600	0.44557400	0.01659220
2493	0.46232600	0.44572800	0.01659860
2494	0.46250900	0.44590400	0.01660530
2495	0.46272800	0.44611600	0.01661200
2496	0.46298900	0.44637000	0.01661840
2497	0.46330400	0.44667900	0.01662480
2498	0.46366500	0.44703400	0.01663100
2499	0.46407300	0.44743600	0.01663690
2500	0.46450800	0.44786500	0.01664270
