Time	Cd Total	Cd Pressure	Cd Viscous
1	-0.00843853	-0.00943970	0.00100117
2	0.00410485	0.00294410	0.00116075
3	0.01652030	0.01516770	0.00135264
4	0.02129960	0.01975740	0.00154219
5	0.01562560	0.01392780	0.00169785
6	0.00177427	-0.00001897	0.00179324
7	-0.01527910	-0.01712650	0.00184735
8	-0.03013940	-0.03201680	0.00187735
9	-0.03895450	-0.04084740	0.00189288
10	-0.04043510	-0.04233510	0.00189998
11	-0.03585290	-0.03775520	0.00190232
12	-0.02791720	-0.02981220	0.00189495
13	-0.01957250	-0.02144760	0.00187510
14	-0.01282190	-0.01466590	0.00184397
15	-0.00879539	-0.01060890	0.00181349
16	-0.00747171	-0.00925471	0.00178300
17	-0.00811125	-0.00986180	0.00175055
18	-0.00970856	-0.01142580	0.00171725
19	-0.01127920	-0.01296070	0.00168147
20	-0.01216060	-0.01380450	0.00164390
21	-0.01207450	-0.01368080	0.00160629
22	-0.01115880	-0.01273070	0.00157189
23	-0.00975620	-0.01129980	0.00154356
24	-0.00828931	-0.00981070	0.00152138
25	-0.00706661	-0.00857092	0.00150431
26	-0.00631429	-0.00780492	0.00149063
27	-0.00607312	-0.00755296	0.00147983
28	-0.00619191	-0.00766103	0.00146912
29	-0.00649178	-0.00794832	0.00145654
30	-0.00680896	-0.00825032	0.00144136
31	-0.00699296	-0.00841493	0.00142197
32	-0.00696692	-0.00836761	0.00140069
33	-0.00671903	-0.00809586	0.00137683
34	-0.00630798	-0.00766056	0.00135258
35	-0.00575088	-0.00707968	0.00132880
36	-0.00511204	-0.00642149	0.00130944
37	-0.00442995	-0.00572447	0.00129452
38	-0.00375960	-0.00504161	0.00128202
39	-0.00310853	-0.00437882	0.00127028
40	-0.00243562	-0.00369587	0.00126024
41	-0.00173831	-0.00299157	0.00125326
42	-0.00099612	-0.00224463	0.00124851
43	-0.00020851	-0.00145379	0.00124528
44	0.00060221	-0.00064031	0.00124251
45	0.00140018	0.00015892	0.00124125
46	0.00213527	0.00089330	0.00124197
47	0.00279175	0.00154829	0.00124346
48	0.00337036	0.00212580	0.00124456
49	0.00388218	0.00263804	0.00124414
50	0.00435374	0.00311151	0.00124223
51	0.00481308	0.00357407	0.00123901
52	0.00528454	0.00404931	0.00123523
53	0.00579569	0.00456463	0.00123106
54	0.00635855	0.00513232	0.00122623
55	0.00698724	0.00576643	0.00122081
56	0.00769800	0.00648307	0.00121493
57	0.00850753	0.00729951	0.00120802
58	0.00941738	0.00821742	0.00119997
59	0.01042730	0.00923698	0.00119035
60	0.01153620	0.01035660	0.00117962
61	0.01273550	0.01156820	0.00116737
62	0.01401590	0.01286250	0.00115344
63	0.01535210	0.01421410	0.00113792
64	0.01670950	0.01558840	0.00112116
65	0.01806640	0.01696290	0.00110343
66	0.01938950	0.01830430	0.00108525
67	0.02065360	0.01958650	0.00106706
68	0.02184470	0.02079540	0.00104934
69	0.02296060	0.02192830	0.00103233
70	0.02399690	0.02298040	0.00101644
71	0.02495390	0.02395250	0.00100143
72	0.02585160	0.02486400	0.00098762
73	0.02670170	0.02572690	0.00097478
74	0.02752080	0.02655840	0.00096241
75	0.02831690	0.02736670	0.00095025
76	0.02910270	0.02816450	0.00093818
77	0.02987780	0.02895200	0.00092575
78	0.03064340	0.02973060	0.00091279
79	0.03138290	0.03048260	0.00090033
80	0.03208500	0.03119750	0.00088744
81	0.03272920	0.03185480	0.00087432
82	0.03330910	0.03244880	0.00086035
83	0.03382230	0.03297620	0.00084610
84	0.03427690	0.03344540	0.00083154
85	0.03468650	0.03386990	0.00081665
86	0.03506450	0.03426290	0.00080160
87	0.03542180	0.03463500	0.00078679
88	0.03575700	0.03498480	0.00077225
89	0.03606450	0.03530640	0.00075808
90	0.03634220	0.03559890	0.00074333
91	0.03658640	0.03585880	0.00072755
92	0.03679510	0.03608340	0.00071176
93	0.03696020	0.03626450	0.00069572
94	0.03708590	0.03640570	0.00068012
95	0.03718410	0.03651950	0.00066465
96	0.03727330	0.03662310	0.00065023
97	0.03736990	0.03673350	0.00063641
98	0.03748010	0.03685670	0.00062340
99	0.03760770	0.03699690	0.00061086
100	0.03774720	0.03714800	0.00059926
101	0.03787060	0.03728300	0.00058759
102	0.03794540	0.03736880	0.00057656
103	0.03794040	0.03737510	0.00056536
104	0.03785540	0.03730050	0.00055489
105	0.03768460	0.03714060	0.00054409
106	0.03743200	0.03689670	0.00053535
107	0.03709740	0.03656950	0.00052789
108	0.03669570	0.03617200	0.00052371
109	0.03622710	0.03570470	0.00052247
110	0.03570360	0.03517870	0.00052486
111	0.03513880	0.03460900	0.00052989
112	0.03456540	0.03402810	0.00053724
113	0.03401580	0.03347040	0.00054546
114	0.03350140	0.03294730	0.00055417
115	0.03300600	0.03244420	0.00056181
116	0.03251130	0.03194430	0.00056705
117	0.03202160	0.03145180	0.00056982
118	0.03153980	0.03096840	0.00057136
119	0.03106730	0.03049580	0.00057151
120	0.03060250	0.03003230	0.00057019
121	0.03014740	0.02958060	0.00056684
122	0.02970210	0.02913930	0.00056277
123	0.02928750	0.02873000	0.00055756
124	0.02892560	0.02837450	0.00055115
125	0.02863030	0.02808640	0.00054396
126	0.02843330	0.02789740	0.00053589
127	0.02834090	0.02781370	0.00052724
128	0.02831100	0.02779260	0.00051846
129	0.02830230	0.02779130	0.00051100
130	0.02826750	0.02776290	0.00050461
131	0.02816250	0.02766280	0.00049973
132	0.02795790	0.02746190	0.00049602
133	0.02762460	0.02713110	0.00049350
134	0.02713990	0.02664640	0.00049349
135	0.02651530	0.02601890	0.00049641
136	0.02578170	0.02528000	0.00050169
137	0.02498910	0.02448020	0.00050889
138	0.02417490	0.02365730	0.00051755
139	0.02336680	0.02283850	0.00052823
140	0.02258080	0.02204030	0.00054054
141	0.02184720	0.02129330	0.00055396
142	0.02119500	0.02062820	0.00056685
143	0.02065380	0.02007550	0.00057835
144	0.02023760	0.01964990	0.00058777
145	0.01996610	0.01937060	0.00059547
146	0.01985040	0.01924870	0.00060169
147	0.01989490	0.01928820	0.00060675
148	0.02009740	0.01948680	0.00061056
149	0.02044220	0.01982940	0.00061279
150	0.02090910	0.02029580	0.00061331
151	0.02148290	0.02087100	0.00061192
152	0.02213640	0.02152750	0.00060896
153	0.02286250	0.02225800	0.00060447
154	0.02364640	0.02304800	0.00059844
155	0.02447570	0.02388430	0.00059134
156	0.02532100	0.02473790	0.00058315
157	0.02616090	0.02558760	0.00057336
158	0.02697340	0.02641190	0.00056144
159	0.02774510	0.02719760	0.00054757
160	0.02844660	0.02791460	0.00053199
161	0.02905110	0.02853650	0.00051463
162	0.02953370	0.02903760	0.00049619
163	0.02988720	0.02940990	0.00047730
164	0.03011820	0.02965980	0.00045839
165	0.03023800	0.02979760	0.00044038
166	0.03027540	0.02985170	0.00042370
167	0.03025550	0.02984650	0.00040903
168	0.03020020	0.02980340	0.00039680
169	0.03012640	0.02973900	0.00038744
170	0.03003450	0.02965350	0.00038096
171	0.02992040	0.02954330	0.00037710
172	0.02977940	0.02940430	0.00037509
173	0.02961120	0.02923710	0.00037408
174	0.02941770	0.02904430	0.00037342
175	0.02921400	0.02884130	0.00037264
176	0.02903170	0.02866040	0.00037127
177	0.02890610	0.02853730	0.00036873
178	0.02887970	0.02851460	0.00036510
179	0.02899380	0.02863360	0.00036020
180	0.02927630	0.02892150	0.00035484
181	0.02972980	0.02937930	0.00035046
182	0.03032290	0.02997480	0.00034814
183	0.03101230	0.03066340	0.00034891
184	0.03175700	0.03140430	0.00035275
185	0.03251220	0.03215320	0.00035901
186	0.03324710	0.03288040	0.00036675
187	0.03394120	0.03356550	0.00037566
188	0.03458190	0.03419680	0.00038517
189	0.03517950	0.03478440	0.00039505
190	0.03573800	0.03533300	0.00040501
191	0.03626570	0.03585110	0.00041457
192	0.03676670	0.03634360	0.00042313
193	0.03725460	0.03682440	0.00043026
194	0.03774470	0.03730860	0.00043605
195	0.03824580	0.03780490	0.00044095
196	0.03875240	0.03830680	0.00044561
197	0.03925770	0.03880720	0.00045052
198	0.03974760	0.03929140	0.00045615
199	0.04021740	0.03975490	0.00046250
200	0.04066050	0.04019080	0.00046962
201	0.04106680	0.04058930	0.00047752
202	0.04143050	0.04094470	0.00048584
203	0.04174260	0.04124840	0.00049417
204	0.04198990	0.04148740	0.00050257
205	0.04216750	0.04165630	0.00051116
206	0.04228140	0.04176160	0.00051980
207	0.04235310	0.04182460	0.00052849
208	0.04238300	0.04184640	0.00053662
209	0.04237160	0.04182760	0.00054396
210	0.04232800	0.04177710	0.00055085
211	0.04226440	0.04170700	0.00055741
212	0.04218670	0.04162300	0.00056367
213	0.04208460	0.04151520	0.00056944
214	0.04194290	0.04136800	0.00057488
215	0.04175060	0.04117080	0.00057975
216	0.04149160	0.04090790	0.00058371
217	0.04115170	0.04056490	0.00058675
218	0.04073060	0.04014180	0.00058885
219	0.04024140	0.03965140	0.00059002
220	0.03968960	0.03909890	0.00059067
221	0.03907980	0.03848910	0.00059072
222	0.03841620	0.03782580	0.00059044
223	0.03770560	0.03711570	0.00058984
224	0.03696500	0.03637590	0.00058915
225	0.03621250	0.03562400	0.00058848
226	0.03546870	0.03488080	0.00058791
227	0.03474890	0.03416140	0.00058748
228	0.03406380	0.03347660	0.00058721
229	0.03341260	0.03282510	0.00058745
230	0.03279920	0.03221090	0.00058832
231	0.03221750	0.03162770	0.00058985
232	0.03167060	0.03107930	0.00059136
233	0.03115860	0.03056600	0.00059260
234	0.03068760	0.03009430	0.00059335
235	0.03025830	0.02966480	0.00059348
236	0.02988150	0.02928860	0.00059295
237	0.02956890	0.02897690	0.00059200
238	0.02932500	0.02873420	0.00059073
239	0.02914830	0.02855900	0.00058933
240	0.02903350	0.02844580	0.00058768
241	0.02897420	0.02838820	0.00058598
242	0.02895780	0.02837350	0.00058426
243	0.02897350	0.02839100	0.00058248
244	0.02901090	0.02843020	0.00058062
245	0.02906070	0.02848220	0.00057847
246	0.02911360	0.02853760	0.00057600
247	0.02916310	0.02858950	0.00057354
248	0.02920550	0.02863460	0.00057089
249	0.02924500	0.02867700	0.00056797
250	0.02929100	0.02872630	0.00056462
251	0.02935490	0.02879400	0.00056095
252	0.02944490	0.02888790	0.00055705
253	0.02956550	0.02901260	0.00055290
254	0.02971690	0.02916840	0.00054850
255	0.02989370	0.02934980	0.00054383
256	0.03009030	0.02955130	0.00053896
257	0.03030220	0.02976810	0.00053409
258	0.03052140	0.02999180	0.00052961
259	0.03073740	0.03021160	0.00052587
260	0.03094000	0.03041690	0.00052313
261	0.03112090	0.03059940	0.00052149
262	0.03127490	0.03075390	0.00052097
263	0.03139670	0.03087520	0.00052150
264	0.03148790	0.03096490	0.00052294
265	0.03155230	0.03102730	0.00052509
266	0.03158800	0.03106020	0.00052780
267	0.03159090	0.03106020	0.00053073
268	0.03155540	0.03102170	0.00053378
269	0.03148690	0.03095000	0.00053683
270	0.03138330	0.03084350	0.00053981
271	0.03124880	0.03070630	0.00054246
272	0.03108670	0.03054190	0.00054474
273	0.03090750	0.03036080	0.00054674
274	0.03072110	0.03017280	0.00054826
275	0.03053410	0.02998460	0.00054949
276	0.03034420	0.02979360	0.00055064
277	0.03014490	0.02959310	0.00055181
278	0.02993120	0.02937820	0.00055301
279	0.02969760	0.02914360	0.00055393
280	0.02943310	0.02887880	0.00055430
281	0.02913790	0.02858390	0.00055397
282	0.02881220	0.02825930	0.00055287
283	0.02845930	0.02790830	0.00055108
284	0.02808020	0.02753140	0.00054873
285	0.02768040	0.02713450	0.00054593
286	0.02726570	0.02672290	0.00054285
287	0.02684330	0.02630380	0.00053950
288	0.02641770	0.02588180	0.00053596
289	0.02599520	0.02546300	0.00053218
290	0.02558360	0.02505530	0.00052823
291	0.02518910	0.02466490	0.00052417
292	0.02481610	0.02429600	0.00052003
293	0.02447100	0.02395510	0.00051594
294	0.02415710	0.02364520	0.00051189
295	0.02387780	0.02336980	0.00050803
296	0.02363170	0.02312730	0.00050438
297	0.02341510	0.02291410	0.00050105
298	0.02322210	0.02272410	0.00049801
299	0.02304450	0.02254910	0.00049542
300	0.02287400	0.02238080	0.00049323
301	0.02270740	0.02221600	0.00049140
302	0.02253830	0.02204840	0.00048986
303	0.02236320	0.02187460	0.00048869
304	0.02218120	0.02169350	0.00048777
305	0.02199010	0.02150310	0.00048700
306	0.02179830	0.02131180	0.00048649
307	0.02160850	0.02112230	0.00048621
308	0.02142220	0.02093600	0.00048626
309	0.02123880	0.02075190	0.00048686
310	0.02106040	0.02057230	0.00048812
311	0.02088920	0.02039940	0.00048984
312	0.02073100	0.02023900	0.00049198
313	0.02058680	0.02009240	0.00049440
314	0.02045690	0.01996000	0.00049695
315	0.02033890	0.01983940	0.00049948
316	0.02023410	0.01973230	0.00050186
317	0.02014120	0.01963720	0.00050396
318	0.02006480	0.01955900	0.00050576
319	0.02000470	0.01949740	0.00050729
320	0.01996580	0.01945720	0.00050858
321	0.01995010	0.01944060	0.00050955
322	0.01996110	0.01945080	0.00051027
323	0.02000050	0.01948950	0.00051106
324	0.02007150	0.01955900	0.00051256
325	0.02017200	0.01965750	0.00051448
326	0.02029690	0.01978020	0.00051665
327	0.02043930	0.01992040	0.00051897
328	0.02059140	0.02006990	0.00052151
329	0.02074740	0.02022300	0.00052442
330	0.02090170	0.02037390	0.00052772
331	0.02104990	0.02051840	0.00053150
332	0.02118970	0.02065410	0.00053565
333	0.02131640	0.02077620	0.00054012
334	0.02142850	0.02088370	0.00054484
335	0.02152610	0.02097630	0.00054976
336	0.02161410	0.02105940	0.00055475
337	0.02169410	0.02113440	0.00055973
338	0.02176890	0.02120430	0.00056458
339	0.02183960	0.02127030	0.00056935
340	0.02190400	0.02133000	0.00057401
341	0.02196070	0.02138210	0.00057860
342	0.02200670	0.02142350	0.00058317
343	0.02204300	0.02145520	0.00058783
344	0.02206920	0.02147680	0.00059248
345	0.02208630	0.02148930	0.00059702
346	0.02209260	0.02149120	0.00060142
347	0.02208870	0.02148300	0.00060569
348	0.02207300	0.02146320	0.00060983
349	0.02204800	0.02143420	0.00061375
350	0.02201380	0.02139650	0.00061728
351	0.02197410	0.02135370	0.00062034
352	0.02193000	0.02130720	0.00062285
353	0.02188200	0.02125710	0.00062490
354	0.02183190	0.02120560	0.00062638
355	0.02177980	0.02115230	0.00062751
356	0.02172510	0.02109660	0.00062853
357	0.02166830	0.02103880	0.00062949
358	0.02161140	0.02098110	0.00063032
359	0.02155840	0.02092740	0.00063101
360	0.02151190	0.02088030	0.00063155
361	0.02147710	0.02084510	0.00063194
362	0.02145610	0.02082380	0.00063228
363	0.02145190	0.02081930	0.00063263
364	0.02146150	0.02082850	0.00063296
365	0.02148140	0.02084810	0.00063325
366	0.02150620	0.02087270	0.00063343
367	0.02153050	0.02089700	0.00063351
368	0.02155050	0.02091690	0.00063354
369	0.02156380	0.02093020	0.00063354
370	0.02156960	0.02093610	0.00063353
371	0.02156960	0.02093610	0.00063351
372	0.02156610	0.02093260	0.00063354
373	0.02156090	0.02092730	0.00063363
374	0.02155550	0.02092180	0.00063380
375	0.02155060	0.02091650	0.00063405
376	0.02154710	0.02091270	0.00063441
377	0.02154430	0.02090950	0.00063488
378	0.02153930	0.02090380	0.00063544
379	0.02153010	0.02089410	0.00063606
380	0.02151620	0.02087940	0.00063673
381	0.02149660	0.02085920	0.00063741
382	0.02147190	0.02083380	0.00063807
383	0.02144350	0.02080480	0.00063873
384	0.02141200	0.02077270	0.00063935
385	0.02137890	0.02073900	0.00063991
386	0.02134550	0.02070500	0.00064041
387	0.02131210	0.02067120	0.00064085
388	0.02127940	0.02063820	0.00064122
389	0.02124580	0.02060430	0.00064149
390	0.02120970	0.02056800	0.00064165
391	0.02116980	0.02052810	0.00064170
392	0.02112580	0.02048420	0.00064160
393	0.02107780	0.02043650	0.00064137
394	0.02102570	0.02038470	0.00064106
395	0.02096960	0.02032890	0.00064067
396	0.02091060	0.02027040	0.00064021
397	0.02084930	0.02020960	0.00063969
398	0.02078660	0.02014750	0.00063914
399	0.02072250	0.02008390	0.00063856
400	0.02065670	0.02001870	0.00063796
401	0.02058990	0.01995250	0.00063735
402	0.02052250	0.01988580	0.00063674
403	0.02045410	0.01981800	0.00063613
404	0.02038520	0.01974970	0.00063553
405	0.02031570	0.01968080	0.00063493
406	0.02024580	0.01961150	0.00063433
407	0.02017510	0.01954140	0.00063373
408	0.02010400	0.01947090	0.00063310
409	0.02003230	0.01939990	0.00063245
410	0.01996040	0.01932860	0.00063176
411	0.01988840	0.01925740	0.00063103
412	0.01981500	0.01918480	0.00063025
413	0.01973920	0.01910980	0.00062942
414	0.01965950	0.01903100	0.00062853
415	0.01957340	0.01894580	0.00062759
416	0.01947990	0.01885330	0.00062659
417	0.01937720	0.01875160	0.00062555
418	0.01926480	0.01864030	0.00062447
419	0.01914230	0.01851890	0.00062338
420	0.01900920	0.01838690	0.00062233
421	0.01886490	0.01824350	0.00062133
422	0.01871060	0.01809020	0.00062036
423	0.01854710	0.01792760	0.00061945
424	0.01837590	0.01775730	0.00061858
425	0.01819690	0.01757910	0.00061774
426	0.01801160	0.01739470	0.00061694
427	0.01782140	0.01720530	0.00061616
428	0.01762870	0.01701330	0.00061539
429	0.01743460	0.01682000	0.00061461
430	0.01724220	0.01662840	0.00061379
431	0.01705380	0.01644090	0.00061293
432	0.01687230	0.01626030	0.00061200
433	0.01670010	0.01608910	0.00061100
434	0.01654030	0.01593040	0.00060994
435	0.01639630	0.01578750	0.00060883
436	0.01627030	0.01566260	0.00060768
437	0.01616270	0.01555620	0.00060649
438	0.01607340	0.01546810	0.00060529
439	0.01600140	0.01539730	0.00060410
440	0.01594600	0.01534310	0.00060293
441	0.01590430	0.01530250	0.00060180
442	0.01587620	0.01527550	0.00060074
443	0.01586030	0.01526060	0.00059972
444	0.01585470	0.01525600	0.00059875
445	0.01585780	0.01526000	0.00059784
446	0.01586840	0.01527140	0.00059699
447	0.01588600	0.01528980	0.00059620
448	0.01590790	0.01531240	0.00059545
449	0.01593330	0.01533860	0.00059473
450	0.01595970	0.01536570	0.00059400
451	0.01598390	0.01539090	0.00059300
452	0.01600520	0.01541320	0.00059200
453	0.01602430	0.01543300	0.00059128
454	0.01604310	0.01545220	0.00059090
455	0.01606380	0.01547330	0.00059046
456	0.01608680	0.01549690	0.00058988
457	0.01611050	0.01552140	0.00058915
458	0.01613350	0.01554520	0.00058833
459	0.01615380	0.01556640	0.00058745
460	0.01617140	0.01558480	0.00058655
461	0.01618630	0.01560070	0.00058560
462	0.01619920	0.01561460	0.00058461
463	0.01621200	0.01562830	0.00058362
464	0.01622640	0.01564390	0.00058256
465	0.01624410	0.01566270	0.00058146
466	0.01626630	0.01568610	0.00058025
467	0.01629500	0.01571610	0.00057891
468	0.01633040	0.01575300	0.00057739
469	0.01637310	0.01579740	0.00057570
470	0.01642160	0.01584780	0.00057381
471	0.01647610	0.01590430	0.00057175
472	0.01653660	0.01596710	0.00056949
473	0.01660290	0.01603590	0.00056696
474	0.01667280	0.01610860	0.00056413
475	0.01674610	0.01618510	0.00056102
476	0.01682280	0.01626510	0.00055771
477	0.01690270	0.01634850	0.00055422
478	0.01698690	0.01643630	0.00055059
479	0.01707580	0.01652890	0.00054688
480	0.01716940	0.01662620	0.00054319
481	0.01726620	0.01672670	0.00053950
482	0.01736640	0.01683060	0.00053588
483	0.01747160	0.01693930	0.00053223
484	0.01758520	0.01705680	0.00052838
485	0.01770810	0.01718360	0.00052445
486	0.01784150	0.01732080	0.00052068
487	0.01798420	0.01746700	0.00051714
488	0.01813610	0.01762230	0.00051375
489	0.01829510	0.01778460	0.00051048
490	0.01846040	0.01795310	0.00050731
491	0.01863130	0.01812700	0.00050428
492	0.01880540	0.01830400	0.00050141
493	0.01897980	0.01848110	0.00049870
494	0.01915220	0.01865620	0.00049608
495	0.01932240	0.01882900	0.00049347
496	0.01949030	0.01899930	0.00049098
497	0.01965860	0.01916990	0.00048871
498	0.01982610	0.01933930	0.00048674
499	0.01999460	0.01950960	0.00048501
500	0.02016540	0.01968190	0.00048352
501	0.02033960	0.01985720	0.00048233
502	0.02051660	0.02003510	0.00048147
503	0.02069630	0.02021550	0.00048088
504	0.02087560	0.02039510	0.00048049
505	0.02105390	0.02057370	0.00048023
506	0.02122850	0.02074840	0.00048004
507	0.02139970	0.02091970	0.00047994
508	0.02156530	0.02108530	0.00048001
509	0.02172190	0.02124170	0.00048022
510	0.02186430	0.02138370	0.00048050
511	0.02198750	0.02150680	0.00048076
512	0.02208940	0.02160850	0.00048095
513	0.02216840	0.02168730	0.00048105
514	0.02222430	0.02174330	0.00048102
515	0.02225890	0.02177800	0.00048084
516	0.02227090	0.02179040	0.00048053
517	0.02226080	0.02178080	0.00048003
518	0.02222790	0.02174850	0.00047938
519	0.02217100	0.02169240	0.00047867
520	0.02209060	0.02161280	0.00047783
521	0.02199000	0.02151320	0.00047683
522	0.02187670	0.02140090	0.00047577
523	0.02175680	0.02128210	0.00047469
524	0.02163700	0.02116340	0.00047359
525	0.02151950	0.02104700	0.00047248
526	0.02140460	0.02093320	0.00047137
527	0.02129120	0.02082090	0.00047025
528	0.02117920	0.02071010	0.00046915
529	0.02106920	0.02060110	0.00046806
530	0.02096310	0.02049610	0.00046706
531	0.02086360	0.02039740	0.00046615
532	0.02077260	0.02030730	0.00046538
533	0.02069020	0.02022550	0.00046476
534	0.02061460	0.02015030	0.00046431
535	0.02054540	0.02008130	0.00046402
536	0.02048400	0.02002010	0.00046388
537	0.02043010	0.01996630	0.00046387
538	0.02038220	0.01991820	0.00046400
539	0.02033800	0.01987370	0.00046427
540	0.02029730	0.01983260	0.00046470
541	0.02025790	0.01979260	0.00046530
542	0.02021850	0.01975240	0.00046603
543	0.02017580	0.01970890	0.00046691
544	0.02012680	0.01965890	0.00046793
545	0.02007010	0.01960110	0.00046904
546	0.02000460	0.01953440	0.00047020
547	0.01992900	0.01945770	0.00047136
548	0.01984290	0.01937040	0.00047252
549	0.01974850	0.01927480	0.00047366
550	0.01964930	0.01917450	0.00047480
551	0.01954780	0.01907190	0.00047592
552	0.01944900	0.01897190	0.00047703
553	0.01935630	0.01887820	0.00047812
554	0.01927220	0.01879300	0.00047921
555	0.01919900	0.01871870	0.00048026
556	0.01913960	0.01865840	0.00048126
557	0.01909500	0.01861280	0.00048220
558	0.01906530	0.01858220	0.00048307
559	0.01904940	0.01856560	0.00048387
560	0.01904770	0.01856310	0.00048461
561	0.01905990	0.01857460	0.00048531
562	0.01908540	0.01859940	0.00048598
563	0.01912240	0.01863590	0.00048658
564	0.01916880	0.01868170	0.00048712
565	0.01922220	0.01873460	0.00048759
566	0.01927940	0.01879150	0.00048799
567	0.01933780	0.01884950	0.00048827
568	0.01939490	0.01890640	0.00048846
569	0.01944970	0.01896120	0.00048854
570	0.01950010	0.01901160	0.00048852
571	0.01954440	0.01905600	0.00048842
572	0.01958150	0.01909330	0.00048822
573	0.01961160	0.01912360	0.00048795
574	0.01963590	0.01914830	0.00048761
575	0.01965570	0.01916850	0.00048724
576	0.01966920	0.01918230	0.00048686
577	0.01967480	0.01918830	0.00048648
578	0.01967070	0.01918460	0.00048613
579	0.01965930	0.01917350	0.00048579
580	0.01964360	0.01915810	0.00048547
581	0.01962770	0.01914260	0.00048517
582	0.01961540	0.01913050	0.00048491
583	0.01961090	0.01912630	0.00048466
584	0.01961580	0.01913130	0.00048444
585	0.01963130	0.01914710	0.00048420
586	0.01965530	0.01917140	0.00048391
587	0.01968760	0.01920400	0.00048355
588	0.01972620	0.01924310	0.00048308
589	0.01977150	0.01928900	0.00048249
590	0.01982140	0.01933950	0.00048188
591	0.01987490	0.01939360	0.00048135
592	0.01992840	0.01944750	0.00048084
593	0.01997880	0.01949850	0.00048026
594	0.02002200	0.01954250	0.00047953
595	0.02005730	0.01957870	0.00047866
596	0.02008500	0.01960730	0.00047768
597	0.02010750	0.01963090	0.00047660
598	0.02012900	0.01965360	0.00047546
599	0.02014840	0.01967410	0.00047432
600	0.02016870	0.01969550	0.00047323
601	0.02019220	0.01972000	0.00047226
602	0.02022120	0.01974980	0.00047148
603	0.02025810	0.01978720	0.00047092
604	0.02030240	0.01983180	0.00047058
605	0.02035600	0.01988550	0.00047044
606	0.02041700	0.01994660	0.00047046
607	0.02048190	0.02001140	0.00047057
608	0.02054660	0.02007580	0.00047073
609	0.02060620	0.02013530	0.00047092
610	0.02065920	0.02018800	0.00047116
611	0.02070350	0.02023200	0.00047146
612	0.02073990	0.02026810	0.00047181
613	0.02077110	0.02029890	0.00047223
614	0.02079950	0.02032680	0.00047270
615	0.02082710	0.02035390	0.00047323
616	0.02085510	0.02038130	0.00047381
617	0.02088300	0.02040850	0.00047448
618	0.02091110	0.02043590	0.00047523
619	0.02093950	0.02046340	0.00047608
620	0.02097010	0.02049310	0.00047702
621	0.02100300	0.02052490	0.00047806
622	0.02104000	0.02056080	0.00047923
623	0.02108170	0.02060120	0.00048053
624	0.02112720	0.02064520	0.00048194
625	0.02117470	0.02069120	0.00048345
626	0.02122030	0.02073520	0.00048506
627	0.02126060	0.02077390	0.00048673
628	0.02129140	0.02080300	0.00048845
629	0.02131120	0.02082110	0.00049019
630	0.02131920	0.02082730	0.00049193
631	0.02131530	0.02082170	0.00049367
632	0.02130040	0.02080500	0.00049539
633	0.02127480	0.02077770	0.00049705
634	0.02124000	0.02074130	0.00049866
635	0.02119870	0.02069850	0.00050022
636	0.02115380	0.02065200	0.00050173
637	0.02110720	0.02060400	0.00050319
638	0.02106130	0.02055670	0.00050460
639	0.02101860	0.02051260	0.00050597
640	0.02098160	0.02047430	0.00050731
641	0.02095240	0.02044380	0.00050862
642	0.02093140	0.02042150	0.00050990
643	0.02092060	0.02040940	0.00051119
644	0.02091950	0.02040700	0.00051250
645	0.02092760	0.02041380	0.00051383
646	0.02094400	0.02042880	0.00051520
647	0.02096760	0.02045090	0.00051662
648	0.02099610	0.02047790	0.00051811
649	0.02102790	0.02050830	0.00051965
650	0.02106060	0.02053940	0.00052124
651	0.02109290	0.02057000	0.00052285
652	0.02112240	0.02059790	0.00052448
653	0.02114830	0.02062220	0.00052613
654	0.02117120	0.02064340	0.00052782
655	0.02119300	0.02066340	0.00052957
656	0.02121530	0.02068390	0.00053140
657	0.02124000	0.02070670	0.00053332
658	0.02126670	0.02073130	0.00053536
659	0.02129410	0.02075660	0.00053751
660	0.02132030	0.02078050	0.00053977
661	0.02134470	0.02080260	0.00054212
662	0.02136710	0.02082260	0.00054454
663	0.02138740	0.02084040	0.00054700
664	0.02140630	0.02085680	0.00054951
665	0.02142490	0.02087290	0.00055204
666	0.02144430	0.02088970	0.00055459
667	0.02146460	0.02090750	0.00055715
668	0.02148570	0.02092600	0.00055970
669	0.02150630	0.02094400	0.00056224
670	0.02152520	0.02096050	0.00056474
671	0.02154090	0.02097370	0.00056720
672	0.02155180	0.02098210	0.00056964
673	0.02155630	0.02098430	0.00057205
674	0.02155390	0.02097940	0.00057442
675	0.02154480	0.02096810	0.00057672
676	0.02152920	0.02095020	0.00057897
677	0.02150800	0.02092680	0.00058117
678	0.02148190	0.02089860	0.00058331
679	0.02145150	0.02086610	0.00058540
680	0.02141690	0.02082950	0.00058745
681	0.02137840	0.02078890	0.00058945
682	0.02133660	0.02074520	0.00059141
683	0.02129280	0.02069950	0.00059333
684	0.02124930	0.02065410	0.00059521
685	0.02120750	0.02061050	0.00059706
686	0.02116960	0.02057080	0.00059885
687	0.02113650	0.02053590	0.00060059
688	0.02110990	0.02050760	0.00060232
689	0.02108960	0.02048550	0.00060404
690	0.02107490	0.02046910	0.00060575
691	0.02106490	0.02045740	0.00060748
692	0.02105850	0.02044920	0.00060924
693	0.02105070	0.02043970	0.00061102
694	0.02103790	0.02042510	0.00061280
695	0.02101790	0.02040330	0.00061458
696	0.02099130	0.02037500	0.00061631
697	0.02096110	0.02034310	0.00061799
698	0.02093000	0.02031040	0.00061962
699	0.02089950	0.02027840	0.00062116
700	0.02087170	0.02024910	0.00062261
701	0.02084770	0.02022380	0.00062396
702	0.02082910	0.02020390	0.00062519
703	0.02081500	0.02018860	0.00062632
704	0.02080570	0.02017840	0.00062732
705	0.02080110	0.02017290	0.00062823
706	0.02080020	0.02017120	0.00062904
707	0.02080220	0.02017250	0.00062971
708	0.02080600	0.02017580	0.00063023
709	0.02081020	0.02017960	0.00063064
710	0.02081320	0.02018220	0.00063100
711	0.02081270	0.02018140	0.00063129
712	0.02080800	0.02017650	0.00063150
713	0.02079860	0.02016700	0.00063160
714	0.02078640	0.02015480	0.00063159
715	0.02077220	0.02014070	0.00063149
716	0.02075920	0.02012790	0.00063127
717	0.02074770	0.02011670	0.00063096
718	0.02074000	0.02010940	0.00063054
719	0.02073790	0.02010790	0.00063001
720	0.02074080	0.02011140	0.00062941
721	0.02074750	0.02011870	0.00062873
722	0.02075720	0.02012920	0.00062799
723	0.02076880	0.02014160	0.00062722
724	0.02078210	0.02015570	0.00062645
725	0.02079760	0.02017190	0.00062574
726	0.02081400	0.02018890	0.00062512
727	0.02082980	0.02020520	0.00062461
728	0.02084550	0.02022130	0.00062419
729	0.02086150	0.02023770	0.00062385
730	0.02087800	0.02025440	0.00062358
731	0.02089510	0.02027170	0.00062334
732	0.02091380	0.02029070	0.00062311
733	0.02093440	0.02031150	0.00062285
734	0.02095470	0.02033200	0.00062262
735	0.02097260	0.02035030	0.00062236
736	0.02098600	0.02036400	0.00062205
737	0.02099300	0.02037140	0.00062165
738	0.02099230	0.02037120	0.00062115
739	0.02098400	0.02036340	0.00062060
740	0.02096800	0.02034800	0.00062001
741	0.02094640	0.02032690	0.00061950
742	0.02091770	0.02029860	0.00061908
743	0.02088170	0.02026290	0.00061881
744	0.02083640	0.02021770	0.00061869
745	0.02078010	0.02016140	0.00061870
746	0.02071000	0.02009120	0.00061882
747	0.02062650	0.02000750	0.00061901
748	0.02052700	0.01990780	0.00061924
749	0.02041140	0.01979200	0.00061949
750	0.02028010	0.01966030	0.00061975
751	0.02013560	0.01951560	0.00062003
752	0.01998010	0.01935980	0.00062031
753	0.01981640	0.01919580	0.00062057
754	0.01964380	0.01902300	0.00062082
755	0.01946540	0.01884430	0.00062104
756	0.01928480	0.01866360	0.00062125
757	0.01910750	0.01848600	0.00062146
758	0.01893340	0.01831170	0.00062169
759	0.01876680	0.01814490	0.00062195
760	0.01860890	0.01798670	0.00062221
761	0.01846090	0.01783840	0.00062247
762	0.01832290	0.01770010	0.00062273
763	0.01819610	0.01757310	0.00062296
764	0.01808290	0.01745970	0.00062317
765	0.01798250	0.01735920	0.00062334
766	0.01789230	0.01726880	0.00062347
767	0.01780910	0.01718560	0.00062351
768	0.01773180	0.01710840	0.00062346
769	0.01766010	0.01703690	0.00062327
770	0.01759520	0.01697220	0.00062297
771	0.01753560	0.01691300	0.00062255
772	0.01748110	0.01685910	0.00062203
773	0.01743100	0.01680960	0.00062140
774	0.01738830	0.01676770	0.00062066
775	0.01735210	0.01673230	0.00061983
776	0.01732470	0.01670580	0.00061890
777	0.01730760	0.01668970	0.00061790
778	0.01730370	0.01668690	0.00061683
779	0.01731370	0.01669800	0.00061570
780	0.01733760	0.01672310	0.00061452
781	0.01737550	0.01676220	0.00061328
782	0.01742740	0.01681540	0.00061199
783	0.01749100	0.01688030	0.00061067
784	0.01756350	0.01695410	0.00060932
785	0.01764040	0.01703240	0.00060792
786	0.01771990	0.01711350	0.00060646
787	0.01780100	0.01719610	0.00060492
788	0.01788280	0.01727930	0.00060342
789	0.01796540	0.01736350	0.00060189
790	0.01804740	0.01744710	0.00060028
791	0.01812860	0.01753000	0.00059863
792	0.01820890	0.01761190	0.00059700
793	0.01828990	0.01769440	0.00059542
794	0.01837170	0.01777780	0.00059389
795	0.01845340	0.01786100	0.00059239
796	0.01853120	0.01794020	0.00059096
797	0.01860250	0.01801290	0.00058959
798	0.01866290	0.01807460	0.00058826
799	0.01871110	0.01812410	0.00058695
800	0.01874550	0.01815980	0.00058565
801	0.01876800	0.01818360	0.00058438
802	0.01878050	0.01819740	0.00058314
803	0.01878680	0.01820490	0.00058190
804	0.01879110	0.01821040	0.00058065
805	0.01879590	0.01821650	0.00057940
806	0.01880170	0.01822360	0.00057815
807	0.01881170	0.01823470	0.00057692
808	0.01882600	0.01825030	0.00057572
809	0.01884510	0.01827050	0.00057457
810	0.01886810	0.01829460	0.00057347
811	0.01889320	0.01832080	0.00057239
812	0.01891930	0.01834800	0.00057132
813	0.01894450	0.01837430	0.00057018
814	0.01896830	0.01839930	0.00056897
815	0.01899190	0.01842420	0.00056767
816	0.01901690	0.01845060	0.00056633
817	0.01904410	0.01847920	0.00056496
818	0.01907470	0.01851110	0.00056360
819	0.01910770	0.01854540	0.00056227
820	0.01914350	0.01858250	0.00056095
821	0.01917990	0.01862030	0.00055961
822	0.01921860	0.01866030	0.00055824
823	0.01925810	0.01870120	0.00055687
824	0.01929780	0.01874230	0.00055551
825	0.01933550	0.01878130	0.00055416
826	0.01937210	0.01881930	0.00055282
827	0.01940730	0.01885590	0.00055146
828	0.01944330	0.01889330	0.00055006
829	0.01947980	0.01893120	0.00054858
830	0.01951760	0.01897060	0.00054705
831	0.01955540	0.01900970	0.00054563
832	0.01959330	0.01904900	0.00054431
833	0.01963080	0.01908770	0.00054301
834	0.01966690	0.01912510	0.00054184
835	0.01970030	0.01915950	0.00054078
836	0.01973000	0.01919020	0.00053981
837	0.01975430	0.01921540	0.00053894
838	0.01977250	0.01923430	0.00053815
839	0.01978330	0.01924590	0.00053743
840	0.01978640	0.01924960	0.00053680
841	0.01978140	0.01924510	0.00053623
842	0.01976770	0.01923200	0.00053567
843	0.01974480	0.01920970	0.00053509
844	0.01971120	0.01917670	0.00053448
845	0.01966650	0.01913260	0.00053384
846	0.01961210	0.01907890	0.00053317
847	0.01955110	0.01901870	0.00053246
848	0.01948730	0.01895550	0.00053176
849	0.01942330	0.01889230	0.00053104
850	0.01936170	0.01883140	0.00053027
851	0.01930220	0.01877280	0.00052943
852	0.01924480	0.01871620	0.00052854
853	0.01918880	0.01866120	0.00052761
854	0.01913400	0.01860740	0.00052663
855	0.01907860	0.01855300	0.00052557
856	0.01902150	0.01849720	0.00052437
857	0.01896310	0.01844000	0.00052310
858	0.01890450	0.01838270	0.00052177
859	0.01884730	0.01832690	0.00052038
860	0.01879340	0.01827450	0.00051893
861	0.01874420	0.01822670	0.00051749
862	0.01870080	0.01818470	0.00051604
863	0.01866500	0.01815040	0.00051460
864	0.01863990	0.01812660	0.00051327
865	0.01862870	0.01811660	0.00051211
866	0.01863400	0.01812290	0.00051109
867	0.01865580	0.01814560	0.00051024
868	0.01869120	0.01818170	0.00050956
869	0.01873540	0.01822630	0.00050906
870	0.01878340	0.01827470	0.00050871
871	0.01883300	0.01832440	0.00050852
872	0.01888330	0.01837490	0.00050845
873	0.01893490	0.01842640	0.00050849
874	0.01898820	0.01847960	0.00050861
875	0.01904360	0.01853480	0.00050884
876	0.01910020	0.01859110	0.00050915
877	0.01915750	0.01864800	0.00050951
878	0.01921400	0.01870410	0.00050986
879	0.01927020	0.01876000	0.00051024
880	0.01932550	0.01881480	0.00051066
881	0.01938040	0.01886920	0.00051114
882	0.01943300	0.01892120	0.00051171
883	0.01948260	0.01897020	0.00051237
884	0.01952790	0.01901480	0.00051309
885	0.01956920	0.01905540	0.00051385
886	0.01960570	0.01909110	0.00051463
887	0.01963720	0.01912180	0.00051541
888	0.01966340	0.01914720	0.00051621
889	0.01968410	0.01916710	0.00051701
890	0.01969920	0.01918140	0.00051782
891	0.01970940	0.01919080	0.00051864
892	0.01971500	0.01919550	0.00051949
893	0.01971760	0.01919720	0.00052038
894	0.01971750	0.01919630	0.00052129
895	0.01971570	0.01919350	0.00052220
896	0.01971310	0.01918990	0.00052313
897	0.01970980	0.01918570	0.00052408
898	0.01970710	0.01918200	0.00052505
899	0.01970580	0.01917980	0.00052605
900	0.01970760	0.01918050	0.00052708
901	0.01971140	0.01918330	0.00052814
902	0.01971760	0.01918830	0.00052922
903	0.01972470	0.01919440	0.00053031
904	0.01973150	0.01920010	0.00053141
905	0.01973720	0.01920470	0.00053250
906	0.01974180	0.01920820	0.00053356
907	0.01974590	0.01921130	0.00053460
908	0.01975020	0.01921460	0.00053562
909	0.01975560	0.01921900	0.00053660
910	0.01976260	0.01922500	0.00053755
911	0.01977080	0.01923230	0.00053848
912	0.01977890	0.01923950	0.00053937
913	0.01978510	0.01924480	0.00054022
914	0.01978810	0.01924710	0.00054104
915	0.01978780	0.01924600	0.00054182
916	0.01978370	0.01924120	0.00054256
917	0.01977600	0.01923270	0.00054327
918	0.01976490	0.01922100	0.00054394
919	0.01975160	0.01920700	0.00054457
920	0.01973660	0.01919140	0.00054517
921	0.01972000	0.01917430	0.00054575
922	0.01970190	0.01915560	0.00054630
923	0.01968250	0.01913570	0.00054684
924	0.01966130	0.01911390	0.00054736
925	0.01963840	0.01909050	0.00054787
926	0.01961380	0.01906540	0.00054838
927	0.01958810	0.01903930	0.00054888
928	0.01956260	0.01901320	0.00054938
929	0.01953720	0.01898730	0.00054989
930	0.01951310	0.01896270	0.00055041
931	0.01949140	0.01894040	0.00055095
932	0.01947340	0.01892190	0.00055152
933	0.01946040	0.01890830	0.00055214
934	0.01945260	0.01889980	0.00055280
935	0.01944930	0.01889580	0.00055351
936	0.01944980	0.01889550	0.00055428
937	0.01945360	0.01889850	0.00055510
938	0.01946040	0.01890440	0.00055595
939	0.01947050	0.01891370	0.00055685
940	0.01948310	0.01892530	0.00055777
941	0.01949740	0.01893870	0.00055872
942	0.01951250	0.01895280	0.00055968
943	0.01952840	0.01896780	0.00056064
944	0.01954500	0.01898340	0.00056159
945	0.01956280	0.01900030	0.00056254
946	0.01958140	0.01901790	0.00056346
947	0.01960040	0.01903600	0.00056436
948	0.01962070	0.01905550	0.00056523
949	0.01964480	0.01907880	0.00056608
950	0.01967480	0.01910790	0.00056691
951	0.01971220	0.01914440	0.00056775
952	0.01975830	0.01918970	0.00056860
953	0.01981440	0.01924490	0.00056949
954	0.01988200	0.01931160	0.00057043
955	0.01995960	0.01938820	0.00057144
956	0.02004520	0.01947270	0.00057253
957	0.02013600	0.01956230	0.00057370
958	0.02022870	0.01965380	0.00057496
959	0.02032030	0.01974400	0.00057629
960	0.02040700	0.01982930	0.00057767
961	0.02048430	0.01990520	0.00057907
962	0.02054850	0.01996800	0.00058046
963	0.02059830	0.02001650	0.00058180
964	0.02063310	0.02005000	0.00058306
965	0.02065540	0.02007110	0.00058424
966	0.02066740	0.02008210	0.00058532
967	0.02067360	0.02008730	0.00058631
968	0.02067720	0.02008990	0.00058722
969	0.02068030	0.02009220	0.00058807
970	0.02068340	0.02009450	0.00058888
971	0.02068670	0.02009700	0.00058965
972	0.02068930	0.02009900	0.00059038
973	0.02069010	0.02009900	0.00059106
974	0.02068800	0.02009630	0.00059170
975	0.02068260	0.02009030	0.00059230
976	0.02067440	0.02008160	0.00059285
977	0.02066400	0.02007070	0.00059334
978	0.02065160	0.02005790	0.00059373
979	0.02063610	0.02004210	0.00059403
980	0.02061820	0.02002400	0.00059423
981	0.02059850	0.02000410	0.00059433
982	0.02057780	0.01998350	0.00059432
983	0.02055680	0.01996260	0.00059420
984	0.02053600	0.01994200	0.00059399
985	0.02051590	0.01992220	0.00059370
986	0.02049830	0.01990500	0.00059334
987	0.02048490	0.01989200	0.00059291
988	0.02047620	0.01988370	0.00059244
989	0.02047260	0.01988060	0.00059192
990	0.02047500	0.01988360	0.00059140
991	0.02048310	0.01989220	0.00059088
992	0.02049640	0.01990610	0.00059036
993	0.02051410	0.01992420	0.00058986
994	0.02053530	0.01994600	0.00058937
995	0.02055930	0.01997040	0.00058889
996	0.02058440	0.01999600	0.00058845
997	0.02060950	0.02002140	0.00058805
998	0.02063380	0.02004610	0.00058771
999	0.02065650	0.02006900	0.00058744
1000	0.02067720	0.02008990	0.00058725
1001	0.02069490	0.02010780	0.00058716
1002	0.02070900	0.02012180	0.00058717
1003	0.02071840	0.02013110	0.00058730
1004	0.02072290	0.02013540	0.00058755
1005	0.02072190	0.02013390	0.00058795
1006	0.02071540	0.02012690	0.00058849
1007	0.02070330	0.02011410	0.00058916
1008	0.02068570	0.02009580	0.00058993
1009	0.02066280	0.02007200	0.00059078
1010	0.02063560	0.02004390	0.00059169
1011	0.02060470	0.02001210	0.00059264
1012	0.02057060	0.01997700	0.00059357
1013	0.02053370	0.01993920	0.00059447
1014	0.02049560	0.01990020	0.00059532
1015	0.02045720	0.01986110	0.00059612
1016	0.02042040	0.01982360	0.00059684
1017	0.02038540	0.01978790	0.00059744
1018	0.02035370	0.01975580	0.00059794
1019	0.02032610	0.01972780	0.00059833
1020	0.02030410	0.01970550	0.00059862
1021	0.02028810	0.01968930	0.00059879
1022	0.02027840	0.01967960	0.00059884
1023	0.02027430	0.01967550	0.00059878
1024	0.02027580	0.01967720	0.00059861
1025	0.02028180	0.01968350	0.00059836
1026	0.02029090	0.01969280	0.00059803
1027	0.02030030	0.01970270	0.00059764
1028	0.02030760	0.01971040	0.00059722
1029	0.02031130	0.01971450	0.00059678
1030	0.02030990	0.01971360	0.00059631
1031	0.02030280	0.01970690	0.00059583
1032	0.02028970	0.01969430	0.00059533
1033	0.02027090	0.01967610	0.00059482
1034	0.02024770	0.01965340	0.00059433
1035	0.02022160	0.01962760	0.00059393
1036	0.02019390	0.01960020	0.00059364
1037	0.02016820	0.01957470	0.00059349
1038	0.02014620	0.01955270	0.00059350
1039	0.02013050	0.01953690	0.00059369
1040	0.02012190	0.01952780	0.00059404
1041	0.02012110	0.01952650	0.00059459
1042	0.02012710	0.01953180	0.00059532
1043	0.02013720	0.01954100	0.00059618
1044	0.02014730	0.01955010	0.00059715
1045	0.02015440	0.01955620	0.00059817
1046	0.02015670	0.01955750	0.00059922
1047	0.02015370	0.01955340	0.00060031
1048	0.02014610	0.01954470	0.00060145
1049	0.02013440	0.01953170	0.00060267
1050	0.02011850	0.01951450	0.00060398
1051	0.02009860	0.01949320	0.00060540
1052	0.02007430	0.01946740	0.00060687
1053	0.02004550	0.01943710	0.00060837
1054	0.02001130	0.01940150	0.00060986
1055	0.01997060	0.01935920	0.00061135
1056	0.01992310	0.01931030	0.00061283
1057	0.01986940	0.01925510	0.00061430
1058	0.01981040	0.01919460	0.00061572
1059	0.01974650	0.01912950	0.00061706
1060	0.01968000	0.01906170	0.00061831
1061	0.01961190	0.01899250	0.00061942
1062	0.01954450	0.01892410	0.00062039
1063	0.01947910	0.01885780	0.00062124
1064	0.01941600	0.01879400	0.00062196
1065	0.01935510	0.01873260	0.00062253
1066	0.01929650	0.01867350	0.00062296
1067	0.01924050	0.01861730	0.00062323
1068	0.01918690	0.01856350	0.00062336
1069	0.01913500	0.01851160	0.00062336
1070	0.01908380	0.01846050	0.00062324
1071	0.01903400	0.01841110	0.00062298
1072	0.01898660	0.01836400	0.00062260
1073	0.01894220	0.01832010	0.00062210
1074	0.01890110	0.01827960	0.00062152
1075	0.01886380	0.01824290	0.00062089
1076	0.01883040	0.01821010	0.00062022
1077	0.01880040	0.01818080	0.00061952
1078	0.01877350	0.01815470	0.00061879
1079	0.01875020	0.01813220	0.00061805
1080	0.01873090	0.01811360	0.00061731
1081	0.01871620	0.01809970	0.00061657
1082	0.01870600	0.01809020	0.00061585
1083	0.01869980	0.01808460	0.00061515
1084	0.01869580	0.01808130	0.00061447
1085	0.01869180	0.01807800	0.00061382
1086	0.01868520	0.01807200	0.00061321
1087	0.01867340	0.01806080	0.00061262
1088	0.01865500	0.01804300	0.00061205
1089	0.01862950	0.01801800	0.00061149
1090	0.01859760	0.01798670	0.00061093
1091	0.01856060	0.01795020	0.00061037
1092	0.01852120	0.01791140	0.00060982
1093	0.01848130	0.01787200	0.00060929
1094	0.01844260	0.01783380	0.00060877
1095	0.01840570	0.01779750	0.00060827
1096	0.01837070	0.01776290	0.00060779
1097	0.01833790	0.01773060	0.00060732
1098	0.01830630	0.01769950	0.00060686
1099	0.01827510	0.01766870	0.00060640
1100	0.01824230	0.01763640	0.00060592
1101	0.01820620	0.01760080	0.00060542
1102	0.01816610	0.01756120	0.00060487
1103	0.01812150	0.01751720	0.00060428
1104	0.01807190	0.01746830	0.00060362
1105	0.01801790	0.01741500	0.00060289
1106	0.01795940	0.01735730	0.00060208
1107	0.01789710	0.01729590	0.00060118
1108	0.01783200	0.01723180	0.00060017
1109	0.01776600	0.01716690	0.00059907
1110	0.01770120	0.01710340	0.00059786
1111	0.01763970	0.01704310	0.00059656
1112	0.01758360	0.01698840	0.00059520
1113	0.01753510	0.01694130	0.00059382
1114	0.01749530	0.01690290	0.00059246
1115	0.01746540	0.01687420	0.00059113
1116	0.01744480	0.01685500	0.00058983
1117	0.01743400	0.01684540	0.00058858
1118	0.01742960	0.01684230	0.00058734
1119	0.01743040	0.01684430	0.00058611
1120	0.01743490	0.01685000	0.00058488
1121	0.01744280	0.01685910	0.00058364
1122	0.01745180	0.01686940	0.00058237
1123	0.01746190	0.01688090	0.00058103
1124	0.01747260	0.01689300	0.00057963
1125	0.01748540	0.01690720	0.00057819
1126	0.01750180	0.01692510	0.00057672
1127	0.01752300	0.01694780	0.00057519
1128	0.01754980	0.01697620	0.00057361
1129	0.01758310	0.01701120	0.00057198
1130	0.01762250	0.01705220	0.00057030
1131	0.01766850	0.01709990	0.00056857
1132	0.01772090	0.01715410	0.00056678
1133	0.01778030	0.01721540	0.00056491
1134	0.01784810	0.01728520	0.00056294
1135	0.01792490	0.01736410	0.00056086
1136	0.01800850	0.01744980	0.00055870
1137	0.01809940	0.01754290	0.00055648
1138	0.01819710	0.01764290	0.00055421
1139	0.01830110	0.01774910	0.00055192
1140	0.01841000	0.01786040	0.00054960
1141	0.01852360	0.01797630	0.00054725
1142	0.01864090	0.01809600	0.00054489
1143	0.01876270	0.01822010	0.00054255
1144	0.01888660	0.01834640	0.00054021
1145	0.01901090	0.01847300	0.00053788
1146	0.01913300	0.01859740	0.00053557
1147	0.01925340	0.01872020	0.00053326
1148	0.01936930	0.01883840	0.00053095
1149	0.01947940	0.01895080	0.00052863
1150	0.01958240	0.01905610	0.00052628
1151	0.01967760	0.01915370	0.00052391
1152	0.01976400	0.01924250	0.00052152
1153	0.01984270	0.01932360	0.00051912
1154	0.01991460	0.01939780	0.00051674
1155	0.01998030	0.01946590	0.00051438
1156	0.02004000	0.01952800	0.00051206
1157	0.02009490	0.01958520	0.00050979
1158	0.02014650	0.01963890	0.00050760
1159	0.02019640	0.01969090	0.00050551
1160	0.02024590	0.01974230	0.00050358
1161	0.02029530	0.01979340	0.00050181
1162	0.02034510	0.01984480	0.00050023
1163	0.02039480	0.01989600	0.00049881
1164	0.02044400	0.01994650	0.00049755
1165	0.02049280	0.01999640	0.00049644
1166	0.02054040	0.02004490	0.00049548
1167	0.02058500	0.02009030	0.00049466
1168	0.02062410	0.02013020	0.00049397
1169	0.02065460	0.02016130	0.00049339
1170	0.02067450	0.02018160	0.00049291
1171	0.02068210	0.02018960	0.00049250
1172	0.02067630	0.02018420	0.00049213
1173	0.02065660	0.02016480	0.00049177
1174	0.02062480	0.02013340	0.00049142
1175	0.02058210	0.02009100	0.00049107
1176	0.02053040	0.02003970	0.00049071
1177	0.02047110	0.01998080	0.00049033
1178	0.02040520	0.01991530	0.00048992
1179	0.02033250	0.01984300	0.00048949
1180	0.02025380	0.01976480	0.00048900
1181	0.02017050	0.01968210	0.00048842
1182	0.02008580	0.01959800	0.00048775
1183	0.02000280	0.01951580	0.00048704
1184	0.01992470	0.01943840	0.00048628
1185	0.01985240	0.01936680	0.00048552
1186	0.01978680	0.01930200	0.00048486
1187	0.01972730	0.01924300	0.00048433
1188	0.01967370	0.01918980	0.00048391
1189	0.01962490	0.01914130	0.00048358
1190	0.01958120	0.01909790	0.00048330
1191	0.01954150	0.01905840	0.00048305
1192	0.01950630	0.01902350	0.00048285
1193	0.01947480	0.01899220	0.00048266
1194	0.01944770	0.01896520	0.00048247
1195	0.01942470	0.01894240	0.00048224
1196	0.01940660	0.01892460	0.00048195
1197	0.01939250	0.01891090	0.00048164
1198	0.01938260	0.01890130	0.00048132
1199	0.01937610	0.01889510	0.00048100
1200	0.01937320	0.01889250	0.00048068
1201	0.01937290	0.01889260	0.00048034
1202	0.01937540	0.01889540	0.00047998
1203	0.01937950	0.01889990	0.00047961
1204	0.01938540	0.01890620	0.00047923
1205	0.01939170	0.01891290	0.00047883
1206	0.01939890	0.01892040	0.00047845
1207	0.01940560	0.01892750	0.00047807
1208	0.01941200	0.01893430	0.00047768
1209	0.01941720	0.01893990	0.00047725
1210	0.01942010	0.01894330	0.00047676
1211	0.01941960	0.01894330	0.00047627
1212	0.01941530	0.01893960	0.00047576
1213	0.01940620	0.01893100	0.00047524
1214	0.01939010	0.01891540	0.00047468
1215	0.01936710	0.01889310	0.00047410
1216	0.01933630	0.01886290	0.00047347
1217	0.01929720	0.01882450	0.00047278
1218	0.01925080	0.01877870	0.00047206
1219	0.01919920	0.01872790	0.00047130
1220	0.01914540	0.01867490	0.00047052
1221	0.01909230	0.01862250	0.00046973
1222	0.01904210	0.01857310	0.00046900
1223	0.01899650	0.01852820	0.00046836
1224	0.01895650	0.01848880	0.00046779
1225	0.01892270	0.01845540	0.00046730
1226	0.01889470	0.01842780	0.00046688
1227	0.01887270	0.01840610	0.00046655
1228	0.01885560	0.01838930	0.00046630
1229	0.01884320	0.01837710	0.00046613
1230	0.01883450	0.01836850	0.00046602
1231	0.01883030	0.01836430	0.00046598
1232	0.01882910	0.01836310	0.00046598
1233	0.01882970	0.01836370	0.00046600
1234	0.01883170	0.01836570	0.00046606
1235	0.01883540	0.01836920	0.00046617
1236	0.01884020	0.01837390	0.00046628
1237	0.01884600	0.01837960	0.00046641
1238	0.01885200	0.01838540	0.00046655
1239	0.01885760	0.01839090	0.00046670
1240	0.01886170	0.01839490	0.00046685
1241	0.01886370	0.01839670	0.00046697
1242	0.01886290	0.01839580	0.00046705
1243	0.01885840	0.01839130	0.00046710
1244	0.01884950	0.01838240	0.00046710
1245	0.01883630	0.01836930	0.00046706
1246	0.01881910	0.01835220	0.00046696
1247	0.01879850	0.01833170	0.00046681
1248	0.01877490	0.01830830	0.00046661
1249	0.01874880	0.01828240	0.00046634
1250	0.01872090	0.01825490	0.00046599
1251	0.01869160	0.01822610	0.00046555
1252	0.01866150	0.01819650	0.00046500
1253	0.01863140	0.01816700	0.00046434
1254	0.01860190	0.01813840	0.00046354
1255	0.01857360	0.01811100	0.00046262
1256	0.01854670	0.01808510	0.00046159
1257	0.01852130	0.01806090	0.00046044
1258	0.01849740	0.01803820	0.00045919
1259	0.01847530	0.01801740	0.00045789
1260	0.01845540	0.01799890	0.00045650
1261	0.01843820	0.01798320	0.00045500
1262	0.01842330	0.01796990	0.00045336
1263	0.01841090	0.01795920	0.00045170
1264	0.01840090	0.01795090	0.00045004
1265	0.01839370	0.01794530	0.00044838
1266	0.01838890	0.01794220	0.00044674
1267	0.01838620	0.01794110	0.00044512
1268	0.01838450	0.01794100	0.00044352
1269	0.01838350	0.01794150	0.00044194
1270	0.01838270	0.01794230	0.00044040
1271	0.01838240	0.01794350	0.00043891
1272	0.01838240	0.01794490	0.00043747
1273	0.01838280	0.01794670	0.00043606
1274	0.01838250	0.01794780	0.00043471
1275	0.01838160	0.01794820	0.00043339
1276	0.01837970	0.01794760	0.00043212
1277	0.01837680	0.01794590	0.00043088
1278	0.01837300	0.01794340	0.00042966
1279	0.01836900	0.01794060	0.00042847
1280	0.01836570	0.01793840	0.00042730
1281	0.01836420	0.01793800	0.00042616
1282	0.01836520	0.01794010	0.00042504
1283	0.01836890	0.01794500	0.00042394
1284	0.01837600	0.01795310	0.00042287
1285	0.01838700	0.01796520	0.00042182
1286	0.01840240	0.01798160	0.00042079
1287	0.01842190	0.01800220	0.00041978
1288	0.01844560	0.01802670	0.00041882
1289	0.01847330	0.01805540	0.00041790
1290	0.01850510	0.01808810	0.00041701
1291	0.01854030	0.01812410	0.00041615
1292	0.01857880	0.01816350	0.00041531
1293	0.01862130	0.01820680	0.00041450
1294	0.01866690	0.01825320	0.00041372
1295	0.01871430	0.01830130	0.00041302
1296	0.01876270	0.01835030	0.00041239
1297	0.01881160	0.01839980	0.00041184
1298	0.01886050	0.01844910	0.00041138
1299	0.01890820	0.01849720	0.00041100
1300	0.01895380	0.01854310	0.00041070
1301	0.01899710	0.01858660	0.00041049
1302	0.01903780	0.01862740	0.00041041
1303	0.01907550	0.01866500	0.00041044
1304	0.01910940	0.01869880	0.00041058
1305	0.01913990	0.01872910	0.00041084
1306	0.01916660	0.01875540	0.00041123
1307	0.01918920	0.01877750	0.00041173
1308	0.01920730	0.01879490	0.00041236
1309	0.01922110	0.01880800	0.00041309
1310	0.01923060	0.01881670	0.00041393
1311	0.01923640	0.01882150	0.00041488
1312	0.01923820	0.01882230	0.00041593
1313	0.01923640	0.01881930	0.00041704
1314	0.01923100	0.01881280	0.00041821
1315	0.01922270	0.01880330	0.00041943
1316	0.01921200	0.01879130	0.00042066
1317	0.01919920	0.01877730	0.00042189
1318	0.01918520	0.01876200	0.00042313
1319	0.01917060	0.01874620	0.00042437
1320	0.01915610	0.01873050	0.00042558
1321	0.01914250	0.01871580	0.00042673
1322	0.01913040	0.01870250	0.00042784
1323	0.01911980	0.01869090	0.00042891
1324	0.01911060	0.01868070	0.00042989
1325	0.01910360	0.01867290	0.00043075
1326	0.01909910	0.01866760	0.00043151
1327	0.01909700	0.01866480	0.00043219
1328	0.01909740	0.01866460	0.00043282
1329	0.01910100	0.01866760	0.00043341
1330	0.01910790	0.01867400	0.00043398
1331	0.01911770	0.01868320	0.00043450
1332	0.01913040	0.01869550	0.00043497
1333	0.01914550	0.01871010	0.00043541
1334	0.01916260	0.01872680	0.00043582
1335	0.01918090	0.01874470	0.00043622
1336	0.01920060	0.01876400	0.00043660
1337	0.01922160	0.01878460	0.00043696
1338	0.01924460	0.01880730	0.00043729
1339	0.01926980	0.01883220	0.00043758
1340	0.01929710	0.01885930	0.00043783
1341	0.01932610	0.01888810	0.00043806
1342	0.01935620	0.01891800	0.00043824
1343	0.01938750	0.01894910	0.00043837
1344	0.01941870	0.01898030	0.00043841
1345	0.01945010	0.01901180	0.00043838
1346	0.01948120	0.01904300	0.00043827
1347	0.01951290	0.01907480	0.00043810
1348	0.01954410	0.01910620	0.00043788
1349	0.01957570	0.01913810	0.00043759
1350	0.01960790	0.01917070	0.00043724
1351	0.01964270	0.01920590	0.00043684
1352	0.01967910	0.01924270	0.00043635
1353	0.01971580	0.01928000	0.00043576
1354	0.01975050	0.01931550	0.00043503
1355	0.01978220	0.01934810	0.00043416
1356	0.01980880	0.01937560	0.00043320
1357	0.01982980	0.01939750	0.00043222
1358	0.01984370	0.01941250	0.00043124
1359	0.01985130	0.01942110	0.00043025
1360	0.01985150	0.01942230	0.00042927
1361	0.01984510	0.01941680	0.00042830
1362	0.01983200	0.01940460	0.00042738
1363	0.01981280	0.01938630	0.00042650
1364	0.01978720	0.01936150	0.00042566
1365	0.01975610	0.01933120	0.00042485
1366	0.01971970	0.01929560	0.00042409
1367	0.01967920	0.01925590	0.00042337
1368	0.01963590	0.01921320	0.00042269
1369	0.01959120	0.01916920	0.00042205
1370	0.01954580	0.01912430	0.00042142
1371	0.01950030	0.01907950	0.00042081
1372	0.01945570	0.01903550	0.00042021
1373	0.01941230	0.01899270	0.00041963
1374	0.01937010	0.01895110	0.00041902
1375	0.01932870	0.01891020	0.00041849
1376	0.01928890	0.01887100	0.00041797
1377	0.01925090	0.01883340	0.00041751
1378	0.01921510	0.01879810	0.00041705
1379	0.01918080	0.01876430	0.00041656
1380	0.01914770	0.01873160	0.00041608
1381	0.01911550	0.01870000	0.00041543
1382	0.01908380	0.01866930	0.00041459
1383	0.01905390	0.01863990	0.00041401
1384	0.01902690	0.01861300	0.00041398
1385	0.01900340	0.01858930	0.00041406
1386	0.01898390	0.01856980	0.00041409
1387	0.01896730	0.01855310	0.00041415
1388	0.01895120	0.01853710	0.00041411
1389	0.01893430	0.01852030	0.00041404
1390	0.01891730	0.01850330	0.00041399
1391	0.01890160	0.01848770	0.00041395
1392	0.01888860	0.01847470	0.00041387
1393	0.01887960	0.01846590	0.00041375
1394	0.01887500	0.01846140	0.00041356
1395	0.01887530	0.01846200	0.00041324
1396	0.01887970	0.01846690	0.00041280
1397	0.01888830	0.01847610	0.00041219
1398	0.01890060	0.01848920	0.00041142
1399	0.01891690	0.01850640	0.00041052
1400	0.01893690	0.01852750	0.00040949
1401	0.01896180	0.01855350	0.00040834
1402	0.01899170	0.01858460	0.00040711
1403	0.01902580	0.01862000	0.00040584
1404	0.01906320	0.01865870	0.00040457
1405	0.01910390	0.01870060	0.00040330
1406	0.01914690	0.01874470	0.00040219
1407	0.01919080	0.01878960	0.00040119
1408	0.01923420	0.01883390	0.00040025
1409	0.01927660	0.01887720	0.00039935
1410	0.01931870	0.01892050	0.00039815
1411	0.01936220	0.01896520	0.00039699
1412	0.01940630	0.01901040	0.00039592
1413	0.01945240	0.01905760	0.00039485
1414	0.01950200	0.01910830	0.00039368
1415	0.01955590	0.01916350	0.00039239
1416	0.01961220	0.01922130	0.00039091
1417	0.01967070	0.01928150	0.00038922
1418	0.01973070	0.01934340	0.00038734
1419	0.01979160	0.01940630	0.00038533
1420	0.01985170	0.01946850	0.00038329
1421	0.01991060	0.01952930	0.00038128
1422	0.01996610	0.01958680	0.00037936
1423	0.02001700	0.01963940	0.00037761
1424	0.02006250	0.01968640	0.00037611
1425	0.02010270	0.01972780	0.00037491
1426	0.02013860	0.01976460	0.00037400
1427	0.02017070	0.01979730	0.00037337
1428	0.02019840	0.01982540	0.00037300
1429	0.02022230	0.01984940	0.00037287
1430	0.02024350	0.01987060	0.00037292
1431	0.02026250	0.01988940	0.00037309
1432	0.02028000	0.01990660	0.00037336
1433	0.02029650	0.01992280	0.00037369
1434	0.02031210	0.01993800	0.00037408
1435	0.02032660	0.01995210	0.00037453
1436	0.02033960	0.01996460	0.00037504
1437	0.02035150	0.01997590	0.00037561
1438	0.02036270	0.01998650	0.00037620
1439	0.02037340	0.01999660	0.00037680
1440	0.02038360	0.02000620	0.00037743
1441	0.02039410	0.02001600	0.00037809
1442	0.02040550	0.02002670	0.00037879
1443	0.02041820	0.02003870	0.00037954
1444	0.02043150	0.02005120	0.00038026
1445	0.02044490	0.02006390	0.00038096
1446	0.02045780	0.02007610	0.00038166
1447	0.02047040	0.02008800	0.00038236
1448	0.02048250	0.02009950	0.00038299
1449	0.02049360	0.02011010	0.00038350
1450	0.02050260	0.02011870	0.00038395
1451	0.02050870	0.02012440	0.00038431
1452	0.02051020	0.02012560	0.00038459
1453	0.02050640	0.02012160	0.00038476
1454	0.02049700	0.02011220	0.00038482
1455	0.02048170	0.02009700	0.00038472
1456	0.02046150	0.02007700	0.00038447
1457	0.02043590	0.02005180	0.00038406
1458	0.02040490	0.02002140	0.00038354
1459	0.02036930	0.01998640	0.00038293
1460	0.02032990	0.01994770	0.00038225
1461	0.02028740	0.01990590	0.00038151
1462	0.02024240	0.01986170	0.00038077
1463	0.02019630	0.01981620	0.00038007
1464	0.02014990	0.01977050	0.00037945
1465	0.02010430	0.01972540	0.00037891
1466	0.02006000	0.01968160	0.00037844
1467	0.02001840	0.01964030	0.00037806
1468	0.01998080	0.01960300	0.00037777
1469	0.01994890	0.01957130	0.00037759
1470	0.01992340	0.01954590	0.00037750
1471	0.01990520	0.01952770	0.00037751
1472	0.01989400	0.01951640	0.00037758
1473	0.01988950	0.01951180	0.00037766
1474	0.01989070	0.01951300	0.00037775
1475	0.01989730	0.01951950	0.00037786
1476	0.01990890	0.01953090	0.00037796
1477	0.01992570	0.01954760	0.00037806
1478	0.01994770	0.01956960	0.00037812
1479	0.01997510	0.01959690	0.00037815
1480	0.02000770	0.01962950	0.00037814
1481	0.02004450	0.01966640	0.00037811
1482	0.02008490	0.01970690	0.00037807
1483	0.02012670	0.01974870	0.00037797
1484	0.02016770	0.01978990	0.00037781
1485	0.02020640	0.01982890	0.00037758
1486	0.02024150	0.01986420	0.00037729
1487	0.02027210	0.01989510	0.00037693
1488	0.02029750	0.01992110	0.00037646
1489	0.02031830	0.01994240	0.00037585
1490	0.02033430	0.01995920	0.00037511
1491	0.02034640	0.01997210	0.00037430
1492	0.02035430	0.01998090	0.00037347
1493	0.02035870	0.01998610	0.00037265
1494	0.02035920	0.01998730	0.00037188
1495	0.02035590	0.01998480	0.00037116
1496	0.02034880	0.01997840	0.00037049
1497	0.02033840	0.01996850	0.00036991
1498	0.02032530	0.01995590	0.00036939
1499	0.02031020	0.01994120	0.00036895
1500	0.02029400	0.01992550	0.00036857
1501	0.02027710	0.01990890	0.00036823
1502	0.02025980	0.01989190	0.00036792
1503	0.02024290	0.01987530	0.00036762
1504	0.02022680	0.01985950	0.00036733
1505	0.02021240	0.01984530	0.00036703
1506	0.02019940	0.01983270	0.00036673
1507	0.02018780	0.01982130	0.00036644
1508	0.02017700	0.01981080	0.00036615
1509	0.02016720	0.01980130	0.00036584
1510	0.02015950	0.01979390	0.00036554
1511	0.02015410	0.01978880	0.00036525
1512	0.02015050	0.01978550	0.00036498
1513	0.02014810	0.01978340	0.00036473
1514	0.02014730	0.01978280	0.00036451
1515	0.02014800	0.01978370	0.00036436
1516	0.02014940	0.01978520	0.00036426
1517	0.02015070	0.01978650	0.00036421
1518	0.02015170	0.01978750	0.00036421
1519	0.02015220	0.01978800	0.00036426
1520	0.02015190	0.01978760	0.00036435
1521	0.02015090	0.01978640	0.00036451
1522	0.02014900	0.01978430	0.00036472
1523	0.02014730	0.01978240	0.00036496
1524	0.02014570	0.01978050	0.00036520
1525	0.02014500	0.01977960	0.00036540
1526	0.02014550	0.01977990	0.00036559
1527	0.02014680	0.01978110	0.00036577
1528	0.02014930	0.01978340	0.00036591
1529	0.02015220	0.01978630	0.00036598
1530	0.02015570	0.01978970	0.00036597
1531	0.02015980	0.01979400	0.00036585
1532	0.02016570	0.01980010	0.00036563
1533	0.02017330	0.01980800	0.00036531
1534	0.02018280	0.01981790	0.00036487
1535	0.02019290	0.01982860	0.00036431
1536	0.02020340	0.01983970	0.00036366
1537	0.02021270	0.01984970	0.00036293
1538	0.02022030	0.01985820	0.00036213
1539	0.02022460	0.01986340	0.00036125
1540	0.02022570	0.01986530	0.00036034
1541	0.02022300	0.01986360	0.00035940
1542	0.02021760	0.01985920	0.00035847
1543	0.02021040	0.01985290	0.00035753
1544	0.02020240	0.01984580	0.00035660
1545	0.02019400	0.01983830	0.00035569
1546	0.02018600	0.01983120	0.00035482
1547	0.02017910	0.01982510	0.00035403
1548	0.02017360	0.01982030	0.00035329
1549	0.02017000	0.01981740	0.00035262
1550	0.02016840	0.01981640	0.00035200
1551	0.02016870	0.01981730	0.00035145
1552	0.02017060	0.01981960	0.00035097
1553	0.02017390	0.01982330	0.00035056
1554	0.02017840	0.01982820	0.00035019
1555	0.02018440	0.01983450	0.00034986
1556	0.02019140	0.01984190	0.00034957
1557	0.02019910	0.01984980	0.00034931
1558	0.02020650	0.01985740	0.00034910
1559	0.02021420	0.01986530	0.00034892
1560	0.02022130	0.01987260	0.00034876
1561	0.02022800	0.01987930	0.00034864
1562	0.02023390	0.01988540	0.00034855
1563	0.02023840	0.01988990	0.00034849
1564	0.02024030	0.01989190	0.00034847
1565	0.02023960	0.01989110	0.00034849
1566	0.02023670	0.01988810	0.00034857
1567	0.02023170	0.01988300	0.00034870
1568	0.02022510	0.01987620	0.00034890
1569	0.02021680	0.01986770	0.00034915
1570	0.02020630	0.01985680	0.00034944
1571	0.02019360	0.01984380	0.00034980
1572	0.02017920	0.01982900	0.00035023
1573	0.02016360	0.01981290	0.00035073
1574	0.02014700	0.01979570	0.00035131
1575	0.02012940	0.01977740	0.00035197
1576	0.02011050	0.01975780	0.00035266
1577	0.02009020	0.01973680	0.00035337
1578	0.02006770	0.01971360	0.00035406
1579	0.02004220	0.01968740	0.00035474
1580	0.02001350	0.01965810	0.00035538
1581	0.01998120	0.01962520	0.00035599
1582	0.01994570	0.01958910	0.00035654
1583	0.01990600	0.01954900	0.00035702
1584	0.01986300	0.01950550	0.00035745
1585	0.01981700	0.01945920	0.00035781
1586	0.01977000	0.01941190	0.00035810
1587	0.01972290	0.01936470	0.00035829
1588	0.01967750	0.01931910	0.00035840
1589	0.01963400	0.01927550	0.00035846
1590	0.01959330	0.01923470	0.00035853
1591	0.01955570	0.01919710	0.00035862
1592	0.01952300	0.01916430	0.00035871
1593	0.01949490	0.01913610	0.00035881
1594	0.01947090	0.01911200	0.00035891
1595	0.01945120	0.01909220	0.00035900
1596	0.01943530	0.01907620	0.00035909
1597	0.01942340	0.01906420	0.00035918
1598	0.01941480	0.01905550	0.00035926
1599	0.01940910	0.01904970	0.00035933
1600	0.01940510	0.01904570	0.00035937
1601	0.01940250	0.01904310	0.00035937
1602	0.01940100	0.01904170	0.00035934
1603	0.01940040	0.01904120	0.00035928
1604	0.01940080	0.01904160	0.00035920
1605	0.01940180	0.01904270	0.00035907
1606	0.01940330	0.01904440	0.00035893
1607	0.01940490	0.01904620	0.00035877
1608	0.01940680	0.01904820	0.00035856
1609	0.01940890	0.01905060	0.00035829
1610	0.01941170	0.01905370	0.00035797
1611	0.01941560	0.01905800	0.00035760
1612	0.01942090	0.01906370	0.00035720
1613	0.01942800	0.01907130	0.00035676
1614	0.01943730	0.01908100	0.00035628
1615	0.01944910	0.01909340	0.00035571
1616	0.01946360	0.01910850	0.00035511
1617	0.01948150	0.01912700	0.00035449
1618	0.01950230	0.01914840	0.00035388
1619	0.01952530	0.01917200	0.00035324
1620	0.01954980	0.01919720	0.00035257
1621	0.01957550	0.01922360	0.00035189
1622	0.01960150	0.01925040	0.00035118
1623	0.01962790	0.01927740	0.00035046
1624	0.01965370	0.01930400	0.00034973
1625	0.01967830	0.01932930	0.00034899
1626	0.01970080	0.01935250	0.00034822
1627	0.01972100	0.01937360	0.00034745
1628	0.01973820	0.01939160	0.00034667
1629	0.01975240	0.01940650	0.00034590
1630	0.01976300	0.01941780	0.00034515
1631	0.01976990	0.01942550	0.00034440
1632	0.01977340	0.01942980	0.00034365
1633	0.01977390	0.01943100	0.00034290
1634	0.01977190	0.01942980	0.00034216
1635	0.01976820	0.01942680	0.00034143
1636	0.01976330	0.01942260	0.00034071
1637	0.01975790	0.01941790	0.00033999
1638	0.01975260	0.01941330	0.00033928
1639	0.01974820	0.01940960	0.00033860
1640	0.01974520	0.01940730	0.00033793
1641	0.01974400	0.01940670	0.00033727
1642	0.01974420	0.01940760	0.00033663
1643	0.01974600	0.01941000	0.00033599
1644	0.01974890	0.01941350	0.00033536
1645	0.01975240	0.01941760	0.00033475
1646	0.01975580	0.01942170	0.00033415
1647	0.01975920	0.01942560	0.00033358
1648	0.01976210	0.01942910	0.00033302
1649	0.01976430	0.01943190	0.00033249
1650	0.01976550	0.01943350	0.00033201
1651	0.01976560	0.01943400	0.00033158
1652	0.01976440	0.01943320	0.00033120
1653	0.01976290	0.01943200	0.00033087
1654	0.01976090	0.01943030	0.00033064
1655	0.01975900	0.01942850	0.00033048
1656	0.01975690	0.01942650	0.00033038
1657	0.01975470	0.01942430	0.00033033
1658	0.01975160	0.01942130	0.00033032
1659	0.01974870	0.01941840	0.00033034
1660	0.01974620	0.01941590	0.00033037
1661	0.01974520	0.01941470	0.00033044
1662	0.01974540	0.01941490	0.00033053
1663	0.01974790	0.01941720	0.00033065
1664	0.01975370	0.01942290	0.00033079
1665	0.01976410	0.01943310	0.00033092
1666	0.01977910	0.01944810	0.00033103
1667	0.01979780	0.01946670	0.00033110
1668	0.01982060	0.01948950	0.00033115
1669	0.01984780	0.01951650	0.00033123
1670	0.01987930	0.01954790	0.00033135
1671	0.01991460	0.01958310	0.00033145
1672	0.01995240	0.01962090	0.00033155
1673	0.01999120	0.01965950	0.00033163
1674	0.02002920	0.01969750	0.00033169
1675	0.02006590	0.01973420	0.00033172
1676	0.02010250	0.01977070	0.00033176
1677	0.02014000	0.01980820	0.00033182
1678	0.02017890	0.01984700	0.00033191
1679	0.02021940	0.01988740	0.00033203
1680	0.02026170	0.01992950	0.00033217
1681	0.02030610	0.01997380	0.00033230
1682	0.02035190	0.02001950	0.00033240
1683	0.02039770	0.02006520	0.00033244
1684	0.02044140	0.02010900	0.00033237
1685	0.02048300	0.02015090	0.00033219
1686	0.02052170	0.02018970	0.00033191
1687	0.02055580	0.02022430	0.00033153
1688	0.02058430	0.02025330	0.00033104
1689	0.02060720	0.02027670	0.00033046
1690	0.02062540	0.02029560	0.00032979
1691	0.02063930	0.02031020	0.00032909
1692	0.02064970	0.02032130	0.00032842
1693	0.02065770	0.02032990	0.00032782
1694	0.02066440	0.02033710	0.00032731
1695	0.02067080	0.02034390	0.00032690
1696	0.02067800	0.02035140	0.00032658
1697	0.02068610	0.02035970	0.00032637
1698	0.02069510	0.02036880	0.00032626
1699	0.02070610	0.02037980	0.00032627
1700	0.02071860	0.02039220	0.00032637
1701	0.02073330	0.02040670	0.00032657
1702	0.02074990	0.02042300	0.00032685
1703	0.02076730	0.02044010	0.00032718
1704	0.02078410	0.02045650	0.00032756
1705	0.02079930	0.02047140	0.00032797
1706	0.02081230	0.02048390	0.00032839
1707	0.02082300	0.02049420	0.00032880
1708	0.02083100	0.02050170	0.00032922
1709	0.02083520	0.02050560	0.00032966
1710	0.02083510	0.02050500	0.00033012
1711	0.02082960	0.02049900	0.00033058
1712	0.02081810	0.02048710	0.00033103
1713	0.02080060	0.02046910	0.00033149
1714	0.02077740	0.02044540	0.00033196
1715	0.02074890	0.02041650	0.00033243
1716	0.02071520	0.02038230	0.00033288
1717	0.02067690	0.02034370	0.00033330
1718	0.02063480	0.02030110	0.00033370
1719	0.02059030	0.02025620	0.00033407
1720	0.02054460	0.02021010	0.00033443
1721	0.02049890	0.02016420	0.00033477
1722	0.02045360	0.02011850	0.00033506
1723	0.02040940	0.02007410	0.00033527
1724	0.02036630	0.02003100	0.00033539
1725	0.02032460	0.01998920	0.00033545
1726	0.02028400	0.01994860	0.00033542
1727	0.02024440	0.01990910	0.00033534
1728	0.02020580	0.01987060	0.00033521
1729	0.02016910	0.01983410	0.00033502
1730	0.02013450	0.01979970	0.00033477
1731	0.02010190	0.01976740	0.00033450
1732	0.02007110	0.01973680	0.00033422
1733	0.02004180	0.01970790	0.00033392
1734	0.02001460	0.01968100	0.00033358
1735	0.01998880	0.01965560	0.00033321
1736	0.01996550	0.01963260	0.00033281
1737	0.01994450	0.01961220	0.00033238
1738	0.01992650	0.01959450	0.00033196
1739	0.01991210	0.01958050	0.00033158
1740	0.01990090	0.01956970	0.00033125
1741	0.01989230	0.01956130	0.00033097
1742	0.01988660	0.01955580	0.00033074
1743	0.01988490	0.01955430	0.00033058
1744	0.01988720	0.01955670	0.00033048
1745	0.01989370	0.01956320	0.00033044
1746	0.01990410	0.01957370	0.00033041
1747	0.01991880	0.01958840	0.00033036
1748	0.01993770	0.01960740	0.00033030
1749	0.01996050	0.01963030	0.00033023
1750	0.01998670	0.01965660	0.00033014
1751	0.02001580	0.01968580	0.00033002
1752	0.02004750	0.01971760	0.00032986
1753	0.02008130	0.01975170	0.00032963
1754	0.02011720	0.01978790	0.00032935
1755	0.02015490	0.01982590	0.00032900
1756	0.02019360	0.01986500	0.00032857
1757	0.02023310	0.01990510	0.00032804
1758	0.02027250	0.01994510	0.00032740
1759	0.02031080	0.01998410	0.00032665
1760	0.02034700	0.02002120	0.00032583
1761	0.02038120	0.02005630	0.00032494
1762	0.02041250	0.02008850	0.00032401
1763	0.02044030	0.02011720	0.00032304
1764	0.02046480	0.02014270	0.00032206
1765	0.02048710	0.02016600	0.00032112
1766	0.02050810	0.02018790	0.00032026
1767	0.02052860	0.02020910	0.00031954
1768	0.02054810	0.02022920	0.00031895
1769	0.02056660	0.02024810	0.00031851
1770	0.02058340	0.02026520	0.00031824
1771	0.02059850	0.02028040	0.00031813
1772	0.02061180	0.02029370	0.00031815
1773	0.02062420	0.02030600	0.00031828
1774	0.02063600	0.02031750	0.00031849
1775	0.02064800	0.02032920	0.00031879
1776	0.02066030	0.02034120	0.00031914
1777	0.02067340	0.02035390	0.00031955
1778	0.02068720	0.02036720	0.00031998
1779	0.02070210	0.02038170	0.00032044
1780	0.02071830	0.02039730	0.00032093
1781	0.02073560	0.02041420	0.00032143
1782	0.02075400	0.02043200	0.00032193
1783	0.02077340	0.02045090	0.00032248
1784	0.02079410	0.02047110	0.00032306
1785	0.02081600	0.02049230	0.00032371
1786	0.02083900	0.02051460	0.00032439
1787	0.02086190	0.02053670	0.00032513
1788	0.02088500	0.02055910	0.00032594
1789	0.02090940	0.02058260	0.00032682
1790	0.02093530	0.02060760	0.00032778
1791	0.02096160	0.02063290	0.00032875
1792	0.02098720	0.02065750	0.00032971
1793	0.02101150	0.02068080	0.00033070
1794	0.02103460	0.02070290	0.00033171
1795	0.02105580	0.02072310	0.00033268
1796	0.02107440	0.02074100	0.00033349
1797	0.02109050	0.02075630	0.00033417
1798	0.02110470	0.02076950	0.00033517
1799	0.02111730	0.02078080	0.00033645
1800	0.02112910	0.02079140	0.00033773
1801	0.02113970	0.02080080	0.00033885
1802	0.02114830	0.02080860	0.00033973
1803	0.02115390	0.02081350	0.00034048
1804	0.02115550	0.02081450	0.00034107
1805	0.02115260	0.02081110	0.00034154
1806	0.02114560	0.02080380	0.00034186
1807	0.02113490	0.02079280	0.00034205
1808	0.02112080	0.02077870	0.00034208
1809	0.02110310	0.02076110	0.00034201
1810	0.02108220	0.02074040	0.00034183
1811	0.02105870	0.02071710	0.00034159
1812	0.02103260	0.02069130	0.00034129
1813	0.02100450	0.02066350	0.00034097
1814	0.02097460	0.02063400	0.00034064
1815	0.02094380	0.02060340	0.00034032
1816	0.02091190	0.02057190	0.00034002
1817	0.02087920	0.02053950	0.00033976
1818	0.02084540	0.02050590	0.00033952
1819	0.02081130	0.02047200	0.00033931
1820	0.02077690	0.02043780	0.00033915
1821	0.02074280	0.02040380	0.00033904
1822	0.02070870	0.02036970	0.00033898
1823	0.02067460	0.02033560	0.00033896
1824	0.02064040	0.02030140	0.00033898
1825	0.02060670	0.02026770	0.00033901
1826	0.02057350	0.02023440	0.00033906
1827	0.02054050	0.02020140	0.00033913
1828	0.02050860	0.02016940	0.00033920
1829	0.02047860	0.02013930	0.00033924
1830	0.02045130	0.02011210	0.00033924
1831	0.02042750	0.02008830	0.00033919
1832	0.02040750	0.02006840	0.00033910
1833	0.02039120	0.02005220	0.00033895
1834	0.02037890	0.02004020	0.00033876
1835	0.02037030	0.02003180	0.00033850
1836	0.02036560	0.02002740	0.00033819
1837	0.02036450	0.02002660	0.00033787
1838	0.02036710	0.02002960	0.00033755
1839	0.02037270	0.02003540	0.00033723
1840	0.02038060	0.02004370	0.00033688
1841	0.02038980	0.02005330	0.00033654
1842	0.02039990	0.02006370	0.00033620
1843	0.02041050	0.02007460	0.00033585
1844	0.02042140	0.02008590	0.00033555
1845	0.02043270	0.02009740	0.00033535
1846	0.02044410	0.02010880	0.00033524
1847	0.02045550	0.02012030	0.00033521
1848	0.02046660	0.02013130	0.00033524
1849	0.02047650	0.02014120	0.00033525
1850	0.02048490	0.02014980	0.00033511
1851	0.02049040	0.02015540	0.00033505
1852	0.02049230	0.02015720	0.00033506
1853	0.02049000	0.02015490	0.00033507
1854	0.02048380	0.02014880	0.00033501
1855	0.02047550	0.02014060	0.00033489
1856	0.02046630	0.02013160	0.00033472
1857	0.02045660	0.02012210	0.00033451
1858	0.02044730	0.02011300	0.00033425
1859	0.02043840	0.02010440	0.00033398
1860	0.02043070	0.02009700	0.00033370
1861	0.02042530	0.02009190	0.00033343
1862	0.02042250	0.02008940	0.00033318
1863	0.02042200	0.02008910	0.00033294
1864	0.02042340	0.02009060	0.00033273
1865	0.02042600	0.02009350	0.00033254
1866	0.02042930	0.02009700	0.00033238
1867	0.02043280	0.02010060	0.00033223
1868	0.02043610	0.02010400	0.00033211
1869	0.02043920	0.02010720	0.00033197
1870	0.02044230	0.02011050	0.00033184
1871	0.02044530	0.02011360	0.00033171
1872	0.02044820	0.02011660	0.00033157
1873	0.02045020	0.02011880	0.00033141
1874	0.02045100	0.02011970	0.00033125
1875	0.02045030	0.02011920	0.00033110
1876	0.02044780	0.02011680	0.00033093
1877	0.02044380	0.02011310	0.00033077
1878	0.02043830	0.02010770	0.00033059
1879	0.02043130	0.02010090	0.00033041
1880	0.02042300	0.02009280	0.00033022
1881	0.02041310	0.02008300	0.00033004
1882	0.02040170	0.02007190	0.00032986
1883	0.02038900	0.02005930	0.00032968
1884	0.02037550	0.02004600	0.00032951
1885	0.02036170	0.02003230	0.00032937
1886	0.02034780	0.02001850	0.00032924
1887	0.02033400	0.02000490	0.00032915
1888	0.02031970	0.01999060	0.00032909
1889	0.02030530	0.01997620	0.00032910
1890	0.02029120	0.01996200	0.00032917
1891	0.02027760	0.01994840	0.00032930
1892	0.02026440	0.01993490	0.00032948
1893	0.02025090	0.01992110	0.00032972
1894	0.02023680	0.01990680	0.00033001
1895	0.02022190	0.01989150	0.00033033
1896	0.02020550	0.01987480	0.00033070
1897	0.02018780	0.01985670	0.00033111
1898	0.02016820	0.01983660	0.00033154
1899	0.02014690	0.01981490	0.00033200
1900	0.02012400	0.01979150	0.00033245
1901	0.02009990	0.01976710	0.00033288
1902	0.02007510	0.01974180	0.00033328
1903	0.02005010	0.01971650	0.00033367
1904	0.02002520	0.01969110	0.00033401
1905	0.02000030	0.01966600	0.00033431
1906	0.01997590	0.01964130	0.00033456
1907	0.01995260	0.01961780	0.00033476
1908	0.01993190	0.01959690	0.00033491
1909	0.01991400	0.01957900	0.00033500
1910	0.01989950	0.01956450	0.00033503
1911	0.01988850	0.01955350	0.00033499
1912	0.01988170	0.01954680	0.00033489
1913	0.01987800	0.01954340	0.00033469
1914	0.01987760	0.01954320	0.00033443
1915	0.01988010	0.01954590	0.00033414
1916	0.01988500	0.01955110	0.00033383
1917	0.01989160	0.01955810	0.00033351
1918	0.01989960	0.01956640	0.00033321
1919	0.01990870	0.01957580	0.00033290
1920	0.01991770	0.01958510	0.00033259
1921	0.01992540	0.01959310	0.00033226
1922	0.01993030	0.01959840	0.00033188
1923	0.01993190	0.01960040	0.00033145
1924	0.01993000	0.01959910	0.00033097
1925	0.01992480	0.01959440	0.00033043
1926	0.01991620	0.01958640	0.00032984
1927	0.01990390	0.01957470	0.00032921
1928	0.01988850	0.01956000	0.00032853
1929	0.01987060	0.01954280	0.00032783
1930	0.01985110	0.01952390	0.00032711
1931	0.01983030	0.01950390	0.00032637
1932	0.01980910	0.01948350	0.00032560
1933	0.01978860	0.01946380	0.00032479
1934	0.01976920	0.01944520	0.00032394
1935	0.01975100	0.01942790	0.00032307
1936	0.01973360	0.01941140	0.00032219
1937	0.01971750	0.01939620	0.00032133
1938	0.01970340	0.01938290	0.00032050
1939	0.01969200	0.01937230	0.00031969
1940	0.01968320	0.01936430	0.00031892
1941	0.01967680	0.01935870	0.00031819
1942	0.01967350	0.01935600	0.00031751
1943	0.01967430	0.01935740	0.00031689
1944	0.01967960	0.01936320	0.00031634
1945	0.01968970	0.01937380	0.00031586
1946	0.01970400	0.01938860	0.00031542
1947	0.01972270	0.01940770	0.00031504
1948	0.01974580	0.01943110	0.00031470
1949	0.01977310	0.01945870	0.00031442
1950	0.01980380	0.01948960	0.00031421
1951	0.01983760	0.01952350	0.00031405
1952	0.01987300	0.01955910	0.00031390
1953	0.01990950	0.01959580	0.00031377
1954	0.01994640	0.01963270	0.00031364
1955	0.01998290	0.01966940	0.00031352
1956	0.02001880	0.01970540	0.00031339
1957	0.02005430	0.01974110	0.00031323
1958	0.02009000	0.01977700	0.00031302
1959	0.02012540	0.01981270	0.00031275
1960	0.02016010	0.01984770	0.00031242
1961	0.02019370	0.01988170	0.00031202
1962	0.02022640	0.01991490	0.00031156
1963	0.02025680	0.01994580	0.00031105
1964	0.02028340	0.01997300	0.00031048
1965	0.02030640	0.01999650	0.00030987
1966	0.02032590	0.02001670	0.00030930
1967	0.02034270	0.02003390	0.00030878
1968	0.02035630	0.02004800	0.00030835
1969	0.02036680	0.02005890	0.00030799
1970	0.02037420	0.02006650	0.00030768
1971	0.02037820	0.02007080	0.00030743
1972	0.02037850	0.02007130	0.00030724
1973	0.02037480	0.02006770	0.00030710
1974	0.02036670	0.02005970	0.00030700
1975	0.02035450	0.02004760	0.00030689
1976	0.02033860	0.02003180	0.00030677
1977	0.02031950	0.02001290	0.00030666
1978	0.02029760	0.01999100	0.00030658
1979	0.02027350	0.01996700	0.00030652
1980	0.02024750	0.01994100	0.00030646
1981	0.02022040	0.01991400	0.00030637
1982	0.02019280	0.01988660	0.00030626
1983	0.02016610	0.01986000	0.00030614
1984	0.02014090	0.01983480	0.00030607
1985	0.02011800	0.01981200	0.00030602
1986	0.02009670	0.01979080	0.00030595
1987	0.02007680	0.01977100	0.00030582
1988	0.02005890	0.01975320	0.00030568
1989	0.02004380	0.01973830	0.00030554
1990	0.02003120	0.01972580	0.00030539
1991	0.02001950	0.01971450	0.00030498
1992	0.02000850	0.01970410	0.00030438
1993	0.02000000	0.01969590	0.00030416
1994	0.01999450	0.01969040	0.00030416
1995	0.01999200	0.01968750	0.00030453
1996	0.01999120	0.01968650	0.00030469
1997	0.01999130	0.01968640	0.00030494
1998	0.01999010	0.01968510	0.00030506
1999	0.01998770	0.01968260	0.00030511
2000	0.01998460	0.01967930	0.00030525
2001	0.01998160	0.01967610	0.00030554
2002	0.01997890	0.01967300	0.00030590
2003	0.01997690	0.01967070	0.00030624
2004	0.01997610	0.01966960	0.00030645
2005	0.01997770	0.01967110	0.00030655
2006	0.01998320	0.01967650	0.00030672
2007	0.01999340	0.01968640	0.00030696
2008	0.02000870	0.01970150	0.00030721
2009	0.02002950	0.01972210	0.00030740
2010	0.02005510	0.01974760	0.00030742
2011	0.02008540	0.01977800	0.00030735
2012	0.02012150	0.01981430	0.00030729
2013	0.02016360	0.01985640	0.00030722
2014	0.02021140	0.01990430	0.00030711
2015	0.02026450	0.01995760	0.00030690
2016	0.02032210	0.02001550	0.00030660
2017	0.02038320	0.02007690	0.00030628
2018	0.02044740	0.02014130	0.00030603
2019	0.02051240	0.02020660	0.00030585
2020	0.02057700	0.02027120	0.00030578
2021	0.02063830	0.02033250	0.00030581
2022	0.02069460	0.02038870	0.00030587
2023	0.02074480	0.02043890	0.00030593
2024	0.02078860	0.02048270	0.00030591
2025	0.02082420	0.02051860	0.00030558
2026	0.02085050	0.02054530	0.00030518
2027	0.02086650	0.02056170	0.00030479
2028	0.02087240	0.02056810	0.00030433
2029	0.02087060	0.02056680	0.00030381
2030	0.02086350	0.02056030	0.00030322
2031	0.02085320	0.02055060	0.00030260
2032	0.02084060	0.02053870	0.00030197
2033	0.02082780	0.02052640	0.00030132
2034	0.02081550	0.02051480	0.00030068
2035	0.02080510	0.02050500	0.00030011
2036	0.02079750	0.02049780	0.00029965
2037	0.02079340	0.02049410	0.00029933
2038	0.02079350	0.02049440	0.00029916
2039	0.02079850	0.02049940	0.00029914
2040	0.02080820	0.02050890	0.00029926
2041	0.02082240	0.02052290	0.00029952
2042	0.02084000	0.02054010	0.00029990
2043	0.02085990	0.02055960	0.00030036
2044	0.02088070	0.02057980	0.00030088
2045	0.02090070	0.02059920	0.00030143
2046	0.02091800	0.02061600	0.00030202
2047	0.02093160	0.02062890	0.00030263
2048	0.02094080	0.02063760	0.00030325
2049	0.02094540	0.02064150	0.00030388
2050	0.02094570	0.02064120	0.00030453
2051	0.02094190	0.02063670	0.00030517
2052	0.02093470	0.02062890	0.00030582
2053	0.02092440	0.02061800	0.00030649
2054	0.02091120	0.02060400	0.00030718
2055	0.02089470	0.02058680	0.00030788
2056	0.02087460	0.02056610	0.00030857
2057	0.02085140	0.02054210	0.00030924
2058	0.02082530	0.02051540	0.00030992
2059	0.02079640	0.02048580	0.00031057
2060	0.02076490	0.02045370	0.00031120
2061	0.02073070	0.02041890	0.00031180
2062	0.02069370	0.02038130	0.00031234
2063	0.02065360	0.02034080	0.00031285
2064	0.02061090	0.02029760	0.00031331
2065	0.02056530	0.02025150	0.00031374
2066	0.02051750	0.02020340	0.00031413
2067	0.02046750	0.02015300	0.00031448
2068	0.02041510	0.02010030	0.00031481
2069	0.02036100	0.02004580	0.00031513
2070	0.02030630	0.01999090	0.00031544
2071	0.02025180	0.01993610	0.00031573
2072	0.02019900	0.01988300	0.00031600
2073	0.02014790	0.01983160	0.00031624
2074	0.02009930	0.01978280	0.00031647
2075	0.02005400	0.01973730	0.00031672
2076	0.02001300	0.01969600	0.00031697
2077	0.01997710	0.01965990	0.00031722
2078	0.01994720	0.01962970	0.00031743
2079	0.01992300	0.01960530	0.00031765
2080	0.01990410	0.01958620	0.00031789
2081	0.01989050	0.01957240	0.00031811
2082	0.01988260	0.01956430	0.00031828
2083	0.01988170	0.01956330	0.00031840
2084	0.01988760	0.01956920	0.00031844
2085	0.01990040	0.01958200	0.00031840
2086	0.01991970	0.01960140	0.00031828
2087	0.01994560	0.01962750	0.00031812
2088	0.01997820	0.01966020	0.00031791
2089	0.02001630	0.01969870	0.00031767
2090	0.02005980	0.01974240	0.00031739
2091	0.02010650	0.01978940	0.00031707
2092	0.02015500	0.01983830	0.00031669
2093	0.02020350	0.01988720	0.00031628
2094	0.02025090	0.01993500	0.00031588
2095	0.02029580	0.01998040	0.00031544
2096	0.02033680	0.02002180	0.00031494
2097	0.02037360	0.02005920	0.00031441
2098	0.02040630	0.02009240	0.00031387
2099	0.02043510	0.02012180	0.00031334
2100	0.02046090	0.02014810	0.00031284
2101	0.02048400	0.02017160	0.00031237
2102	0.02050470	0.02019280	0.00031197
2103	0.02052370	0.02021210	0.00031162
2104	0.02054110	0.02022980	0.00031133
2105	0.02055630	0.02024520	0.00031111
2106	0.02056850	0.02025760	0.00031097
2107	0.02057870	0.02026780	0.00031088
2108	0.02058730	0.02027640	0.00031089
2109	0.02059550	0.02028450	0.00031097
2110	0.02060300	0.02029190	0.00031113
2111	0.02061110	0.02029970	0.00031138
2112	0.02061930	0.02030760	0.00031170
2113	0.02062770	0.02031560	0.00031210
2114	0.02063550	0.02032290	0.00031257
2115	0.02064330	0.02033020	0.00031310
2116	0.02065200	0.02033830	0.00031370
2117	0.02066160	0.02034720	0.00031439
2118	0.02067340	0.02035830	0.00031518
2119	0.02068850	0.02037250	0.00031606
2120	0.02070600	0.02038900	0.00031702
2121	0.02072580	0.02040770	0.00031807
2122	0.02074810	0.02042890	0.00031920
2123	0.02077300	0.02045260	0.00032039
2124	0.02079960	0.02047790	0.00032164
2125	0.02082590	0.02050300	0.00032291
2126	0.02085080	0.02052650	0.00032421
2127	0.02087340	0.02054790	0.00032554
2128	0.02089310	0.02056630	0.00032688
2129	0.02090860	0.02058040	0.00032821
2130	0.02091850	0.02058900	0.00032952
2131	0.02092250	0.02059170	0.00033078
2132	0.02092050	0.02058850	0.00033199
2133	0.02091200	0.02057890	0.00033311
2134	0.02089700	0.02056290	0.00033412
2135	0.02087490	0.02053990	0.00033500
2136	0.02084650	0.02051070	0.00033575
2137	0.02081240	0.02047610	0.00033634
2138	0.02077340	0.02043660	0.00033679
2139	0.02072990	0.02039270	0.00033713
2140	0.02068230	0.02034490	0.00033739
2141	0.02063100	0.02029340	0.00033763
2142	0.02057700	0.02023910	0.00033789
2143	0.02052080	0.02018270	0.00033817
2144	0.02046290	0.02012450	0.00033847
2145	0.02040370	0.02006490	0.00033878
2146	0.02034370	0.02000460	0.00033909
2147	0.02028380	0.01994440	0.00033940
2148	0.02022480	0.01988510	0.00033970
2149	0.02016650	0.01982650	0.00033998
2150	0.02010860	0.01976840	0.00034022
2151	0.02005220	0.01971180	0.00034045
2152	0.01999800	0.01965730	0.00034069
2153	0.01994680	0.01960580	0.00034095
2154	0.01990030	0.01955910	0.00034123
2155	0.01985950	0.01951800	0.00034154
2156	0.01982520	0.01948330	0.00034187
2157	0.01979730	0.01945510	0.00034220
2158	0.01977570	0.01943320	0.00034254
2159	0.01976050	0.01941760	0.00034288
2160	0.01975250	0.01940930	0.00034324
2161	0.01975170	0.01940810	0.00034361
2162	0.01975730	0.01941340	0.00034397
2163	0.01976870	0.01942440	0.00034429
2164	0.01978610	0.01944150	0.00034455
2165	0.01980880	0.01946400	0.00034475
2166	0.01983660	0.01949170	0.00034488
2167	0.01987010	0.01952520	0.00034494
2168	0.01990910	0.01956420	0.00034493
2169	0.01995130	0.01960640	0.00034484
2170	0.01999490	0.01965030	0.00034469
2171	0.02003960	0.01969510	0.00034447
2172	0.02008460	0.01974040	0.00034421
2173	0.02012900	0.01978510	0.00034389
2174	0.02017160	0.01982800	0.00034353
2175	0.02021170	0.01986860	0.00034316
2176	0.02024920	0.01990650	0.00034276
2177	0.02028330	0.01994100	0.00034231
2178	0.02031320	0.01997140	0.00034180
2179	0.02033940	0.01999820	0.00034119
2180	0.02036150	0.02002100	0.00034049
2181	0.02037970	0.02004000	0.00033970
2182	0.02039500	0.02005620	0.00033887
2183	0.02040800	0.02007000	0.00033802
2184	0.02041930	0.02008210	0.00033720
2185	0.02042920	0.02009280	0.00033643
2186	0.02043880	0.02010300	0.00033573
2187	0.02044830	0.02011310	0.00033512
2188	0.02045800	0.02012340	0.00033461
2189	0.02046810	0.02013390	0.00033421
2190	0.02047880	0.02014490	0.00033393
2191	0.02049060	0.02015690	0.00033375
2192	0.02050340	0.02016970	0.00033367
2193	0.02051680	0.02018310	0.00033370
2194	0.02053000	0.02019620	0.00033383
2195	0.02054270	0.02020860	0.00033407
2196	0.02055370	0.02021930	0.00033441
2197	0.02056210	0.02022720	0.00033483
2198	0.02056760	0.02023220	0.00033533
2199	0.02056970	0.02023380	0.00033590
2200	0.02056860	0.02023210	0.00033650
2201	0.02056410	0.02022690	0.00033716
2202	0.02055650	0.02021860	0.00033786
2203	0.02054690	0.02020830	0.00033863
2204	0.02053630	0.02019690	0.00033947
2205	0.02052490	0.02018450	0.00034034
2206	0.02051260	0.02017130	0.00034124
2207	0.02049970	0.02015750	0.00034219
2208	0.02048720	0.02014400	0.00034316
2209	0.02047540	0.02013130	0.00034414
2210	0.02046480	0.02011970	0.00034510
2211	0.02045550	0.02010950	0.00034605
2212	0.02044770	0.02010080	0.00034694
2213	0.02044160	0.02009380	0.00034781
2214	0.02043730	0.02008860	0.00034866
2215	0.02043420	0.02008470	0.00034949
2216	0.02043270	0.02008240	0.00035027
2217	0.02043250	0.02008150	0.00035101
2218	0.02043370	0.02008210	0.00035166
2219	0.02043550	0.02008330	0.00035223
2220	0.02043740	0.02008470	0.00035272
2221	0.02043830	0.02008520	0.00035314
2222	0.02043830	0.02008480	0.00035348
2223	0.02043670	0.02008290	0.00035373
2224	0.02043300	0.02007910	0.00035389
2225	0.02042660	0.02007270	0.00035395
2226	0.02041840	0.02006450	0.00035392
2227	0.02040850	0.02005470	0.00035377
2228	0.02039760	0.02004410	0.00035350
2229	0.02038550	0.02003230	0.00035314
2230	0.02037330	0.02002060	0.00035270
2231	0.02036150	0.02000930	0.00035220
2232	0.02035120	0.01999950	0.00035168
2233	0.02034210	0.01999090	0.00035115
2234	0.02033390	0.01998320	0.00035064
2235	0.02032660	0.01997640	0.00035015
2236	0.02032010	0.01997040	0.00034969
2237	0.02031440	0.01996510	0.00034924
2238	0.02030880	0.01995990	0.00034884
2239	0.02030280	0.01995430	0.00034850
2240	0.02029650	0.01994830	0.00034822
2241	0.02029120	0.01994310	0.00034802
2242	0.02028680	0.01993900	0.00034787
2243	0.02028350	0.01993570	0.00034780
2244	0.02028080	0.01993300	0.00034780
2245	0.02027890	0.01993100	0.00034785
2246	0.02027710	0.01992910	0.00034797
2247	0.02027520	0.01992710	0.00034813
2248	0.02027280	0.01992450	0.00034833
2249	0.02026980	0.01992120	0.00034857
2250	0.02026600	0.01991720	0.00034883
2251	0.02026130	0.01991220	0.00034909
2252	0.02025550	0.01990610	0.00034935
2253	0.02024900	0.01989940	0.00034960
2254	0.02024110	0.01989130	0.00034983
2255	0.02023020	0.01988010	0.00035005
2256	0.02021640	0.01986620	0.00035025
2257	0.02019930	0.01984890	0.00035040
2258	0.02017810	0.01982760	0.00035051
2259	0.02015340	0.01980290	0.00035056
2260	0.02012490	0.01977440	0.00035055
2261	0.02009290	0.01974240	0.00035048
2262	0.02005830	0.01970790	0.00035035
2263	0.02002190	0.01967170	0.00035016
2264	0.01998550	0.01963560	0.00034992
2265	0.01995040	0.01960080	0.00034962
2266	0.01991800	0.01956870	0.00034927
2267	0.01988890	0.01954000	0.00034889
2268	0.01986420	0.01951580	0.00034848
2269	0.01984350	0.01949550	0.00034804
2270	0.01982700	0.01947940	0.00034760
2271	0.01981350	0.01946630	0.00034717
2272	0.01980280	0.01945600	0.00034675
2273	0.01979410	0.01944780	0.00034634
2274	0.01978700	0.01944100	0.00034595
2275	0.01978070	0.01943510	0.00034558
2276	0.01977540	0.01943020	0.00034523
2277	0.01977090	0.01942590	0.00034491
2278	0.01976720	0.01942260	0.00034462
2279	0.01976430	0.01941990	0.00034438
2280	0.01976280	0.01941860	0.00034418
2281	0.01976270	0.01941870	0.00034402
2282	0.01976470	0.01942080	0.00034393
2283	0.01976810	0.01942420	0.00034388
2284	0.01977250	0.01942860	0.00034389
2285	0.01977740	0.01943340	0.00034395
2286	0.01978250	0.01943840	0.00034405
2287	0.01978740	0.01944320	0.00034419
2288	0.01979140	0.01944700	0.00034437
2289	0.01979410	0.01944950	0.00034457
2290	0.01979550	0.01945070	0.00034480
2291	0.01979600	0.01945090	0.00034504
2292	0.01979550	0.01945020	0.00034529
2293	0.01979390	0.01944830	0.00034555
2294	0.01979110	0.01944530	0.00034581
2295	0.01978730	0.01944130	0.00034608
2296	0.01978270	0.01943640	0.00034636
2297	0.01977760	0.01943100	0.00034664
2298	0.01977290	0.01942600	0.00034693
2299	0.01976910	0.01942190	0.00034722
2300	0.01976600	0.01941850	0.00034750
2301	0.01976350	0.01941570	0.00034777
2302	0.01976160	0.01941360	0.00034802
2303	0.01976010	0.01941180	0.00034826
2304	0.01975980	0.01941130	0.00034846
2305	0.01976050	0.01941190	0.00034864
2306	0.01976290	0.01941420	0.00034878
2307	0.01976720	0.01941840	0.00034889
2308	0.01977390	0.01942490	0.00034897
2309	0.01978230	0.01943330	0.00034900
2310	0.01979260	0.01944360	0.00034898
2311	0.01980460	0.01945570	0.00034892
2312	0.01981900	0.01947020	0.00034882
2313	0.01983530	0.01948670	0.00034868
2314	0.01985380	0.01950530	0.00034851
2315	0.01987410	0.01952580	0.00034832
2316	0.01989560	0.01954750	0.00034811
2317	0.01991760	0.01956970	0.00034790
2318	0.01993950	0.01959180	0.00034769
2319	0.01996120	0.01961370	0.00034748
2320	0.01998230	0.01963500	0.00034728
2321	0.02000270	0.01965570	0.00034708
2322	0.02002180	0.01967490	0.00034690
2323	0.02003980	0.01969300	0.00034674
2324	0.02005600	0.01970940	0.00034661
2325	0.02007060	0.01972410	0.00034650
2326	0.02008280	0.01973640	0.00034643
2327	0.02009270	0.01974630	0.00034640
2328	0.02009960	0.01975320	0.00034642
2329	0.02010400	0.01975750	0.00034649
2330	0.02010520	0.01975860	0.00034661
2331	0.02010300	0.01975620	0.00034677
2332	0.02009720	0.01975020	0.00034697
2333	0.02008790	0.01974070	0.00034721
2334	0.02007550	0.01972800	0.00034749
2335	0.02006090	0.01971310	0.00034781
2336	0.02004390	0.01969580	0.00034816
2337	0.02002540	0.01967680	0.00034857
2338	0.02000540	0.01965640	0.00034899
2339	0.01998430	0.01963490	0.00034943
2340	0.01996240	0.01961250	0.00034985
2341	0.01993960	0.01958930	0.00035025
2342	0.01991560	0.01956500	0.00035069
2343	0.01989080	0.01953960	0.00035113
2344	0.01986520	0.01951360	0.00035155
2345	0.01983950	0.01948750	0.00035194
2346	0.01981360	0.01946130	0.00035228
2347	0.01978800	0.01943540	0.00035259
2348	0.01976400	0.01941110	0.00035289
2349	0.01974250	0.01938930	0.00035317
2350	0.01972410	0.01937070	0.00035345
2351	0.01970960	0.01935590	0.00035370
2352	0.01969940	0.01934550	0.00035393
2353	0.01969330	0.01933920	0.00035414
2354	0.01969100	0.01933670	0.00035435
2355	0.01969240	0.01933780	0.00035455
2356	0.01969790	0.01934310	0.00035473
2357	0.01970750	0.01935260	0.00035491
2358	0.01972130	0.01936620	0.00035506
2359	0.01973890	0.01938370	0.00035518
2360	0.01975980	0.01940450	0.00035528
2361	0.01978370	0.01942840	0.00035535
2362	0.01981060	0.01945520	0.00035540
2363	0.01983990	0.01948450	0.00035542
2364	0.01987110	0.01951570	0.00035542
2365	0.01990350	0.01954810	0.00035540
2366	0.01993590	0.01958060	0.00035537
2367	0.01996800	0.01961260	0.00035535
2368	0.01999860	0.01964330	0.00035532
2369	0.02002730	0.01967200	0.00035530
2370	0.02005310	0.01969780	0.00035527
2371	0.02007740	0.01972220	0.00035522
2372	0.02009920	0.01974400	0.00035516
2373	0.02011890	0.01976380	0.00035510
2374	0.02013610	0.01978110	0.00035502
2375	0.02015100	0.01979600	0.00035493
2376	0.02016300	0.01980810	0.00035484
2377	0.02017220	0.01981750	0.00035473
2378	0.02017840	0.01982380	0.00035461
2379	0.02018180	0.01982730	0.00035448
2380	0.02018260	0.01982820	0.00035437
2381	0.02018180	0.01982760	0.00035426
2382	0.02017980	0.01982560	0.00035415
2383	0.02017620	0.01982220	0.00035404
2384	0.02017100	0.01981710	0.00035393
2385	0.02016490	0.01981110	0.00035381
2386	0.02015880	0.01980510	0.00035369
2387	0.02015340	0.01979990	0.00035357
2388	0.02014790	0.01979450	0.00035343
2389	0.02014270	0.01978950	0.00035328
2390	0.02013820	0.01978510	0.00035309
2391	0.02013430	0.01978140	0.00035290
2392	0.02013210	0.01977940	0.00035269
2393	0.02013110	0.01977860	0.00035247
2394	0.02013090	0.01977870	0.00035224
2395	0.02013120	0.01977920	0.00035201
2396	0.02013210	0.01978030	0.00035179
2397	0.02013340	0.01978180	0.00035160
2398	0.02013460	0.01978310	0.00035143
2399	0.02013570	0.01978450	0.00035127
2400	0.02013680	0.01978560	0.00035112
2401	0.02013790	0.01978690	0.00035099
2402	0.02013880	0.01978790	0.00035087
2403	0.02013880	0.01978800	0.00035078
2404	0.02013760	0.01978690	0.00035069
2405	0.02013530	0.01978470	0.00035058
2406	0.02013180	0.01978140	0.00035045
2407	0.02012700	0.01977670	0.00035030
2408	0.02012060	0.01977040	0.00035018
2409	0.02011270	0.01976260	0.00035005
2410	0.02010270	0.01975280	0.00034989
2411	0.02009060	0.01974090	0.00034968
2412	0.02007640	0.01972700	0.00034942
2413	0.02006090	0.01971180	0.00034908
2414	0.02004370	0.01969510	0.00034867
2415	0.02002530	0.01967710	0.00034819
2416	0.02000630	0.01965860	0.00034769
2417	0.01998740	0.01964030	0.00034714
2418	0.01996900	0.01962240	0.00034655
2419	0.01995200	0.01960600	0.00034597
2420	0.01993670	0.01959130	0.00034546
2421	0.01992280	0.01957790	0.00034498
2422	0.01991070	0.01956610	0.00034456
2423	0.01990020	0.01955600	0.00034423
2424	0.01989210	0.01954810	0.00034400
2425	0.01988690	0.01954300	0.00034387
2426	0.01988500	0.01954110	0.00034386
2427	0.01988700	0.01954300	0.00034398
2428	0.01989290	0.01954870	0.00034421
2429	0.01990290	0.01955840	0.00034453
2430	0.01991610	0.01957130	0.00034488
2431	0.01993210	0.01958680	0.00034525
2432	0.01994960	0.01960390	0.00034562
2433	0.01996820	0.01962220	0.00034598
2434	0.01998840	0.01964210	0.00034632
2435	0.02001050	0.01966390	0.00034663
2436	0.02003460	0.01968760	0.00034693
2437	0.02006130	0.01971400	0.00034723
2438	0.02009110	0.01974360	0.00034752
2439	0.02012390	0.01977610	0.00034779
2440	0.02015850	0.01981050	0.00034799
2441	0.02019340	0.01984530	0.00034808
2442	0.02022660	0.01987860	0.00034802
2443	0.02025740	0.01990960	0.00034783
2444	0.02028450	0.01993700	0.00034751
2445	0.02030790	0.01996070	0.00034713
2446	0.02032710	0.01998030	0.00034675
2447	0.02034280	0.01999640	0.00034642
2448	0.02035520	0.02000900	0.00034618
2449	0.02036540	0.02001930	0.00034603
2450	0.02037390	0.02002800	0.00034595
2451	0.02038140	0.02003540	0.00034594
2452	0.02038720	0.02004120	0.00034596
2453	0.02039130	0.02004530	0.00034602
2454	0.02039380	0.02004770	0.00034612
2455	0.02039490	0.02004870	0.00034625
2456	0.02039520	0.02004880	0.00034640
2457	0.02039570	0.02004910	0.00034657
2458	0.02039670	0.02005000	0.00034674
2459	0.02039900	0.02005210	0.00034693
2460	0.02040270	0.02005560	0.00034712
2461	0.02040850	0.02006120	0.00034732
2462	0.02041660	0.02006910	0.00034754
2463	0.02042750	0.02007970	0.00034778
2464	0.02044110	0.02009310	0.00034802
2465	0.02045700	0.02010870	0.00034826
2466	0.02047520	0.02012670	0.00034850
2467	0.02049520	0.02014650	0.00034874
2468	0.02051680	0.02016780	0.00034897
2469	0.02053940	0.02019020	0.00034920
2470	0.02056240	0.02021300	0.00034944
2471	0.02058580	0.02023610	0.00034969
2472	0.02060880	0.02025880	0.00034993
2473	0.02063040	0.02028030	0.00035017
2474	0.02065020	0.02029980	0.00035041
2475	0.02066740	0.02031680	0.00035064
2476	0.02068170	0.02033090	0.00035086
2477	0.02069270	0.02034160	0.00035108
2478	0.02070010	0.02034880	0.00035128
2479	0.02070410	0.02035270	0.00035146
2480	0.02070470	0.02035310	0.00035162
2481	0.02070190	0.02035010	0.00035174
2482	0.02069520	0.02034340	0.00035184
2483	0.02068510	0.02033320	0.00035190
2484	0.02067190	0.02032000	0.00035192
2485	0.02065610	0.02030420	0.00035190
2486	0.02063880	0.02028700	0.00035183
2487	0.02062050	0.02026880	0.00035172
2488	0.02060170	0.02025010	0.00035158
2489	0.02058250	0.02023110	0.00035142
2490	0.02056360	0.02021230	0.00035125
2491	0.02054480	0.02019380	0.00035108
2492	0.02052630	0.02017540	0.00035091
2493	0.02050790	0.02015720	0.00035074
2494	0.02049030	0.02013970	0.00035059
2495	0.02047360	0.02012310	0.00035045
2496	0.02045730	0.02010690	0.00035035
2497	0.02044140	0.02009110	0.00035027
2498	0.02042560	0.02007540	0.00035023
2499	0.02041040	0.02006020	0.00035024
2500	0.02039600	0.02004570	0.00035029
