Time	Cd Total	Cd Pressure	Cd Viscous
1	0.21802000	0.21168400	0.00633599
2	0.27247200	0.26457400	0.00789843
3	0.32562600	0.31599900	0.00962631
4	0.34980800	0.33854300	0.01126520
5	0.33441300	0.32175400	0.01265900
6	0.28722400	0.27352800	0.01369560
7	0.22656500	0.21218500	0.01437990
8	0.17304500	0.15828700	0.01475760
9	0.14161600	0.12672700	0.01488860
10	0.13819500	0.12337500	0.01482040
11	0.15832800	0.14372500	0.01460350
12	0.19150700	0.17723000	0.01427730
13	0.22565300	0.21177300	0.01387950
14	0.25126000	0.23782000	0.01343990
15	0.26360700	0.25062300	0.01298450
16	0.26291000	0.25037600	0.01253350
17	0.25314400	0.24104300	0.01210140
18	0.23983800	0.22814300	0.01169440
19	0.22798300	0.21666000	0.01132310
20	0.22098800	0.20999200	0.01099610
21	0.21979500	0.20907900	0.01071610
22	0.22342800	0.21294600	0.01048180
23	0.22976800	0.21947900	0.01028950
24	0.23645600	0.22632200	0.01013350
25	0.24174100	0.23173200	0.01000930
26	0.24474700	0.23483400	0.00991232
27	0.24549300	0.23565600	0.00983634
28	0.24462200	0.23484700	0.00977509
29	0.24309300	0.23336600	0.00972724
30	0.24174500	0.23205600	0.00968914
31	0.24109700	0.23143900	0.00965808
32	0.24131600	0.23168300	0.00963289
33	0.24230900	0.23269600	0.00961245
34	0.24374500	0.23414900	0.00959629
35	0.24529900	0.23571600	0.00958298
36	0.24668100	0.23710900	0.00957215
37	0.24770500	0.23814400	0.00956137
38	0.24842200	0.23886900	0.00955325
39	0.24891700	0.23937000	0.00954699
40	0.24931100	0.23976800	0.00954288
41	0.24965600	0.24011700	0.00953890
42	0.25005600	0.24052400	0.00953238
43	0.25053600	0.24101400	0.00952171
44	0.25109700	0.24158900	0.00950832
45	0.25167800	0.24218700	0.00949085
46	0.25223300	0.24276200	0.00947028
47	0.25276000	0.24331500	0.00944487
48	0.25329300	0.24388100	0.00941177
49	0.25384500	0.24447600	0.00936940
50	0.25444400	0.24512500	0.00931911
51	0.25513200	0.24587000	0.00926219
52	0.25593300	0.24673300	0.00920027
53	0.25687100	0.24773800	0.00913387
54	0.25792900	0.24886600	0.00906348
55	0.25911600	0.25012700	0.00898909
56	0.26037400	0.25146400	0.00891017
57	0.26162700	0.25280100	0.00882555
58	0.26281300	0.25407700	0.00873516
59	0.26388700	0.25524600	0.00864033
60	0.26478200	0.25624000	0.00854259
61	0.26549700	0.25705500	0.00844185
62	0.26602500	0.25768500	0.00834032
63	0.26641100	0.25817100	0.00823955
64	0.26666600	0.25852500	0.00814156
65	0.26685000	0.25880200	0.00804819
66	0.26700700	0.25904600	0.00796017
67	0.26717400	0.25929400	0.00787981
68	0.26737900	0.25957300	0.00780662
69	0.26763800	0.25989800	0.00773963
70	0.26795400	0.26027500	0.00767927
71	0.26828200	0.26065700	0.00762503
72	0.26857200	0.26099500	0.00757652
73	0.26877000	0.26123800	0.00753200
74	0.26889100	0.26139900	0.00749164
75	0.26895500	0.26150000	0.00745465
76	0.26900700	0.26158700	0.00742048
77	0.26907900	0.26169000	0.00738898
78	0.26920800	0.26184800	0.00736002
79	0.26942900	0.26209600	0.00733319
80	0.26978000	0.26247200	0.00730836
81	0.27025300	0.26296700	0.00728570
82	0.27085400	0.26359000	0.00726445
83	0.27158100	0.26433600	0.00724448
84	0.27245600	0.26523000	0.00722537
85	0.27345200	0.26624600	0.00720563
86	0.27458400	0.26739900	0.00718449
87	0.27586100	0.26870100	0.00716077
88	0.27728000	0.27014600	0.00713439
89	0.27879700	0.27169300	0.00710446
90	0.28035200	0.27328200	0.00707039
91	0.28186900	0.27483700	0.00703161
92	0.28327600	0.27628800	0.00698828
93	0.28451900	0.27757800	0.00694110
94	0.28556900	0.27867800	0.00689024
95	0.28642900	0.27959300	0.00683619
96	0.28709900	0.28032000	0.00677928
97	0.28761500	0.28089500	0.00672015
98	0.28801900	0.28135900	0.00665971
99	0.28837100	0.28177200	0.00659887
100	0.28870000	0.28216200	0.00653848
101	0.28901700	0.28253700	0.00647959
102	0.28930900	0.28288600	0.00642296
103	0.28953700	0.28316900	0.00636893
104	0.28970100	0.28338300	0.00631801
105	0.28976800	0.28349800	0.00627003
106	0.28972600	0.28350100	0.00622478
107	0.28958500	0.28340300	0.00618161
108	0.28939200	0.28325000	0.00614131
109	0.28920700	0.28310300	0.00610446
110	0.28903700	0.28296500	0.00607222
111	0.28887600	0.28283100	0.00604516
112	0.28875900	0.28273500	0.00602407
113	0.28868700	0.28267900	0.00600886
114	0.28868200	0.28268300	0.00599977
115	0.28875100	0.28275400	0.00599660
116	0.28889400	0.28289600	0.00599859
117	0.28909500	0.28309000	0.00600456
118	0.28937200	0.28336000	0.00601273
119	0.28971300	0.28369200	0.00602126
120	0.29009600	0.28406700	0.00602851
121	0.29049900	0.28446600	0.00603280
122	0.29091100	0.28487800	0.00603307
123	0.29136000	0.28533100	0.00602880
124	0.29185800	0.28583900	0.00601937
125	0.29240500	0.28640100	0.00600419
126	0.29301000	0.28702500	0.00598496
127	0.29366300	0.28770100	0.00596201
128	0.29430800	0.28837300	0.00593454
129	0.29486700	0.28896500	0.00590186
130	0.29527300	0.28940800	0.00586501
131	0.29547900	0.28965300	0.00582576
132	0.29547100	0.28968400	0.00578661
133	0.29527100	0.28952100	0.00574995
134	0.29491600	0.28919800	0.00571817
135	0.29447800	0.28878500	0.00569332
136	0.29403900	0.28836200	0.00567681
137	0.29366600	0.28799700	0.00566846
138	0.29337100	0.28770300	0.00566754
139	0.29316000	0.28748700	0.00567211
140	0.29300100	0.28732000	0.00568035
141	0.29289200	0.28720100	0.00569110
142	0.29282600	0.28712200	0.00570340
143	0.29279700	0.28708100	0.00571674
144	0.29279100	0.28706000	0.00573151
145	0.29277700	0.28703000	0.00574749
146	0.29274800	0.28698400	0.00576411
147	0.29269400	0.28691300	0.00578095
148	0.29257500	0.28677700	0.00579796
149	0.29236900	0.28655400	0.00581515
150	0.29201400	0.28618200	0.00583173
151	0.29153500	0.28568800	0.00584650
152	0.29093500	0.28507700	0.00585805
153	0.29022900	0.28436300	0.00586583
154	0.28944300	0.28357300	0.00587008
155	0.28859700	0.28272600	0.00587074
156	0.28775600	0.28188800	0.00586867
157	0.28698800	0.28112300	0.00586534
158	0.28635900	0.28049800	0.00586118
159	0.28588400	0.28002800	0.00585613
160	0.28558300	0.27973200	0.00585075
161	0.28548700	0.27964100	0.00584540
162	0.28561500	0.27977500	0.00584022
163	0.28599200	0.28015700	0.00583557
164	0.28663600	0.28080400	0.00583181
165	0.28756600	0.28173600	0.00582959
166	0.28878800	0.28295800	0.00582963
167	0.29030200	0.28447000	0.00583211
168	0.29205700	0.28622100	0.00583665
169	0.29400300	0.28816000	0.00584274
170	0.29604400	0.29019400	0.00584980
171	0.29810800	0.29225000	0.00585774
172	0.30008000	0.29421400	0.00586624
173	0.30188400	0.29600900	0.00587507
174	0.30346700	0.29758200	0.00588473
175	0.30483800	0.29894300	0.00589475
176	0.30598000	0.30007400	0.00590567
177	0.30692800	0.30101000	0.00591793
178	0.30771300	0.30178200	0.00593122
179	0.30838000	0.30243600	0.00594428
180	0.30895200	0.30299600	0.00595616
181	0.30946700	0.30350100	0.00596607
182	0.30994400	0.30397000	0.00597343
183	0.31038300	0.30440500	0.00597772
184	0.31077700	0.30479800	0.00597879
185	0.31112900	0.30515300	0.00597632
186	0.31144900	0.30547800	0.00597090
187	0.31174000	0.30577700	0.00596306
188	0.31205300	0.30610000	0.00595323
189	0.31240000	0.30645800	0.00594187
190	0.31277600	0.30684600	0.00592954
191	0.31316200	0.30724500	0.00591622
192	0.31355200	0.30765000	0.00590201
193	0.31395700	0.30807100	0.00588662
194	0.31441700	0.30854700	0.00586995
195	0.31494600	0.30909400	0.00585156
196	0.31555300	0.30972200	0.00583139
197	0.31624700	0.31043800	0.00580932
198	0.31701700	0.31123200	0.00578558
199	0.31787400	0.31211300	0.00576090
200	0.31883000	0.31309400	0.00573626
201	0.31991400	0.31420100	0.00571302
202	0.32115100	0.31545900	0.00569215
203	0.32254900	0.31687500	0.00567427
204	0.32412600	0.31846500	0.00566049
205	0.32586800	0.32021500	0.00565246
206	0.32774600	0.32209600	0.00564970
207	0.32971400	0.32406100	0.00565228
208	0.33171200	0.32605400	0.00565869
209	0.33368200	0.32801300	0.00566865
210	0.33555800	0.32987700	0.00568142
211	0.33729600	0.33160000	0.00569609
212	0.33885600	0.33314400	0.00571195
213	0.34021800	0.33449000	0.00572770
214	0.34136100	0.33561900	0.00574144
215	0.34227500	0.33652300	0.00575250
216	0.34295800	0.33719800	0.00576050
217	0.34341100	0.33764600	0.00576534
218	0.34363300	0.33786500	0.00576786
219	0.34362800	0.33786000	0.00576810
220	0.34341300	0.33764600	0.00576666
221	0.34303400	0.33727000	0.00576409
222	0.34254300	0.33678100	0.00576125
223	0.34200500	0.33624600	0.00575867
224	0.34147800	0.33572200	0.00575627
225	0.34101100	0.33525700	0.00575407
226	0.34061300	0.33486000	0.00575232
227	0.34028900	0.33453800	0.00575129
228	0.34005700	0.33430600	0.00575093
229	0.33993100	0.33418000	0.00575060
230	0.33992700	0.33417800	0.00574955
231	0.34006400	0.33431700	0.00574730
232	0.34032800	0.33458500	0.00574334
233	0.34070000	0.33496200	0.00573773
234	0.34117100	0.33544100	0.00573003
235	0.34174100	0.33602000	0.00572035
236	0.34242400	0.33671500	0.00570831
237	0.34324200	0.33754800	0.00569389
238	0.34419300	0.33851500	0.00567760
239	0.34528100	0.33962100	0.00566011
240	0.34648700	0.34084600	0.00564170
241	0.34779800	0.34217500	0.00562310
242	0.34918200	0.34357700	0.00560467
243	0.35061800	0.34503100	0.00558648
244	0.35206900	0.34650100	0.00556807
245	0.35354300	0.34799400	0.00554982
246	0.35504600	0.34951400	0.00553175
247	0.35661200	0.35109800	0.00551405
248	0.35825800	0.35276100	0.00549642
249	0.36002700	0.35454800	0.00547928
250	0.36192400	0.35646000	0.00546354
251	0.36396400	0.35851400	0.00544979
252	0.36613400	0.36069600	0.00543814
253	0.36841300	0.36298400	0.00542867
254	0.37074100	0.36532000	0.00542161
255	0.37306400	0.36764700	0.00541645
256	0.37529700	0.36988500	0.00541263
257	0.37737400	0.37196500	0.00540958
258	0.37922900	0.37382300	0.00540674
259	0.38082800	0.37542500	0.00540357
260	0.38215400	0.37675400	0.00539968
261	0.38321900	0.37782400	0.00539535
262	0.38403000	0.37864000	0.00539051
263	0.38460100	0.37921500	0.00538558
264	0.38494400	0.37956300	0.00538104
265	0.38509400	0.37971600	0.00537736
266	0.38508100	0.37970600	0.00537496
267	0.38493100	0.37955600	0.00537426
268	0.38465500	0.37928000	0.00537499
269	0.38427100	0.37889300	0.00537730
270	0.38378200	0.37840100	0.00538107
271	0.38319700	0.37781000	0.00538625
272	0.38250600	0.37711300	0.00539255
273	0.38169900	0.37630000	0.00539919
274	0.38077200	0.37536600	0.00540576
275	0.37973400	0.37432200	0.00541193
276	0.37860700	0.37319000	0.00541723
277	0.37743400	0.37201300	0.00542141
278	0.37627400	0.37085000	0.00542459
279	0.37516800	0.36974100	0.00542700
280	0.37414600	0.36871700	0.00542903
281	0.37322300	0.36779200	0.00543117
282	0.37241700	0.36698300	0.00543415
283	0.37174200	0.36630400	0.00543807
284	0.37119400	0.36575100	0.00544299
285	0.37076900	0.36532100	0.00544874
286	0.37047400	0.36501800	0.00545552
287	0.37031500	0.36485100	0.00546373
288	0.37028300	0.36481000	0.00547321
289	0.37037900	0.36489500	0.00548368
290	0.37060500	0.36510900	0.00549543
291	0.37094600	0.36543900	0.00550780
292	0.37137500	0.36585400	0.00552064
293	0.37187900	0.36634600	0.00553340
294	0.37242800	0.36688300	0.00554564
295	0.37300200	0.36744500	0.00555734
296	0.37356700	0.36799800	0.00556869
297	0.37410500	0.36852600	0.00557944
298	0.37460600	0.36901600	0.00559003
299	0.37507200	0.36947100	0.00560036
300	0.37550100	0.36989000	0.00561065
301	0.37589500	0.37027400	0.00562107
302	0.37625000	0.37061800	0.00563145
303	0.37655400	0.37091300	0.00564160
304	0.37679100	0.37113900	0.00565170
305	0.37694700	0.37128600	0.00566135
306	0.37702700	0.37135600	0.00567058
307	0.37703400	0.37135500	0.00567871
308	0.37697300	0.37128800	0.00568499
309	0.37685700	0.37116800	0.00568911
310	0.37667600	0.37098500	0.00569115
311	0.37644200	0.37075200	0.00569058
312	0.37614800	0.37046100	0.00568695
313	0.37578800	0.37010800	0.00568015
314	0.37536100	0.36969100	0.00567026
315	0.37487500	0.36921800	0.00565724
316	0.37435700	0.36871500	0.00564160
317	0.37383700	0.36821300	0.00562414
318	0.37335000	0.36774500	0.00560522
319	0.37290400	0.36731800	0.00558533
320	0.37251400	0.36694800	0.00556541
321	0.37219000	0.36664400	0.00554663
322	0.37195700	0.36642700	0.00552993
323	0.37180200	0.36628700	0.00551582
324	0.37174900	0.36624500	0.00550413
325	0.37179700	0.36630200	0.00549471
326	0.37196900	0.36648200	0.00548706
327	0.37225500	0.36677400	0.00548112
328	0.37265100	0.36717400	0.00547705
329	0.37313200	0.36765700	0.00547506
330	0.37369200	0.36821600	0.00547565
331	0.37432200	0.36884300	0.00547890
332	0.37500800	0.36952300	0.00548532
333	0.37573900	0.37024500	0.00549414
334	0.37650600	0.37100200	0.00550478
335	0.37729500	0.37177900	0.00551618
336	0.37809900	0.37257100	0.00552770
337	0.37891600	0.37337600	0.00553920
338	0.37973600	0.37418500	0.00555100
339	0.38052700	0.37496400	0.00556318
340	0.38125500	0.37567900	0.00557556
341	0.38188700	0.37629900	0.00558800
342	0.38238900	0.37678800	0.00560033
343	0.38273800	0.37712600	0.00561269
344	0.38290300	0.37727800	0.00562481
345	0.38287100	0.37723500	0.00563634
346	0.38265400	0.37700600	0.00564740
347	0.38229800	0.37664000	0.00565772
348	0.38184700	0.37617900	0.00566777
349	0.38136700	0.37568900	0.00567802
350	0.38090700	0.37521800	0.00568894
351	0.38050800	0.37480700	0.00570067
352	0.38019600	0.37448300	0.00571323
353	0.37999700	0.37427100	0.00572665
354	0.37991100	0.37417000	0.00574078
355	0.37992500	0.37417000	0.00575553
356	0.38002000	0.37424900	0.00577058
357	0.38019700	0.37441100	0.00578600
358	0.38045600	0.37465400	0.00580181
359	0.38081600	0.37499700	0.00581838
360	0.38129400	0.37545800	0.00583573
361	0.38191500	0.37606200	0.00585362
362	0.38270100	0.37682900	0.00587175
363	0.38366400	0.37777400	0.00588975
364	0.38479800	0.37889100	0.00590692
365	0.38609900	0.38017600	0.00592323
366	0.38756000	0.38162200	0.00593862
367	0.38915400	0.38320100	0.00595293
368	0.39086800	0.38490200	0.00596599
369	0.39265500	0.38667700	0.00597784
370	0.39447500	0.38848700	0.00598868
371	0.39628300	0.39028400	0.00599848
372	0.39807200	0.39206500	0.00600732
373	0.39982900	0.39381400	0.00601484
374	0.40152300	0.39550200	0.00602108
375	0.40317000	0.39714300	0.00602618
376	0.40479400	0.39876300	0.00603087
377	0.40643600	0.40040100	0.00603516
378	0.40811800	0.40207800	0.00603963
379	0.40985600	0.40381200	0.00604396
380	0.41164300	0.40559500	0.00604775
381	0.41347400	0.40742200	0.00605127
382	0.41530400	0.40924900	0.00605454
383	0.41711700	0.41105900	0.00605718
384	0.41889400	0.41283500	0.00605900
385	0.42062300	0.41456300	0.00605997
386	0.42228300	0.41622400	0.00605951
387	0.42384500	0.41778800	0.00605724
388	0.42527800	0.41922500	0.00605338
389	0.42654500	0.42049700	0.00604795
390	0.42763300	0.42159300	0.00604082
391	0.42854900	0.42251700	0.00603202
392	0.42931900	0.42329800	0.00602157
393	0.42998600	0.42397700	0.00600951
394	0.43056500	0.42457000	0.00599537
395	0.43107500	0.42509600	0.00597874
396	0.43152400	0.42556500	0.00595959
397	0.43192500	0.42598700	0.00593815
398	0.43226600	0.42635100	0.00591475
399	0.43254900	0.42665900	0.00588940
400	0.43275700	0.42689500	0.00586188
401	0.43291300	0.42708000	0.00583261
402	0.43303500	0.42723300	0.00580187
403	0.43314800	0.42737800	0.00576991
404	0.43326900	0.42753100	0.00573716
405	0.43341000	0.42770600	0.00570426
406	0.43356400	0.42789200	0.00567162
407	0.43370600	0.42806600	0.00563958
408	0.43382200	0.42821400	0.00560857
409	0.43389700	0.42831900	0.00557879
410	0.43392100	0.42837100	0.00555039
411	0.43387900	0.42835500	0.00552319
412	0.43375500	0.42825800	0.00549710
413	0.43355100	0.42807900	0.00547216
414	0.43326700	0.42781900	0.00544799
415	0.43288400	0.42746000	0.00542432
416	0.43239800	0.42699700	0.00540099
417	0.43179500	0.42641700	0.00537793
418	0.43107400	0.42571900	0.00535515
419	0.43022600	0.42489300	0.00533324
420	0.42925400	0.42394100	0.00531304
421	0.42816300	0.42286800	0.00529512
422	0.42695700	0.42167700	0.00527980
423	0.42562500	0.42035800	0.00526708
424	0.42416000	0.41890300	0.00525660
425	0.42255500	0.41730700	0.00524824
426	0.42082700	0.41558500	0.00524186
427	0.41898300	0.41374500	0.00523774
428	0.41703500	0.41179900	0.00523561
429	0.41499500	0.40975900	0.00523565
430	0.41288200	0.40764500	0.00523739
431	0.41069300	0.40545300	0.00523950
432	0.40843700	0.40319500	0.00524227
433	0.40611600	0.40087100	0.00524524
434	0.40374900	0.39850000	0.00524840
435	0.40135200	0.39610000	0.00525180
436	0.39895500	0.39369900	0.00525558
437	0.39655400	0.39129500	0.00525957
438	0.39414700	0.38888300	0.00526397
439	0.39173000	0.38646100	0.00526881
440	0.38929800	0.38402400	0.00527445
441	0.38684700	0.38156600	0.00528096
442	0.38438600	0.37909800	0.00528840
443	0.38193000	0.37663300	0.00529719
444	0.37948600	0.37417900	0.00530755
445	0.37706100	0.37174200	0.00531898
446	0.37466500	0.36933400	0.00533116
447	0.37230200	0.36695800	0.00534417
448	0.36998300	0.36462500	0.00535801
449	0.36770500	0.36233300	0.00537277
450	0.36548900	0.36010100	0.00538807
451	0.36333100	0.35792700	0.00540390
452	0.36123600	0.35581600	0.00542012
453	0.35920300	0.35376500	0.00543741
454	0.35725200	0.35179600	0.00545602
455	0.35536900	0.34989400	0.00547567
456	0.35355800	0.34806200	0.00549614
457	0.35182900	0.34631200	0.00551685
458	0.35020100	0.34466300	0.00553787
459	0.34866900	0.34311000	0.00555899
460	0.34723100	0.34165100	0.00558015
461	0.34587700	0.34027500	0.00560132
462	0.34459100	0.33896900	0.00562228
463	0.34336000	0.33771700	0.00564315
464	0.34217200	0.33650800	0.00566377
465	0.34101200	0.33532800	0.00568428
466	0.33987100	0.33416600	0.00570527
467	0.33874100	0.33301400	0.00572679
468	0.33761400	0.33186600	0.00574843
469	0.33648100	0.33071100	0.00577072
470	0.33532900	0.32953500	0.00579363
471	0.33415800	0.32834100	0.00581746
472	0.33296100	0.32711800	0.00584261
473	0.33173000	0.32586200	0.00586825
474	0.33045900	0.32456500	0.00589437
475	0.32917200	0.32325100	0.00592097
476	0.32786200	0.32191400	0.00594797
477	0.32652600	0.32055100	0.00597521
478	0.32515800	0.31915600	0.00600237
479	0.32377100	0.31774100	0.00602941
480	0.32236000	0.31630400	0.00605571
481	0.32092500	0.31484400	0.00608108
482	0.31946700	0.31336200	0.00610527
483	0.31800400	0.31187500	0.00612836
484	0.31655200	0.31040200	0.00615002
485	0.31513200	0.30896200	0.00616998
486	0.31375900	0.30757200	0.00618758
487	0.31243400	0.30623100	0.00620272
488	0.31115600	0.30494000	0.00621591
489	0.30993000	0.30370300	0.00622703
490	0.30875100	0.30251500	0.00623642
491	0.30761900	0.30137500	0.00624449
492	0.30652100	0.30026900	0.00625197
493	0.30543600	0.29917700	0.00625909
494	0.30433900	0.29807300	0.00626619
495	0.30323400	0.29696100	0.00627338
496	0.30212300	0.29584200	0.00628107
497	0.30100700	0.29471700	0.00628953
498	0.29991800	0.29361900	0.00629883
499	0.29887000	0.29256100	0.00630925
500	0.29787500	0.29155400	0.00632094
501	0.29694100	0.29060700	0.00633425
502	0.29606900	0.28972000	0.00634952
503	0.29526500	0.28889900	0.00636635
504	0.29452900	0.28814400	0.00638457
505	0.29386600	0.28746200	0.00640416
506	0.29328200	0.28685700	0.00642475
507	0.29277300	0.28632700	0.00644580
508	0.29236100	0.28589500	0.00646632
509	0.29205000	0.28556500	0.00648513
510	0.29185000	0.28534900	0.00650165
511	0.29175100	0.28523500	0.00651531
512	0.29177000	0.28524400	0.00652609
513	0.29191100	0.28537700	0.00653420
514	0.29219000	0.28565000	0.00653994
515	0.29260200	0.28605800	0.00654360
516	0.29315600	0.28661100	0.00654531
517	0.29387400	0.28732900	0.00654520
518	0.29475800	0.28821400	0.00654363
519	0.29580600	0.28926500	0.00654063
520	0.29700200	0.29046600	0.00653644
521	0.29834000	0.29180900	0.00653122
522	0.29979400	0.29326900	0.00652522
523	0.30134300	0.29482400	0.00651857
524	0.30294900	0.29643800	0.00651155
525	0.30461400	0.29810900	0.00650432
526	0.30631900	0.29982300	0.00649684
527	0.30806400	0.30157500	0.00648934
528	0.30981000	0.30332900	0.00648165
529	0.31153900	0.30506500	0.00647390
530	0.31322200	0.30675600	0.00646594
531	0.31484600	0.30838800	0.00645776
532	0.31638800	0.30993800	0.00644962
533	0.31785800	0.31141600	0.00644155
534	0.31924200	0.31280800	0.00643364
535	0.32053800	0.31411300	0.00642544
536	0.32172400	0.31530800	0.00641687
537	0.32279800	0.31639000	0.00640804
538	0.32375500	0.31735600	0.00639913
539	0.32459800	0.31820800	0.00638970
540	0.32534200	0.31896200	0.00637942
541	0.32599700	0.31962800	0.00636834
542	0.32657200	0.32021600	0.00635696
543	0.32710000	0.32075400	0.00634556
544	0.32759200	0.32125900	0.00633361
545	0.32809400	0.32177300	0.00632087
546	0.32865300	0.32234600	0.00630724
547	0.32929400	0.32300100	0.00629291
548	0.33001500	0.32373700	0.00627835
549	0.33082900	0.32456500	0.00626381
550	0.33169100	0.32544100	0.00624938
551	0.33258100	0.32634600	0.00623542
552	0.33347100	0.32724800	0.00622213
553	0.33434900	0.32813900	0.00620948
554	0.33517900	0.32898200	0.00619742
555	0.33596200	0.32977600	0.00618616
556	0.33668200	0.33050600	0.00617602
557	0.33732600	0.33115800	0.00616726
558	0.33787300	0.33171300	0.00615982
559	0.33830000	0.33214700	0.00615308
560	0.33858600	0.33243900	0.00614669
561	0.33872300	0.33258200	0.00614049
562	0.33870500	0.33257100	0.00613425
563	0.33852900	0.33240100	0.00612763
564	0.33820500	0.33208500	0.00612035
565	0.33774700	0.33163500	0.00611251
566	0.33717300	0.33106900	0.00610416
567	0.33650600	0.33041000	0.00609571
568	0.33578700	0.32970000	0.00608770
569	0.33505300	0.32897300	0.00608011
570	0.33434000	0.32826700	0.00607309
571	0.33368200	0.32761500	0.00606656
572	0.33311000	0.32704900	0.00606025
573	0.33263800	0.32658400	0.00605468
574	0.33228700	0.32623700	0.00604981
575	0.33205000	0.32600400	0.00604582
576	0.33191400	0.32587100	0.00604345
577	0.33185100	0.32580800	0.00604331
578	0.33183500	0.32579000	0.00604531
579	0.33183200	0.32578300	0.00604915
580	0.33181600	0.32576100	0.00605515
581	0.33175700	0.32569300	0.00606321
582	0.33164800	0.32557500	0.00607297
583	0.33149400	0.32541000	0.00608397
584	0.33132400	0.32522800	0.00609601
585	0.33115200	0.32504300	0.00610883
586	0.33100500	0.32488300	0.00612205
587	0.33091000	0.32477400	0.00613570
588	0.33089400	0.32474400	0.00614935
589	0.33098100	0.32481800	0.00616282
590	0.33117100	0.32499500	0.00617594
591	0.33147400	0.32528600	0.00618847
592	0.33188500	0.32568400	0.00620053
593	0.33240800	0.32619700	0.00621148
594	0.33302900	0.32680700	0.00622152
595	0.33375100	0.32752000	0.00623105
596	0.33454800	0.32830800	0.00624039
597	0.33539900	0.32914800	0.00625019
598	0.33627700	0.33001600	0.00626099
599	0.33715000	0.33087700	0.00627284
600	0.33799400	0.33170800	0.00628518
601	0.33879600	0.33249800	0.00629750
602	0.33955300	0.33324300	0.00631017
603	0.34028100	0.33395800	0.00632277
604	0.34100700	0.33467200	0.00633505
605	0.34175200	0.33540500	0.00634677
606	0.34254400	0.33618600	0.00635781
607	0.34339700	0.33702900	0.00636788
608	0.34434700	0.33797000	0.00637648
609	0.34543600	0.33905300	0.00638327
610	0.34668900	0.34030100	0.00638802
611	0.34809100	0.34170000	0.00639058
612	0.34961400	0.34322300	0.00639059
613	0.35122500	0.34483700	0.00638852
614	0.35291700	0.34653300	0.00638473
615	0.35466900	0.34829000	0.00637933
616	0.35647700	0.35010400	0.00637324
617	0.35831800	0.35195100	0.00636739
618	0.36017200	0.35381000	0.00636259
619	0.36199700	0.35563700	0.00635916
620	0.36377200	0.35741500	0.00635774
621	0.36548000	0.35912000	0.00635957
622	0.36710200	0.36073700	0.00636503
623	0.36862300	0.36224900	0.00637357
624	0.37002100	0.36363600	0.00638495
625	0.37130900	0.36491000	0.00639871
626	0.37247000	0.36605600	0.00641407
627	0.37353600	0.36710600	0.00643045
628	0.37450700	0.36806000	0.00644707
629	0.37537300	0.36890900	0.00646324
630	0.37613400	0.36965600	0.00647852
631	0.37680600	0.37031300	0.00649235
632	0.37740000	0.37089600	0.00650406
633	0.37791200	0.37139900	0.00651321
634	0.37833100	0.37181200	0.00651894
635	0.37864300	0.37212200	0.00652092
636	0.37885800	0.37233900	0.00651888
637	0.37898900	0.37247600	0.00651303
638	0.37907500	0.37257100	0.00650348
639	0.37914200	0.37265100	0.00649068
640	0.37919500	0.37272000	0.00647503
641	0.37923200	0.37277400	0.00645733
642	0.37924000	0.37280200	0.00643807
643	0.37924600	0.37282800	0.00641826
644	0.37926800	0.37286900	0.00639879
645	0.37932200	0.37294200	0.00637943
646	0.37942200	0.37306200	0.00636037
647	0.37956400	0.37322200	0.00634152
648	0.37974500	0.37342200	0.00632335
649	0.37996100	0.37365500	0.00630680
650	0.38017400	0.37388200	0.00629169
651	0.38033700	0.37405900	0.00627750
652	0.38040900	0.37414500	0.00626373
653	0.38037600	0.37412600	0.00625023
654	0.38026200	0.37402500	0.00623719
655	0.38006900	0.37384500	0.00622462
656	0.37979400	0.37358200	0.00621207
657	0.37945500	0.37325500	0.00619936
658	0.37903900	0.37285300	0.00618638
659	0.37857100	0.37239900	0.00617296
660	0.37802700	0.37186800	0.00615910
661	0.37739600	0.37125200	0.00614462
662	0.37668200	0.37055200	0.00612990
663	0.37589500	0.36977900	0.00611595
664	0.37505100	0.36894800	0.00610365
665	0.37417500	0.36808100	0.00609411
666	0.37329800	0.36721000	0.00608840
667	0.37245700	0.36637000	0.00608692
668	0.37169200	0.36560200	0.00609011
669	0.37102100	0.36492400	0.00609728
670	0.37046700	0.36435900	0.00610816
671	0.37002500	0.36390300	0.00612228
672	0.36968100	0.36354200	0.00613928
673	0.36941600	0.36325700	0.00615883
674	0.36923500	0.36305400	0.00618069
675	0.36914600	0.36294300	0.00620395
676	0.36916500	0.36293700	0.00622796
677	0.36930400	0.36305200	0.00625226
678	0.36959100	0.36331500	0.00627637
679	0.37002200	0.36372200	0.00629956
680	0.37060700	0.36428600	0.00632134
681	0.37133700	0.36499600	0.00634135
682	0.37220000	0.36584100	0.00635920
683	0.37315800	0.36678300	0.00637456
684	0.37418300	0.36779500	0.00638732
685	0.37524300	0.36884600	0.00639679
686	0.37632200	0.36991900	0.00640307
687	0.37740800	0.37100100	0.00640616
688	0.37849300	0.37208700	0.00640617
689	0.37958700	0.37318300	0.00640322
690	0.38069300	0.37429600	0.00639770
691	0.38182200	0.37543300	0.00638981
692	0.38299800	0.37661700	0.00638037
693	0.38422900	0.37786000	0.00636936
694	0.38550500	0.37914900	0.00635683
695	0.38680800	0.38046500	0.00634278
696	0.38812600	0.38179900	0.00632716
697	0.38942800	0.38311800	0.00631020
698	0.39070500	0.38441300	0.00629212
699	0.39196700	0.38569400	0.00627326
700	0.39322000	0.38696700	0.00625366
701	0.39446700	0.38823300	0.00623337
702	0.39570600	0.38949400	0.00621231
703	0.39692700	0.39073600	0.00619069
704	0.39810900	0.39194000	0.00616896
705	0.39925500	0.39310800	0.00614755
706	0.40038500	0.39425700	0.00612730
707	0.40153200	0.39542300	0.00610879
708	0.40271200	0.39662000	0.00609218
709	0.40391600	0.39783800	0.00607783
710	0.40514100	0.39907500	0.00606610
711	0.40637400	0.40031700	0.00605697
712	0.40760200	0.40155100	0.00605049
713	0.40881900	0.40277200	0.00604682
714	0.41001600	0.40397000	0.00604578
715	0.41119300	0.40514600	0.00604717
716	0.41234000	0.40628900	0.00605088
717	0.41343000	0.40737300	0.00605654
718	0.41445000	0.40838600	0.00606402
719	0.41539200	0.40931900	0.00607258
720	0.41625100	0.41017000	0.00608177
721	0.41701200	0.41092200	0.00609031
722	0.41764000	0.41154200	0.00609811
723	0.41809900	0.41199400	0.00610509
724	0.41836000	0.41225000	0.00611026
725	0.41842000	0.41230700	0.00611330
726	0.41827900	0.41216500	0.00611418
727	0.41793500	0.41182200	0.00611302
728	0.41742300	0.41131300	0.00610991
729	0.41677900	0.41067400	0.00610494
730	0.41604200	0.40994400	0.00609839
731	0.41524000	0.40915000	0.00609070
732	0.41439600	0.40831400	0.00608187
733	0.41352000	0.40744700	0.00607240
734	0.41262400	0.40656100	0.00606261
735	0.41171000	0.40565700	0.00605285
736	0.41078600	0.40474200	0.00604372
737	0.40984900	0.40381400	0.00603531
738	0.40889600	0.40286800	0.00602773
739	0.40792400	0.40190300	0.00602099
740	0.40692200	0.40090600	0.00601564
741	0.40589500	0.39988300	0.00601177
742	0.40485700	0.39884700	0.00600940
743	0.40381100	0.39780200	0.00600853
744	0.40276300	0.39675400	0.00600879
745	0.40172300	0.39571300	0.00601013
746	0.40069700	0.39468400	0.00601262
747	0.39970100	0.39368500	0.00601592
748	0.39874100	0.39272200	0.00601951
749	0.39781300	0.39179000	0.00602327
750	0.39690700	0.39088000	0.00602707
751	0.39603000	0.38999900	0.00603103
752	0.39514800	0.38911200	0.00603528
753	0.39423400	0.38819400	0.00603962
754	0.39324500	0.38720100	0.00604412
755	0.39216800	0.38612000	0.00604811
756	0.39099700	0.38494500	0.00605149
757	0.38975100	0.38369700	0.00605436
758	0.38842400	0.38236700	0.00605672
759	0.38704100	0.38098200	0.00605846
760	0.38560700	0.37954700	0.00605953
761	0.38416500	0.37810600	0.00605979
762	0.38274100	0.37668100	0.00606014
763	0.38137800	0.37531700	0.00606115
764	0.38006600	0.37400300	0.00606309
765	0.37880300	0.37273700	0.00606651
766	0.37755200	0.37148100	0.00607098
767	0.37631000	0.37023300	0.00607651
768	0.37503800	0.36895500	0.00608333
769	0.37374000	0.36764900	0.00609058
770	0.37241800	0.36632000	0.00609750
771	0.37107800	0.36497300	0.00610488
772	0.36970200	0.36358800	0.00611391
773	0.36829900	0.36217500	0.00612346
774	0.36686600	0.36073200	0.00613425
775	0.36539700	0.35925200	0.00614495
776	0.36387800	0.35772200	0.00615525
777	0.36232200	0.35615800	0.00616465
778	0.36071800	0.35454500	0.00617315
779	0.35906800	0.35288700	0.00618074
780	0.35734400	0.35115700	0.00618704
781	0.35556500	0.34937300	0.00619165
782	0.35371900	0.34752300	0.00619555
783	0.35180700	0.34560800	0.00619894
784	0.34982100	0.34361900	0.00620171
785	0.34775200	0.34154800	0.00620337
786	0.34561600	0.33941200	0.00620369
787	0.34341800	0.33721500	0.00620298
788	0.34118600	0.33498500	0.00620160
789	0.33895900	0.33275900	0.00619975
790	0.33676300	0.33056500	0.00619756
791	0.33464400	0.32844900	0.00619543
792	0.33262600	0.32643300	0.00619332
793	0.33070300	0.32451200	0.00619101
794	0.32888200	0.32269300	0.00618901
795	0.32715600	0.32096800	0.00618783
796	0.32550900	0.31932100	0.00618736
797	0.32393000	0.31774200	0.00618768
798	0.32242700	0.31623900	0.00618812
799	0.32100200	0.31481500	0.00618760
800	0.31967100	0.31348500	0.00618589
801	0.31843800	0.31225500	0.00618307
802	0.31730900	0.31112900	0.00617921
803	0.31627400	0.31009900	0.00617430
804	0.31533600	0.30916700	0.00616885
805	0.31449600	0.30833300	0.00616325
806	0.31375000	0.30759300	0.00615735
807	0.31308600	0.30693500	0.00615148
808	0.31249600	0.30635100	0.00614566
809	0.31197700	0.30583700	0.00613985
810	0.31151900	0.30538500	0.00613402
811	0.31113100	0.30500300	0.00612843
812	0.31081200	0.30468800	0.00612369
813	0.31055800	0.30443800	0.00612011
814	0.31036000	0.30424200	0.00611834
815	0.31020100	0.30408300	0.00611870
816	0.31005900	0.30393700	0.00612123
817	0.30992800	0.30380200	0.00612619
818	0.30980700	0.30367400	0.00613336
819	0.30970400	0.30356100	0.00614233
820	0.30962600	0.30347400	0.00615263
821	0.30957200	0.30340800	0.00616402
822	0.30955000	0.30337400	0.00617596
823	0.30956300	0.30337600	0.00618766
824	0.30961800	0.30341900	0.00619876
825	0.30972900	0.30352000	0.00620872
826	0.30990900	0.30369200	0.00621729
827	0.31017400	0.30395000	0.00622416
828	0.31051100	0.30428100	0.00622936
829	0.31091600	0.30468300	0.00623312
830	0.31137000	0.30513400	0.00623551
831	0.31187300	0.30563600	0.00623648
832	0.31241800	0.30618200	0.00623607
833	0.31302000	0.30678600	0.00623436
834	0.31368400	0.30745200	0.00623154
835	0.31443300	0.30820500	0.00622787
836	0.31526500	0.30904200	0.00622330
837	0.31620400	0.30998600	0.00621782
838	0.31725900	0.31104800	0.00621146
839	0.31845400	0.31225000	0.00620403
840	0.31977600	0.31358000	0.00619546
841	0.32121500	0.31502900	0.00618596
842	0.32273700	0.31656100	0.00617572
843	0.32432700	0.31816200	0.00616482
844	0.32591900	0.31976600	0.00615330
845	0.32748900	0.32134800	0.00614097
846	0.32900400	0.32287600	0.00612772
847	0.33048800	0.32437500	0.00611369
848	0.33194000	0.32584100	0.00609960
849	0.33337100	0.32728500	0.00608576
850	0.33477000	0.32869700	0.00607260
851	0.33609800	0.33003800	0.00606005
852	0.33733300	0.33128400	0.00604825
853	0.33847000	0.33243200	0.00603742
854	0.33950600	0.33347800	0.00602785
855	0.34046400	0.33444400	0.00602006
856	0.34136400	0.33534900	0.00601451
857	0.34220600	0.33619400	0.00601138
858	0.34297900	0.33696800	0.00601076
859	0.34368700	0.33767400	0.00601263
860	0.34432800	0.33831100	0.00601692
861	0.34488700	0.33886400	0.00602361
862	0.34536300	0.33933100	0.00603230
863	0.34576000	0.33971800	0.00604241
864	0.34608200	0.34002900	0.00605333
865	0.34635300	0.34028800	0.00606438
866	0.34658600	0.34051100	0.00607540
867	0.34680100	0.34071500	0.00608568
868	0.34701600	0.34092100	0.00609486
869	0.34723500	0.34113200	0.00610275
870	0.34745400	0.34134500	0.00610932
871	0.34766300	0.34154900	0.00611452
872	0.34784500	0.34172700	0.00611812
873	0.34798300	0.34186300	0.00612018
874	0.34807300	0.34195100	0.00612130
875	0.34811800	0.34199600	0.00612157
876	0.34812700	0.34200500	0.00612110
877	0.34810600	0.34198600	0.00611983
878	0.34806400	0.34194700	0.00611747
879	0.34799400	0.34188100	0.00611385
880	0.34787600	0.34176700	0.00610893
881	0.34768500	0.34158200	0.00610282
882	0.34740800	0.34131200	0.00609583
883	0.34703500	0.34094700	0.00608792
884	0.34657000	0.34049100	0.00607895
885	0.34602900	0.33996000	0.00606878
886	0.34544000	0.33938300	0.00605695
887	0.34483000	0.33878600	0.00604354
888	0.34423100	0.33820200	0.00602881
889	0.34367400	0.33766100	0.00601265
890	0.34317100	0.33717600	0.00599539
891	0.34272400	0.33674700	0.00597709
892	0.34233700	0.33637900	0.00595801
893	0.34201800	0.33608000	0.00593829
894	0.34176600	0.33584800	0.00591831
895	0.34158800	0.33569000	0.00589852
896	0.34149000	0.33561000	0.00587953
897	0.34147600	0.33561400	0.00586215
898	0.34156100	0.33571300	0.00584719
899	0.34175700	0.33592200	0.00583517
900	0.34206600	0.33623900	0.00582630
901	0.34248600	0.33666500	0.00582027
902	0.34301400	0.33719800	0.00581656
903	0.34363500	0.33782000	0.00581477
904	0.34434500	0.33853100	0.00581445
905	0.34512600	0.33931000	0.00581529
906	0.34597000	0.34015300	0.00581734
907	0.34686100	0.34104000	0.00582055
908	0.34777100	0.34194700	0.00582441
909	0.34866900	0.34284100	0.00582862
910	0.34954300	0.34371000	0.00583310
911	0.35037900	0.34454100	0.00583794
912	0.35116800	0.34532500	0.00584305
913	0.35190600	0.34605700	0.00584856
914	0.35259200	0.34673700	0.00585461
915	0.35322200	0.34736100	0.00586075
916	0.35380700	0.34793900	0.00586732
917	0.35434600	0.34847100	0.00587409
918	0.35485200	0.34897100	0.00588065
919	0.35531600	0.34942900	0.00588705
920	0.35574900	0.34985500	0.00589350
921	0.35615900	0.35025900	0.00589991
922	0.35656200	0.35065500	0.00590646
923	0.35697800	0.35106500	0.00591320
924	0.35741900	0.35149900	0.00592035
925	0.35790200	0.35197400	0.00592820
926	0.35841500	0.35247900	0.00593620
927	0.35894400	0.35300000	0.00594434
928	0.35946800	0.35351600	0.00595217
929	0.35996800	0.35400800	0.00595974
930	0.36042000	0.35445300	0.00596702
931	0.36081500	0.35484100	0.00597349
932	0.36113800	0.35515900	0.00597903
933	0.36138700	0.35540300	0.00598375
934	0.36153600	0.35554800	0.00598739
935	0.36156400	0.35557400	0.00598950
936	0.36146900	0.35547900	0.00599014
937	0.36126100	0.35527200	0.00598931
938	0.36096600	0.35497800	0.00598716
939	0.36061100	0.35462900	0.00598279
940	0.36023100	0.35425600	0.00597555
941	0.35986800	0.35390300	0.00596526
942	0.35953300	0.35358000	0.00595216
943	0.35925500	0.35331800	0.00593683
944	0.35905600	0.35313700	0.00591974
945	0.35895400	0.35305300	0.00590139
946	0.35895100	0.35306900	0.00588247
947	0.35903800	0.35317500	0.00586345
948	0.35921900	0.35337400	0.00584499
949	0.35950000	0.35367200	0.00582750
950	0.35986600	0.35405500	0.00581128
951	0.36030900	0.35451200	0.00579650
952	0.36079900	0.35501500	0.00578341
953	0.36130400	0.35553200	0.00577213
954	0.36179500	0.35603200	0.00576306
955	0.36223400	0.35647700	0.00575693
956	0.36259800	0.35684400	0.00575383
957	0.36285900	0.35710500	0.00575408
958	0.36300500	0.35724700	0.00575782
959	0.36303300	0.35726800	0.00576477
960	0.36294200	0.35716800	0.00577481
961	0.36275100	0.35696400	0.00578753
962	0.36246400	0.35666100	0.00580264
963	0.36209500	0.35627500	0.00582004
964	0.36165100	0.35581200	0.00583949
965	0.36114900	0.35528800	0.00586099
966	0.36059200	0.35470700	0.00588440
967	0.35999900	0.35409000	0.00590937
968	0.35938000	0.35344500	0.00593562
969	0.35877200	0.35280900	0.00596281
970	0.35818400	0.35219400	0.00599074
971	0.35763800	0.35161900	0.00601921
972	0.35714000	0.35109200	0.00604786
973	0.35669400	0.35061700	0.00607656
974	0.35630100	0.35019600	0.00610512
975	0.35596000	0.34982700	0.00613309
976	0.35567400	0.34951400	0.00616016
977	0.35544000	0.34925400	0.00618558
978	0.35525100	0.34904200	0.00620895
979	0.35510400	0.34887400	0.00623001
980	0.35498500	0.34873700	0.00624841
981	0.35488500	0.34862100	0.00626381
982	0.35480000	0.34852400	0.00627566
983	0.35473200	0.34844900	0.00628351
984	0.35467900	0.34839200	0.00628701
985	0.35464700	0.34836100	0.00628596
986	0.35465000	0.34837000	0.00628020
987	0.35470500	0.34843500	0.00627008
988	0.35482800	0.34857200	0.00625656
989	0.35502000	0.34878000	0.00623998
990	0.35527000	0.34904900	0.00622100
991	0.35556600	0.34936500	0.00620038
992	0.35590200	0.34972400	0.00617835
993	0.35626700	0.35011200	0.00615501
994	0.35666500	0.35053400	0.00613036
995	0.35710400	0.35099900	0.00610445
996	0.35759000	0.35151300	0.00607716
997	0.35810600	0.35205800	0.00604829
998	0.35864500	0.35262800	0.00601786
999	0.35919600	0.35321000	0.00598602
1000	0.35977400	0.35382000	0.00595308
1001	0.36037100	0.35445100	0.00591968
1002	0.36098900	0.35510300	0.00588631
1003	0.36159500	0.35574200	0.00585317
1004	0.36217800	0.35635800	0.00582008
1005	0.36272100	0.35693400	0.00578730
1006	0.36323200	0.35747700	0.00575507
1007	0.36370900	0.35798500	0.00572369
1008	0.36416600	0.35847300	0.00569350
1009	0.36460800	0.35894300	0.00566475
1010	0.36504900	0.35941200	0.00563784
1011	0.36548400	0.35987000	0.00561345
1012	0.36592500	0.36033300	0.00559205
1013	0.36638400	0.36081000	0.00557383
1014	0.36687100	0.36131200	0.00555884
1015	0.36738900	0.36184200	0.00554685
1016	0.36795700	0.36242000	0.00553770
1017	0.36858600	0.36305500	0.00553123
1018	0.36928900	0.36376200	0.00552692
1019	0.37005400	0.36452900	0.00552445
1020	0.37088100	0.36535700	0.00552371
1021	0.37176500	0.36624000	0.00552460
1022	0.37270300	0.36717600	0.00552675
1023	0.37367900	0.36815000	0.00552966
1024	0.37468500	0.36915200	0.00553288
1025	0.37571400	0.37017800	0.00553625
1026	0.37675800	0.37121800	0.00553951
1027	0.37781400	0.37227100	0.00554249
1028	0.37889400	0.37334800	0.00554549
1029	0.38001000	0.37446200	0.00554876
1030	0.38116400	0.37561200	0.00555219
1031	0.38235800	0.37680300	0.00555537
1032	0.38357700	0.37801900	0.00555835
1033	0.38481400	0.37925200	0.00556170
1034	0.38605200	0.38048600	0.00556555
1035	0.38728500	0.38171500	0.00557007
1036	0.38849400	0.38291900	0.00557522
1037	0.38966400	0.38408300	0.00558109
1038	0.39076100	0.38517300	0.00558791
1039	0.39177600	0.38618000	0.00559572
1040	0.39270000	0.38709600	0.00560432
1041	0.39355000	0.38793600	0.00561363
1042	0.39431400	0.38869100	0.00562357
1043	0.39499900	0.38936500	0.00563403
1044	0.39559700	0.38995200	0.00564447
1045	0.39610500	0.39044900	0.00565511
1046	0.39651500	0.39084900	0.00566636
1047	0.39683400	0.39115600	0.00567825
1048	0.39704700	0.39135600	0.00569062
1049	0.39716600	0.39146300	0.00570277
1050	0.39721100	0.39149600	0.00571405
1051	0.39720900	0.39148600	0.00572385
1052	0.39717400	0.39144200	0.00573220
1053	0.39712300	0.39138400	0.00573904
1054	0.39706300	0.39131900	0.00574460
1055	0.39699500	0.39124600	0.00574883
1056	0.39691600	0.39116500	0.00575154
1057	0.39683000	0.39107700	0.00575298
1058	0.39674700	0.39099300	0.00575365
1059	0.39666700	0.39091300	0.00575399
1060	0.39659300	0.39083900	0.00575418
1061	0.39652500	0.39077000	0.00575433
1062	0.39646900	0.39071400	0.00575449
1063	0.39643200	0.39067800	0.00575460
1064	0.39640600	0.39065200	0.00575464
1065	0.39639400	0.39063900	0.00575469
1066	0.39638900	0.39063400	0.00575481
1067	0.39639900	0.39064400	0.00575514
1068	0.39642700	0.39067100	0.00575568
1069	0.39646900	0.39071200	0.00575633
1070	0.39651400	0.39075700	0.00575689
1071	0.39656200	0.39080500	0.00575723
1072	0.39660600	0.39084800	0.00575738
1073	0.39666000	0.39090300	0.00575729
1074	0.39671500	0.39095900	0.00575673
1075	0.39677900	0.39102300	0.00575548
1076	0.39684500	0.39109100	0.00575366
1077	0.39690600	0.39115500	0.00575132
1078	0.39697400	0.39122600	0.00574839
1079	0.39705200	0.39130700	0.00574493
1080	0.39714800	0.39140700	0.00574100
1081	0.39726000	0.39152400	0.00573619
1082	0.39738900	0.39165900	0.00573034
1083	0.39753100	0.39180700	0.00572354
1084	0.39767100	0.39195500	0.00571597
1085	0.39778400	0.39207600	0.00570763
1086	0.39783100	0.39213200	0.00569856
1087	0.39778100	0.39209200	0.00568892
1088	0.39761100	0.39193200	0.00567845
1089	0.39730100	0.39163500	0.00566651
1090	0.39685800	0.39120500	0.00565329
1091	0.39630000	0.39066100	0.00563933
1092	0.39566100	0.39003500	0.00562547
1093	0.39496000	0.38934800	0.00561184
1094	0.39418400	0.38858600	0.00559842
1095	0.39332300	0.38773700	0.00558538
1096	0.39234300	0.38677000	0.00557322
1097	0.39123400	0.38567100	0.00556286
1098	0.38997300	0.38441800	0.00555514
1099	0.38857300	0.38302300	0.00555030
1100	0.38703700	0.38148800	0.00554840
1101	0.38538900	0.37983900	0.00554962
1102	0.38366700	0.37811300	0.00555454
1103	0.38191400	0.37635100	0.00556315
1104	0.38015600	0.37458100	0.00557509
1105	0.37842000	0.37283000	0.00558954
1106	0.37673900	0.37113300	0.00560601
1107	0.37513600	0.36951200	0.00562401
1108	0.37363300	0.36799000	0.00564299
1109	0.37223700	0.36657400	0.00566242
1110	0.37093800	0.36525700	0.00568177
1111	0.36972000	0.36401900	0.00570087
1112	0.36856500	0.36284600	0.00571982
1113	0.36746500	0.36172600	0.00573911
1114	0.36640600	0.36064800	0.00575854
1115	0.36537600	0.35959800	0.00577797
1116	0.36435300	0.35855600	0.00579718
1117	0.36331900	0.35750300	0.00581595
1118	0.36224000	0.35640500	0.00583438
1119	0.36110100	0.35524900	0.00585246
1120	0.35988800	0.35401800	0.00586968
1121	0.35860300	0.35271700	0.00588620
1122	0.35723800	0.35133600	0.00590197
1123	0.35580700	0.34989000	0.00591682
1124	0.35430900	0.34837800	0.00593100
1125	0.35275300	0.34680900	0.00594444
1126	0.35114700	0.34519000	0.00595681
1127	0.34950600	0.34353800	0.00596848
1128	0.34783100	0.34185200	0.00597938
1129	0.34614900	0.34015900	0.00598965
1130	0.34447300	0.33847300	0.00599934
1131	0.34283200	0.33682400	0.00600859
1132	0.34122300	0.33520600	0.00601691
1133	0.33965400	0.33363000	0.00602402
1134	0.33811300	0.33208300	0.00602996
1135	0.33661800	0.33058400	0.00603441
1136	0.33514000	0.32910300	0.00603702
1137	0.33369100	0.32765300	0.00603770
1138	0.33226900	0.32623300	0.00603624
1139	0.33089700	0.32486400	0.00603297
1140	0.32957600	0.32354800	0.00602782
1141	0.32830700	0.32228600	0.00602101
1142	0.32707200	0.32106000	0.00601240
1143	0.32588400	0.31988200	0.00600225
1144	0.32472900	0.31873800	0.00599093
1145	0.32361400	0.31763500	0.00597895
1146	0.32253500	0.31656900	0.00596654
1147	0.32148600	0.31553200	0.00595390
1148	0.32047500	0.31453400	0.00594105
1149	0.31952200	0.31359300	0.00592830
1150	0.31862600	0.31271100	0.00591577
1151	0.31779400	0.31189100	0.00590352
1152	0.31701800	0.31112600	0.00589173
1153	0.31629200	0.31041100	0.00588074
1154	0.31560500	0.30973400	0.00587078
1155	0.31495800	0.30909600	0.00586201
1156	0.31435800	0.30850400	0.00585448
1157	0.31381300	0.30796500	0.00584843
1158	0.31332900	0.30748600	0.00584351
1159	0.31290700	0.30706800	0.00583933
1160	0.31254200	0.30670700	0.00583563
1161	0.31221200	0.30637900	0.00583268
1162	0.31190000	0.30607000	0.00583049
1163	0.31159000	0.30576100	0.00582885
1164	0.31127400	0.30544600	0.00582770
1165	0.31094600	0.30511900	0.00582725
1166	0.31060500	0.30477800	0.00582688
1167	0.31025200	0.30442600	0.00582668
1168	0.30989900	0.30407300	0.00582672
1169	0.30955700	0.30373100	0.00582635
1170	0.30924500	0.30341900	0.00582602
1171	0.30898000	0.30315500	0.00582572
1172	0.30878700	0.30296200	0.00582518
1173	0.30868800	0.30286300	0.00582433
1174	0.30869600	0.30287300	0.00582334
1175	0.30882200	0.30299900	0.00582280
1176	0.30906000	0.30323700	0.00582257
1177	0.30939800	0.30357500	0.00582296
1178	0.30982900	0.30400500	0.00582409
1179	0.31035300	0.30452800	0.00582581
1180	0.31095600	0.30512800	0.00582814
1181	0.31164000	0.30580900	0.00583116
1182	0.31238500	0.30655000	0.00583505
1183	0.31318700	0.30734700	0.00583953
1184	0.31402400	0.30818000	0.00584417
1185	0.31489000	0.30904200	0.00584870
1186	0.31577100	0.30991900	0.00585256
1187	0.31666400	0.31080900	0.00585540
1188	0.31756000	0.31170300	0.00585716
1189	0.31846600	0.31260800	0.00585794
1190	0.31937100	0.31351400	0.00585754
1191	0.32027600	0.31442000	0.00585614
1192	0.32118200	0.31532800	0.00585369
1193	0.32209000	0.31623900	0.00585044
1194	0.32300300	0.31715600	0.00584630
1195	0.32391900	0.31807800	0.00584145
1196	0.32484500	0.31900900	0.00583590
1197	0.32578900	0.31995900	0.00582992
1198	0.32675200	0.32092900	0.00582348
1199	0.32774200	0.32192600	0.00581651
1200	0.32875800	0.32294800	0.00580932
1201	0.32980700	0.32400500	0.00580212
1202	0.33088800	0.32509300	0.00579464
1203	0.33199900	0.32621200	0.00578689
1204	0.33311500	0.32733700	0.00577868
1205	0.33423000	0.32846000	0.00577004
1206	0.33531600	0.32955500	0.00576102
1207	0.33634900	0.33059800	0.00575128
1208	0.33729800	0.33155800	0.00574065
1209	0.33815100	0.33242200	0.00572912
1210	0.33888600	0.33316900	0.00571690
1211	0.33950200	0.33379900	0.00570383
1212	0.33999000	0.33430000	0.00569029
1213	0.34036700	0.33469100	0.00567667
1214	0.34064100	0.33497700	0.00566327
1215	0.34083400	0.33518300	0.00565057
1216	0.34095500	0.33531600	0.00563911
1217	0.34101900	0.33539000	0.00562858
1218	0.34103000	0.33541100	0.00561922
1219	0.34099100	0.33538100	0.00561066
1220	0.34089700	0.33529400	0.00560311
1221	0.34076000	0.33516300	0.00559674
1222	0.34059400	0.33500300	0.00559137
1223	0.34041600	0.33483000	0.00558668
1224	0.34023600	0.33465300	0.00558268
1225	0.34006500	0.33448600	0.00557922
1226	0.33990900	0.33433200	0.00557621
1227	0.33976800	0.33419500	0.00557349
1228	0.33965000	0.33407800	0.00557148
1229	0.33955600	0.33398600	0.00557021
1230	0.33949600	0.33392600	0.00556969
1231	0.33947100	0.33390100	0.00557009
1232	0.33949000	0.33391800	0.00557152
1233	0.33955800	0.33398400	0.00557410
1234	0.33968000	0.33410200	0.00557747
1235	0.33985600	0.33427400	0.00558161
1236	0.34006600	0.33448000	0.00558626
1237	0.34029100	0.33470000	0.00559137
1238	0.34050700	0.33491100	0.00559686
1239	0.34070000	0.33509700	0.00560262
1240	0.34086000	0.33525100	0.00560841
1241	0.34098200	0.33536800	0.00561423
1242	0.34106900	0.33544900	0.00562015
1243	0.34113200	0.33550500	0.00562625
1244	0.34117500	0.33554200	0.00563239
1245	0.34121700	0.33557800	0.00563887
1246	0.34126400	0.33561800	0.00564569
1247	0.34131600	0.33566300	0.00565297
1248	0.34138300	0.33572200	0.00566085
1249	0.34146200	0.33579300	0.00566917
1250	0.34156200	0.33588400	0.00567797
1251	0.34169000	0.33600300	0.00568717
1252	0.34184700	0.33615100	0.00569660
1253	0.34203200	0.33632600	0.00570605
1254	0.34223900	0.33652400	0.00571507
1255	0.34246500	0.33674200	0.00572365
1256	0.34270200	0.33697100	0.00573133
1257	0.34294300	0.33720500	0.00573819
1258	0.34318400	0.33744000	0.00574394
1259	0.34341700	0.33766900	0.00574840
1260	0.34362400	0.33787300	0.00575151
1261	0.34379000	0.33803700	0.00575318
1262	0.34390900	0.33815500	0.00575338
1263	0.34398400	0.33823200	0.00575253
1264	0.34401800	0.33826700	0.00575085
1265	0.34401800	0.33827000	0.00574838
1266	0.34399000	0.33824400	0.00574536
1267	0.34394400	0.33820200	0.00574152
1268	0.34388000	0.33814300	0.00573700
1269	0.34380800	0.33807600	0.00573193
1270	0.34373800	0.33801100	0.00572639
1271	0.34367900	0.33795800	0.00572050
1272	0.34364000	0.33792600	0.00571443
1273	0.34362300	0.33791500	0.00570857
1274	0.34362900	0.33792600	0.00570325
1275	0.34366300	0.33796400	0.00569877
1276	0.34372800	0.33803200	0.00569530
1277	0.34382400	0.33813100	0.00569273
1278	0.34394400	0.33825200	0.00569116
1279	0.34407700	0.33838600	0.00569053
1280	0.34422000	0.33852900	0.00569081
1281	0.34436000	0.33866900	0.00569175
1282	0.34448600	0.33879300	0.00569319
1283	0.34459000	0.33889600	0.00569492
1284	0.34467100	0.33897500	0.00569676
1285	0.34473300	0.33903400	0.00569860
1286	0.34478000	0.33908000	0.00569991
1287	0.34483400	0.33913400	0.00570047
1288	0.34492600	0.33922600	0.00570003
1289	0.34508300	0.33938400	0.00569874
1290	0.34531400	0.33961800	0.00569675
1291	0.34564400	0.33995000	0.00569385
1292	0.34605700	0.34036700	0.00569045
1293	0.34652800	0.34084100	0.00568708
1294	0.34704000	0.34135600	0.00568419
1295	0.34758100	0.34189900	0.00568196
1296	0.34811800	0.34243700	0.00568047
1297	0.34863700	0.34295700	0.00567953
1298	0.34913700	0.34345700	0.00567997
1299	0.34960900	0.34392700	0.00568169
1300	0.35005100	0.34436600	0.00568531
1301	0.35046300	0.34477200	0.00569068
1302	0.35083500	0.34513700	0.00569780
1303	0.35116100	0.34545500	0.00570631
1304	0.35142300	0.34570700	0.00571629
1305	0.35162200	0.34589500	0.00572715
1306	0.35175200	0.34601300	0.00573883
1307	0.35180600	0.34605500	0.00575081
1308	0.35178400	0.34602100	0.00576283
1309	0.35169200	0.34591800	0.00577460
1310	0.35153800	0.34575200	0.00578619
1311	0.35132400	0.34552600	0.00579730
1312	0.35105600	0.34524800	0.00580833
1313	0.35073400	0.34491500	0.00581902
1314	0.35036100	0.34453100	0.00582936
1315	0.34994100	0.34410200	0.00583898
1316	0.34948400	0.34363600	0.00584760
1317	0.34899100	0.34313600	0.00585516
1318	0.34846400	0.34260200	0.00586171
1319	0.34790600	0.34203900	0.00586710
1320	0.34732200	0.34145000	0.00587137
1321	0.34671500	0.34084000	0.00587470
1322	0.34608600	0.34020900	0.00587729
1323	0.34543200	0.33955200	0.00587995
1324	0.34474500	0.33886200	0.00588269
1325	0.34402600	0.33814000	0.00588574
1326	0.34327500	0.33738600	0.00588896
1327	0.34250000	0.33660800	0.00589156
1328	0.34171100	0.33581700	0.00589395
1329	0.34091800	0.33502200	0.00589602
1330	0.34013600	0.33423800	0.00589807
1331	0.33937600	0.33347600	0.00590028
1332	0.33864900	0.33274700	0.00590206
1333	0.33795300	0.33204900	0.00590351
1334	0.33728900	0.33138500	0.00590468
1335	0.33665500	0.33074900	0.00590540
1336	0.33605700	0.33015100	0.00590570
1337	0.33549000	0.32958500	0.00590533
1338	0.33495300	0.32904900	0.00590391
1339	0.33444300	0.32854200	0.00590124
1340	0.33396100	0.32806400	0.00589743
1341	0.33349800	0.32760600	0.00589239
1342	0.33305000	0.32716400	0.00588643
1343	0.33261600	0.32673700	0.00587968
1344	0.33219600	0.32632300	0.00587232
1345	0.33179200	0.32592800	0.00586453
1346	0.33141500	0.32555800	0.00585658
1347	0.33106500	0.32521600	0.00584919
1348	0.33073900	0.32489700	0.00584218
1349	0.33043800	0.32460300	0.00583547
1350	0.33015300	0.32432400	0.00582912
1351	0.32987700	0.32405400	0.00582276
1352	0.32959900	0.32378200	0.00581687
1353	0.32931500	0.32350400	0.00581121
1354	0.32902500	0.32321900	0.00580585
1355	0.32872300	0.32292200	0.00580081
1356	0.32840600	0.32261100	0.00579571
1357	0.32807700	0.32228600	0.00579031
1358	0.32773100	0.32194700	0.00578406
1359	0.32737600	0.32159800	0.00577725
1360	0.32701200	0.32124200	0.00576998
1361	0.32664700	0.32088400	0.00576252
1362	0.32628400	0.32052900	0.00575510
1363	0.32592600	0.32017900	0.00574764
1364	0.32557600	0.31983600	0.00573982
1365	0.32523600	0.31950400	0.00573170
1366	0.32490700	0.31918400	0.00572308
1367	0.32459100	0.31887600	0.00571441
1368	0.32428400	0.31857900	0.00570577
1369	0.32398600	0.31828900	0.00569728
1370	0.32369400	0.31800500	0.00568929
1371	0.32341200	0.31773100	0.00568159
1372	0.32314000	0.31746600	0.00567449
1373	0.32287800	0.31721000	0.00566771
1374	0.32262400	0.31696300	0.00566116
1375	0.32237900	0.31672400	0.00565481
1376	0.32214600	0.31649700	0.00564857
1377	0.32192200	0.31628000	0.00564253
1378	0.32171100	0.31607500	0.00563653
1379	0.32151100	0.31588000	0.00563064
1380	0.32132200	0.31569800	0.00562475
1381	0.32114700	0.31552800	0.00561898
1382	0.32098100	0.31536800	0.00561320
1383	0.32082400	0.31521600	0.00560736
1384	0.32066900	0.31506700	0.00560145
1385	0.32050800	0.31491300	0.00559551
1386	0.32032600	0.31473700	0.00558965
1387	0.32011100	0.31452700	0.00558372
1388	0.31984500	0.31426700	0.00557780
1389	0.31952500	0.31395300	0.00557191
1390	0.31914700	0.31358100	0.00556591
1391	0.31871300	0.31315300	0.00555995
1392	0.31823000	0.31267600	0.00555390
1393	0.31770300	0.31215500	0.00554802
1394	0.31714000	0.31159700	0.00554240
1395	0.31656100	0.31102400	0.00553702
1396	0.31597200	0.31044000	0.00553216
1397	0.31538600	0.30985900	0.00552755
1398	0.31480200	0.30927900	0.00552334
1399	0.31422900	0.30871000	0.00551972
1400	0.31366900	0.30815200	0.00551667
1401	0.31313100	0.30761600	0.00551454
1402	0.31261000	0.30709700	0.00551311
1403	0.31211100	0.30659800	0.00551264
1404	0.31163300	0.30611900	0.00551356
1405	0.31117400	0.30565800	0.00551594
1406	0.31073200	0.30521200	0.00551973
1407	0.31030200	0.30477700	0.00552458
1408	0.30989400	0.30436400	0.00553030
1409	0.30951800	0.30398200	0.00553650
1410	0.30918700	0.30364400	0.00554312
1411	0.30891000	0.30336100	0.00554984
1412	0.30869700	0.30314000	0.00555637
1413	0.30855700	0.30299400	0.00556310
1414	0.30849400	0.30292400	0.00557007
1415	0.30850400	0.30292700	0.00557737
1416	0.30858400	0.30299900	0.00558484
1417	0.30872300	0.30313100	0.00559224
1418	0.30890600	0.30330600	0.00559961
1419	0.30911200	0.30350400	0.00560755
1420	0.30932600	0.30370900	0.00561646
1421	0.30953400	0.30390800	0.00562637
1422	0.30973200	0.30409500	0.00563671
1423	0.30991500	0.30426800	0.00564712
1424	0.31008800	0.30443000	0.00565754
1425	0.31024900	0.30458100	0.00566809
1426	0.31039500	0.30471700	0.00567839
1427	0.31053700	0.30484800	0.00568812
1428	0.31068400	0.30498700	0.00569711
1429	0.31084300	0.30513800	0.00570524
1430	0.31100500	0.30529300	0.00571284
1431	0.31117500	0.30545500	0.00571984
1432	0.31135300	0.30562600	0.00572606
1433	0.31154000	0.30580900	0.00573140
1434	0.31172800	0.30599200	0.00573585
1435	0.31191500	0.30617600	0.00573927
1436	0.31209400	0.30635300	0.00574175
1437	0.31227500	0.30653200	0.00574286
1438	0.31245700	0.30671400	0.00574287
1439	0.31263900	0.30689700	0.00574199
1440	0.31281500	0.30707400	0.00574055
1441	0.31298500	0.30724700	0.00573836
1442	0.31314300	0.30740800	0.00573554
1443	0.31329000	0.30755800	0.00573200
1444	0.31341500	0.30768700	0.00572806
1445	0.31351400	0.30779100	0.00572359
1446	0.31358400	0.30786600	0.00571874
1447	0.31362700	0.30791300	0.00571362
1448	0.31363700	0.30792800	0.00570841
1449	0.31360500	0.30790200	0.00570307
1450	0.31352700	0.30782900	0.00569776
1451	0.31340400	0.30771100	0.00569274
1452	0.31324100	0.30755300	0.00568776
1453	0.31305500	0.30737200	0.00568297
1454	0.31286400	0.30718600	0.00567835
1455	0.31269500	0.30702100	0.00567402
1456	0.31255600	0.30688700	0.00566998
1457	0.31246000	0.30679300	0.00566653
1458	0.31240800	0.30674400	0.00566361
1459	0.31240300	0.30674100	0.00566148
1460	0.31243100	0.30677100	0.00566010
1461	0.31249100	0.30683100	0.00565933
1462	0.31257000	0.30691100	0.00565920
1463	0.31266400	0.30700500	0.00565963
1464	0.31276400	0.30710400	0.00566028
1465	0.31287200	0.30721100	0.00566097
1466	0.31298100	0.30731900	0.00566162
1467	0.31309800	0.30743600	0.00566225
1468	0.31321900	0.30755600	0.00566287
1469	0.31335300	0.30769000	0.00566345
1470	0.31350300	0.30783900	0.00566407
1471	0.31367200	0.30800700	0.00566476
1472	0.31386100	0.30819500	0.00566579
1473	0.31406800	0.30840100	0.00566701
1474	0.31429100	0.30862300	0.00566838
1475	0.31452800	0.30885800	0.00567008
1476	0.31477100	0.30909900	0.00567168
1477	0.31500600	0.30933300	0.00567320
1478	0.31522200	0.30954800	0.00567452
1479	0.31541100	0.30973600	0.00567537
1480	0.31557000	0.30989500	0.00567577
1481	0.31569100	0.31001600	0.00567588
1482	0.31577300	0.31009700	0.00567586
1483	0.31581100	0.31013500	0.00567584
1484	0.31581100	0.31013600	0.00567541
1485	0.31577400	0.31010000	0.00567417
1486	0.31570500	0.31003200	0.00567205
1487	0.31560600	0.30993700	0.00566925
1488	0.31548500	0.30981900	0.00566568
1489	0.31535300	0.30969200	0.00566110
1490	0.31521600	0.30956000	0.00565591
1491	0.31508200	0.30943200	0.00565017
1492	0.31494900	0.30930600	0.00564380
1493	0.31482200	0.30918500	0.00563673
1494	0.31470200	0.30907300	0.00562901
1495	0.31459400	0.30897300	0.00562095
1496	0.31450000	0.30888700	0.00561298
1497	0.31441600	0.30881100	0.00560530
1498	0.31434400	0.30874700	0.00559798
1499	0.31428900	0.30869800	0.00559115
1500	0.31425000	0.30866400	0.00558513
1501	0.31422500	0.30864500	0.00558009
1502	0.31421900	0.30864300	0.00557603
1503	0.31423200	0.30865900	0.00557307
1504	0.31426000	0.30868900	0.00557117
1505	0.31429500	0.30872500	0.00557030
1506	0.31433500	0.30876400	0.00557047
1507	0.31437800	0.30880600	0.00557142
1508	0.31442100	0.30884700	0.00557339
1509	0.31446200	0.30888500	0.00557644
1510	0.31449800	0.30891800	0.00558040
1511	0.31453400	0.30894800	0.00558534
1512	0.31457400	0.30898300	0.00559105
1513	0.31461800	0.30902100	0.00559767
1514	0.31467100	0.30906600	0.00560505
1515	0.31472300	0.30911000	0.00561307
1516	0.31478100	0.30916000	0.00562141
1517	0.31484500	0.30921500	0.00563013
1518	0.31492300	0.30928400	0.00563895
1519	0.31501400	0.30936600	0.00564788
1520	0.31512600	0.30946900	0.00565707
1521	0.31525500	0.30958800	0.00566630
1522	0.31540700	0.30973200	0.00567582
1523	0.31557600	0.30989000	0.00568568
1524	0.31576600	0.31007000	0.00569579
1525	0.31597200	0.31026600	0.00570622
1526	0.31619200	0.31047500	0.00571714
1527	0.31642100	0.31069300	0.00572846
1528	0.31664800	0.31090800	0.00574015
1529	0.31686900	0.31111700	0.00575204
1530	0.31708400	0.31132000	0.00576401
1531	0.31729600	0.31152000	0.00577579
1532	0.31750500	0.31171700	0.00578721
1533	0.31771400	0.31191500	0.00579851
1534	0.31792500	0.31211600	0.00580946
1535	0.31814100	0.31232100	0.00581996
1536	0.31836100	0.31253100	0.00582970
1537	0.31858500	0.31274700	0.00583810
1538	0.31880600	0.31296100	0.00584503
1539	0.31902500	0.31317400	0.00585075
1540	0.31924200	0.31338700	0.00585523
1541	0.31946500	0.31360700	0.00585873
1542	0.31969700	0.31383600	0.00586127
1543	0.31994700	0.31408400	0.00586289
1544	0.32021500	0.31435100	0.00586353
1545	0.32051100	0.31464800	0.00586308
1546	0.32083200	0.31497100	0.00586174
1547	0.32118000	0.31532100	0.00585975
1548	0.32154400	0.31568700	0.00585741
1549	0.32192300	0.31606800	0.00585464
1550	0.32230400	0.31645200	0.00585160
1551	0.32268700	0.31683900	0.00584857
1552	0.32305900	0.31721400	0.00584526
1553	0.32342000	0.31757800	0.00584184
1554	0.32376300	0.31792500	0.00583819
1555	0.32409200	0.31825800	0.00583443
1556	0.32440600	0.31857600	0.00583043
1557	0.32470500	0.31887900	0.00582606
1558	0.32498500	0.31916400	0.00582122
1559	0.32525100	0.31943400	0.00581606
1560	0.32549900	0.31968800	0.00581068
1561	0.32573100	0.31992600	0.00580470
1562	0.32595000	0.32015200	0.00579845
1563	0.32616400	0.32037200	0.00579185
1564	0.32638300	0.32059800	0.00578496
1565	0.32661300	0.32083500	0.00577765
1566	0.32686200	0.32109200	0.00576990
1567	0.32713100	0.32136900	0.00576213
1568	0.32741800	0.32166400	0.00575421
1569	0.32771800	0.32197200	0.00574650
1570	0.32803200	0.32229300	0.00573907
1571	0.32835500	0.32262300	0.00573202
1572	0.32868200	0.32295700	0.00572559
1573	0.32900400	0.32328500	0.00571941
1574	0.32931700	0.32360300	0.00571377
1575	0.32960800	0.32389900	0.00570848
1576	0.32987900	0.32417500	0.00570369
1577	0.33012600	0.32442700	0.00569914
1578	0.33035100	0.32465600	0.00569498
1579	0.33054900	0.32485800	0.00569090
1580	0.33072300	0.32503600	0.00568696
1581	0.33087400	0.32519100	0.00568295
1582	0.33100700	0.32532800	0.00567885
1583	0.33111400	0.32543900	0.00567460
1584	0.33119600	0.32552600	0.00567010
1585	0.33125000	0.32558400	0.00566565
1586	0.33127400	0.32561300	0.00566102
1587	0.33127500	0.32561900	0.00565644
1588	0.33125100	0.32559900	0.00565181
1589	0.33121000	0.32556300	0.00564727
1590	0.33115400	0.32551100	0.00564251
1591	0.33107700	0.32544000	0.00563734
1592	0.33096900	0.32533700	0.00563203
1593	0.33083000	0.32520300	0.00562645
1594	0.33066100	0.32504100	0.00562047
1595	0.33046700	0.32485200	0.00561409
1596	0.33024200	0.32463500	0.00560703
1597	0.32999500	0.32439500	0.00559953
1598	0.32972700	0.32413500	0.00559169
1599	0.32944000	0.32385700	0.00558385
1600	0.32914600	0.32357000	0.00557597
1601	0.32884400	0.32327600	0.00556804
1602	0.32854300	0.32298300	0.00556029
1603	0.32825300	0.32270000	0.00555263
1604	0.32798000	0.32243500	0.00554545
1605	0.32773900	0.32220000	0.00553880
1606	0.32754500	0.32201300	0.00553274
1607	0.32741100	0.32188300	0.00552731
1608	0.32733600	0.32181300	0.00552295
1609	0.32732300	0.32180300	0.00551980
1610	0.32736300	0.32184500	0.00551796
1611	0.32745300	0.32193500	0.00551766
1612	0.32758100	0.32206300	0.00551856
1613	0.32773800	0.32221800	0.00552065
1614	0.32791600	0.32239300	0.00552357
1615	0.32811400	0.32258700	0.00552711
1616	0.32833300	0.32280200	0.00553118
1617	0.32857800	0.32304300	0.00553554
1618	0.32885100	0.32331100	0.00554005
1619	0.32915100	0.32360600	0.00554464
1620	0.32947400	0.32392500	0.00554926
1621	0.32981600	0.32426300	0.00555368
1622	0.33016700	0.32460900	0.00555822
1623	0.33052500	0.32496200	0.00556264
1624	0.33086800	0.32530100	0.00556708
1625	0.33119100	0.32561900	0.00557175
1626	0.33148200	0.32590600	0.00557662
1627	0.33174100	0.32615900	0.00558192
1628	0.33196100	0.32637400	0.00558734
1629	0.33214300	0.32655100	0.00559255
1630	0.33228400	0.32668600	0.00559759
1631	0.33238600	0.32678300	0.00560251
1632	0.33244700	0.32683900	0.00560749
1633	0.33246900	0.32685600	0.00561230
1634	0.33245700	0.32684000	0.00561696
1635	0.33242200	0.32680000	0.00562158
1636	0.33236800	0.32674200	0.00562629
1637	0.33230700	0.32667600	0.00563106
1638	0.33224500	0.32660900	0.00563583
1639	0.33219100	0.32655100	0.00564081
1640	0.33214900	0.32650400	0.00564587
1641	0.33212500	0.32647400	0.00565103
1642	0.33212500	0.32646900	0.00565611
1643	0.33215500	0.32649400	0.00566124
1644	0.33221500	0.32654800	0.00566660
1645	0.33230500	0.32663300	0.00567223
1646	0.33241600	0.32673700	0.00567821
1647	0.33254400	0.32685900	0.00568489
1648	0.33267500	0.32698300	0.00569179
1649	0.33280700	0.32710900	0.00569886
1650	0.33293600	0.32723000	0.00570605
1651	0.33306300	0.32735000	0.00571333
1652	0.33318100	0.32746100	0.00572043
1653	0.33329200	0.32756500	0.00572743
1654	0.33339200	0.32765800	0.00573431
1655	0.33348100	0.32774000	0.00574093
1656	0.33355300	0.32780500	0.00574734
1657	0.33360300	0.32785000	0.00575331
1658	0.33363000	0.32787100	0.00575923
1659	0.33363400	0.32786900	0.00576498
1660	0.33361200	0.32784200	0.00577039
1661	0.33356400	0.32778900	0.00577527
1662	0.33349100	0.32771200	0.00577966
1663	0.33339400	0.32761000	0.00578336
1664	0.33326700	0.32748000	0.00578672
1665	0.33311100	0.32732100	0.00578971
1666	0.33292300	0.32713100	0.00579220
1667	0.33270700	0.32691300	0.00579429
1668	0.33245800	0.32666200	0.00579603
1669	0.33217900	0.32638200	0.00579725
1670	0.33187000	0.32607200	0.00579792
1671	0.33153700	0.32573800	0.00579818
1672	0.33118200	0.32538400	0.00579794
1673	0.33080500	0.32500800	0.00579711
1674	0.33041700	0.32462100	0.00579573
1675	0.33003100	0.32423700	0.00579405
1676	0.32965100	0.32385900	0.00579190
1677	0.32927900	0.32348900	0.00578965
1678	0.32892000	0.32313200	0.00578739
1679	0.32859000	0.32280500	0.00578521
1680	0.32830200	0.32251800	0.00578304
1681	0.32804700	0.32226600	0.00578092
1682	0.32782300	0.32204400	0.00577907
1683	0.32764000	0.32186200	0.00577780
1684	0.32750400	0.32172700	0.00577707
1685	0.32741200	0.32163500	0.00577669
1686	0.32735200	0.32157500	0.00577666
1687	0.32733200	0.32155500	0.00577720
1688	0.32734900	0.32157100	0.00577778
1689	0.32739800	0.32162000	0.00577827
1690	0.32746000	0.32168200	0.00577816
1691	0.32752000	0.32174200	0.00577771
1692	0.32755600	0.32178000	0.00577650
1693	0.32755900	0.32178500	0.00577489
1694	0.32752400	0.32175100	0.00577265
1695	0.32745000	0.32168100	0.00576962
1696	0.32732400	0.32155800	0.00576595
1697	0.32714300	0.32138100	0.00576184
1698	0.32689800	0.32114100	0.00575695
1699	0.32658600	0.32083500	0.00575120
1700	0.32621600	0.32047100	0.00574501
1701	0.32580000	0.32006200	0.00573815
1702	0.32535300	0.31962200	0.00573072
1703	0.32489100	0.31916800	0.00572308
1704	0.32444000	0.31872500	0.00571504
1705	0.32402600	0.31831900	0.00570689
1706	0.32366200	0.31796400	0.00569841
1707	0.32335400	0.31766400	0.00568988
1708	0.32310400	0.31742200	0.00568147
1709	0.32290000	0.31722700	0.00567311
1710	0.32273100	0.31706600	0.00566488
1711	0.32257500	0.31691700	0.00565718
1712	0.32242000	0.31677000	0.00564999
1713	0.32225400	0.31661000	0.00564371
1714	0.32207200	0.31643400	0.00563853
1715	0.32187000	0.31623600	0.00563416
1716	0.32164600	0.31601500	0.00563029
1717	0.32140000	0.31577300	0.00562703
1718	0.32113800	0.31551400	0.00562409
1719	0.32087100	0.31524900	0.00562131
1720	0.32060000	0.31498100	0.00561876
1721	0.32032600	0.31471000	0.00561620
1722	0.32004300	0.31442900	0.00561345
1723	0.31975400	0.31414400	0.00561064
1724	0.31945600	0.31384800	0.00560784
1725	0.31915000	0.31354500	0.00560471
1726	0.31883000	0.31322900	0.00560127
1727	0.31850000	0.31290300	0.00559744
1728	0.31815500	0.31256200	0.00559342
1729	0.31779900	0.31221000	0.00558907
1730	0.31742000	0.31183600	0.00558427
1731	0.31702200	0.31144300	0.00557930
1732	0.31659600	0.31102200	0.00557430
1733	0.31614600	0.31057600	0.00556912
1734	0.31566000	0.31009600	0.00556390
1735	0.31513700	0.30957800	0.00555875
1736	0.31457200	0.30901800	0.00555396
1737	0.31396000	0.30841100	0.00554932
1738	0.31330200	0.30775700	0.00554539
1739	0.31260400	0.30706200	0.00554198
1740	0.31187500	0.30633500	0.00553973
1741	0.31112800	0.30559000	0.00553863
1742	0.31038600	0.30484700	0.00553871
1743	0.30967300	0.30413300	0.00553954
1744	0.30901200	0.30347100	0.00554108
1745	0.30842500	0.30288300	0.00554287
1746	0.30792700	0.30238200	0.00554523
1747	0.30751600	0.30196800	0.00554814
1748	0.30718700	0.30163500	0.00555200
1749	0.30693100	0.30137400	0.00555661
1750	0.30673900	0.30117700	0.00556224
1751	0.30659400	0.30102500	0.00556895
1752	0.30648500	0.30090800	0.00557666
1753	0.30639700	0.30081100	0.00558503
1754	0.30632300	0.30072900	0.00559394
1755	0.30625500	0.30065200	0.00560333
1756	0.30619200	0.30057900	0.00561338
1757	0.30612500	0.30050200	0.00562368
1758	0.30605300	0.30041900	0.00563419
1759	0.30596500	0.30032100	0.00564482
1760	0.30585900	0.30020400	0.00565533
1761	0.30573600	0.30007000	0.00566554
1762	0.30558900	0.29991400	0.00567538
1763	0.30542600	0.29974100	0.00568457
1764	0.30524200	0.29954900	0.00569316
1765	0.30504700	0.29934500	0.00570166
1766	0.30483900	0.29912900	0.00571043
1767	0.30462900	0.29891000	0.00571927
1768	0.30441500	0.29868700	0.00572817
1769	0.30420600	0.29846900	0.00573693
1770	0.30400100	0.29825600	0.00574537
1771	0.30381200	0.29805900	0.00575342
1772	0.30364100	0.29788000	0.00576110
1773	0.30349900	0.29773000	0.00576843
1774	0.30338500	0.29761000	0.00577537
1775	0.30330400	0.29752200	0.00578167
1776	0.30325700	0.29747000	0.00578726
1777	0.30325000	0.29745800	0.00579204
1778	0.30328100	0.29748500	0.00579583
1779	0.30334600	0.29754700	0.00579876
1780	0.30343600	0.29763500	0.00580080
1781	0.30354500	0.29774300	0.00580179
1782	0.30366500	0.29786300	0.00580181
1783	0.30378600	0.29798500	0.00580089
1784	0.30389900	0.29810000	0.00579911
1785	0.30399600	0.29819900	0.00579657
1786	0.30406900	0.29827600	0.00579319
1787	0.30411700	0.29832800	0.00578908
1788	0.30413200	0.29834700	0.00578440
1789	0.30411600	0.29833700	0.00577938
1790	0.30407700	0.29830300	0.00577421
1791	0.30402200	0.29825300	0.00576883
1792	0.30396300	0.29820000	0.00576341
1793	0.30390800	0.29815000	0.00575778
1794	0.30386400	0.29811100	0.00575220
1795	0.30383700	0.29809000	0.00574670
1796	0.30383200	0.29809000	0.00574140
1797	0.30385100	0.29811500	0.00573655
1798	0.30389700	0.29816500	0.00573193
1799	0.30397100	0.29824300	0.00572764
1800	0.30407000	0.29834600	0.00572354
1801	0.30419000	0.29847100	0.00571956
1802	0.30432400	0.29860800	0.00571594
1803	0.30447200	0.29875900	0.00571267
1804	0.30462900	0.29891900	0.00570967
1805	0.30479400	0.29908700	0.00570671
1806	0.30496100	0.29925700	0.00570372
1807	0.30512800	0.29942700	0.00570103
1808	0.30529100	0.29959300	0.00569843
1809	0.30545100	0.29975500	0.00569601
1810	0.30560800	0.29991500	0.00569372
1811	0.30576400	0.30007200	0.00569197
1812	0.30591800	0.30022700	0.00569115
1813	0.30607200	0.30038100	0.00569106
1814	0.30622200	0.30053100	0.00569133
1815	0.30637300	0.30068000	0.00569229
1816	0.30652100	0.30082800	0.00569353
1817	0.30667300	0.30097800	0.00569465
1818	0.30682400	0.30112900	0.00569538
1819	0.30698200	0.30128600	0.00569563
1820	0.30714800	0.30145200	0.00569556
1821	0.30733000	0.30163500	0.00569526
1822	0.30752900	0.30183400	0.00569475
1823	0.30775100	0.30205700	0.00569399
1824	0.30800000	0.30230700	0.00569299
1825	0.30828100	0.30258900	0.00569190
1826	0.30859900	0.30290900	0.00569061
1827	0.30895200	0.30326300	0.00568923
1828	0.30934000	0.30365300	0.00568752
1829	0.30976300	0.30407700	0.00568551
1830	0.31021600	0.30453300	0.00568314
1831	0.31069600	0.30501500	0.00568081
1832	0.31119500	0.30551700	0.00567856
1833	0.31170900	0.30603200	0.00567658
1834	0.31222800	0.30655300	0.00567472
1835	0.31274700	0.30707400	0.00567297
1836	0.31325700	0.30758600	0.00567123
1837	0.31375300	0.30808400	0.00566938
1838	0.31422900	0.30856200	0.00566729
1839	0.31467700	0.30901200	0.00566470
1840	0.31508900	0.30942700	0.00566153
1841	0.31546300	0.30980500	0.00565790
1842	0.31580100	0.31014700	0.00565389
1843	0.31610300	0.31045300	0.00564952
1844	0.31637300	0.31072800	0.00564500
1845	0.31661100	0.31097100	0.00564047
1846	0.31682200	0.31118600	0.00563596
1847	0.31700700	0.31137600	0.00563136
1848	0.31717300	0.31154600	0.00562699
1849	0.31732300	0.31170000	0.00562295
1850	0.31745500	0.31183600	0.00561953
1851	0.31757600	0.31195900	0.00561646
1852	0.31768600	0.31207200	0.00561374
1853	0.31778400	0.31217200	0.00561122
1854	0.31786900	0.31225900	0.00560911
1855	0.31794300	0.31233600	0.00560728
1856	0.31801800	0.31241200	0.00560567
1857	0.31808900	0.31248500	0.00560434
1858	0.31815500	0.31255100	0.00560347
1859	0.31821700	0.31261400	0.00560280
1860	0.31828000	0.31267700	0.00560251
1861	0.31833700	0.31273400	0.00560241
1862	0.31839600	0.31279300	0.00560243
1863	0.31845900	0.31285600	0.00560245
1864	0.31852600	0.31292400	0.00560253
1865	0.31859900	0.31299600	0.00560260
1866	0.31867800	0.31307600	0.00560259
1867	0.31876500	0.31316200	0.00560260
1868	0.31885900	0.31325700	0.00560244
1869	0.31896100	0.31335900	0.00560221
1870	0.31906900	0.31346700	0.00560205
1871	0.31917900	0.31357700	0.00560182
1872	0.31929200	0.31369000	0.00560145
1873	0.31940700	0.31380600	0.00560091
1874	0.31952400	0.31392300	0.00560012
1875	0.31964400	0.31404500	0.00559930
1876	0.31976800	0.31416900	0.00559845
1877	0.31989600	0.31429800	0.00559758
1878	0.32002700	0.31443000	0.00559686
1879	0.32016500	0.31456800	0.00559620
1880	0.32030800	0.31471300	0.00559568
1881	0.32045900	0.31486400	0.00559531
1882	0.32061600	0.31502100	0.00559519
1883	0.32077400	0.31517800	0.00559524
1884	0.32093200	0.31533600	0.00559565
1885	0.32109500	0.31549900	0.00559614
1886	0.32126600	0.31566900	0.00559683
1887	0.32144600	0.31584800	0.00559782
1888	0.32163500	0.31603600	0.00559913
1889	0.32183600	0.31623600	0.00560057
1890	0.32205200	0.31645000	0.00560179
1891	0.32228600	0.31668300	0.00560294
1892	0.32254700	0.31694400	0.00560367
1893	0.32283800	0.31723300	0.00560429
1894	0.32316400	0.31756000	0.00560435
1895	0.32352600	0.31792200	0.00560395
1896	0.32392200	0.31831900	0.00560315
1897	0.32435300	0.31875100	0.00560190
1898	0.32481500	0.31921500	0.00560021
1899	0.32530400	0.31970600	0.00559828
1900	0.32581600	0.32022000	0.00559587
1901	0.32635200	0.32075800	0.00559322
1902	0.32690200	0.32131200	0.00559041
1903	0.32746400	0.32187700	0.00558760
1904	0.32802600	0.32244100	0.00558496
1905	0.32858400	0.32300100	0.00558276
1906	0.32912300	0.32354200	0.00558132
1907	0.32964100	0.32406100	0.00558048
1908	0.33012900	0.32454900	0.00557996
1909	0.33058100	0.32500200	0.00557957
1910	0.33099100	0.32541100	0.00557928
1911	0.33135600	0.32577700	0.00557886
1912	0.33167300	0.32609500	0.00557814
1913	0.33194500	0.32636800	0.00557739
1914	0.33217400	0.32659800	0.00557658
1915	0.33236600	0.32679000	0.00557596
1916	0.33252400	0.32694900	0.00557548
1917	0.33266300	0.32708800	0.00557514
1918	0.33278600	0.32721100	0.00557511
1919	0.33289900	0.32732400	0.00557549
1920	0.33300800	0.32743200	0.00557614
1921	0.33311700	0.32754000	0.00557732
1922	0.33323500	0.32765600	0.00557928
1923	0.33336000	0.32777800	0.00558177
1924	0.33348900	0.32790400	0.00558477
1925	0.33363000	0.32804200	0.00558855
1926	0.33377000	0.32817700	0.00559294
1927	0.33391100	0.32831400	0.00559758
1928	0.33404300	0.32844100	0.00560231
1929	0.33415900	0.32855100	0.00560739
1930	0.33426800	0.32865500	0.00561248
1931	0.33437000	0.32875300	0.00561730
1932	0.33447500	0.32885300	0.00562194
1933	0.33458100	0.32895400	0.00562676
1934	0.33469500	0.32906400	0.00563141
1935	0.33482800	0.32919200	0.00563575
1936	0.33498800	0.32934800	0.00564005
1937	0.33518000	0.32953500	0.00564444
1938	0.33540100	0.32975200	0.00564854
1939	0.33564300	0.32999100	0.00565251
1940	0.33589700	0.33024000	0.00565635
1941	0.33615100	0.33049100	0.00566000
1942	0.33639800	0.33073400	0.00566371
1943	0.33662900	0.33096100	0.00566744
1944	0.33683600	0.33116400	0.00567109
1945	0.33701800	0.33134400	0.00567466
1946	0.33717000	0.33149200	0.00567813
1947	0.33729800	0.33161600	0.00568140
1948	0.33739800	0.33171400	0.00568458
1949	0.33748100	0.33179300	0.00568766
1950	0.33753800	0.33184700	0.00569063
1951	0.33757800	0.33188400	0.00569328
1952	0.33759800	0.33190200	0.00569551
1953	0.33761100	0.33191400	0.00569731
1954	0.33762200	0.33192300	0.00569880
1955	0.33764600	0.33194600	0.00570006
1956	0.33767800	0.33197700	0.00570113
1957	0.33772200	0.33202000	0.00570214
1958	0.33777100	0.33206800	0.00570294
1959	0.33782900	0.33212600	0.00570345
1960	0.33788700	0.33218400	0.00570360
1961	0.33795000	0.33224700	0.00570314
1962	0.33800500	0.33230300	0.00570231
1963	0.33805500	0.33235400	0.00570085
1964	0.33808900	0.33239000	0.00569884
1965	0.33811500	0.33241900	0.00569627
1966	0.33813000	0.33243700	0.00569305
1967	0.33813500	0.33244500	0.00568933
1968	0.33812400	0.33243900	0.00568510
1969	0.33809900	0.33241800	0.00568048
1970	0.33806000	0.33238400	0.00567569
1971	0.33801100	0.33234000	0.00567098
1972	0.33795300	0.33228700	0.00566621
1973	0.33788800	0.33222600	0.00566127
1974	0.33781700	0.33216100	0.00565623
1975	0.33774200	0.33209100	0.00565104
1976	0.33765800	0.33201200	0.00564552
1977	0.33756500	0.33192500	0.00563963
1978	0.33746200	0.33182900	0.00563342
1979	0.33735000	0.33172300	0.00562706
1980	0.33722400	0.33160300	0.00562051
1981	0.33708600	0.33147200	0.00561351
1982	0.33694000	0.33133400	0.00560642
1983	0.33678900	0.33118900	0.00559945
1984	0.33662700	0.33103400	0.00559241
1985	0.33645300	0.33086800	0.00558562
1986	0.33626900	0.33069000	0.00557911
1987	0.33607900	0.33050500	0.00557311
1988	0.33588600	0.33031900	0.00556759
1989	0.33569900	0.33013700	0.00556273
1990	0.33552300	0.32996400	0.00555876
1991	0.33535700	0.32980200	0.00555531
1992	0.33520000	0.32964700	0.00555289
1993	0.33505300	0.32950200	0.00555142
1994	0.33491800	0.32936700	0.00555112
1995	0.33480000	0.32924800	0.00555173
1996	0.33469800	0.32914500	0.00555334
1997	0.33461100	0.32905500	0.00555577
1998	0.33453700	0.32897800	0.00555912
1999	0.33447100	0.32890800	0.00556315
2000	0.33441000	0.32884200	0.00556804
2001	0.33434800	0.32877400	0.00557378
2002	0.33428200	0.32870200	0.00558025
2003	0.33420700	0.32861900	0.00558717
2004	0.33411900	0.32852400	0.00559439
2005	0.33401700	0.32841500	0.00560175
2006	0.33389300	0.32828400	0.00560921
2007	0.33374500	0.32812900	0.00561655
2008	0.33357800	0.32795400	0.00562383
2009	0.33338600	0.32775500	0.00563083
2010	0.33317400	0.32753600	0.00563752
2011	0.33294500	0.32730100	0.00564377
2012	0.33270900	0.32705900	0.00564963
2013	0.33248300	0.32682800	0.00565494
2014	0.33227100	0.32661100	0.00565965
2015	0.33207500	0.32641100	0.00566387
2016	0.33191000	0.32624200	0.00566775
2017	0.33178100	0.32611000	0.00567109
2018	0.33168900	0.32601500	0.00567398
2019	0.33162200	0.32594600	0.00567648
2020	0.33156700	0.32588800	0.00567885
2021	0.33151700	0.32583600	0.00568121
2022	0.33145900	0.32577500	0.00568332
2023	0.33137400	0.32568900	0.00568536
2024	0.33124700	0.32555900	0.00568728
2025	0.33107800	0.32538900	0.00568883
2026	0.33085300	0.32516300	0.00568965
2027	0.33057800	0.32488800	0.00568965
2028	0.33024500	0.32455600	0.00568893
2029	0.32985700	0.32417000	0.00568715
2030	0.32941200	0.32372800	0.00568439
2031	0.32892100	0.32324100	0.00568073
2032	0.32839600	0.32272000	0.00567594
2033	0.32785400	0.32218400	0.00566990
2034	0.32731600	0.32165400	0.00566287
2035	0.32680400	0.32114900	0.00565521
2036	0.32632600	0.32067900	0.00564672
2037	0.32589200	0.32025400	0.00563802
2038	0.32550400	0.31987500	0.00562931
2039	0.32516300	0.31954200	0.00562075
2040	0.32486800	0.31925500	0.00561271
2041	0.32461400	0.31900900	0.00560512
2042	0.32439500	0.31879700	0.00559794
2043	0.32420800	0.31861700	0.00559111
2044	0.32404900	0.31846400	0.00558464
2045	0.32391500	0.31833600	0.00557854
2046	0.32379800	0.31822500	0.00557319
2047	0.32369000	0.31812200	0.00556833
2048	0.32359200	0.31802700	0.00556472
2049	0.32349000	0.31792800	0.00556233
2050	0.32338500	0.31782400	0.00556082
2051	0.32326800	0.31770800	0.00556010
2052	0.32313800	0.31757900	0.00555972
2053	0.32299500	0.31743500	0.00555978
2054	0.32284100	0.31728100	0.00556045
2055	0.32268500	0.31712300	0.00556157
2056	0.32254200	0.31697900	0.00556306
2057	0.32242500	0.31686000	0.00556456
2058	0.32233800	0.31677200	0.00556597
2059	0.32228700	0.31671900	0.00556745
2060	0.32227200	0.31670300	0.00556884
2061	0.32229400	0.31672400	0.00557000
2062	0.32234500	0.31677400	0.00557101
2063	0.32242600	0.31685400	0.00557185
2064	0.32252200	0.31695000	0.00557282
2065	0.32263500	0.31706100	0.00557384
2066	0.32275600	0.31718100	0.00557492
2067	0.32288800	0.31731200	0.00557628
2068	0.32301600	0.31743800	0.00557756
2069	0.32313300	0.31755400	0.00557888
2070	0.32322600	0.31764600	0.00558038
2071	0.32329600	0.31771500	0.00558157
2072	0.32333700	0.31775300	0.00558321
2073	0.32335000	0.31776500	0.00558477
2074	0.32333300	0.31774700	0.00558642
2075	0.32328200	0.31769400	0.00558780
2076	0.32318800	0.31759900	0.00558902
2077	0.32306200	0.31747200	0.00559018
2078	0.32290900	0.31731700	0.00559174
2079	0.32273700	0.31714300	0.00559333
2080	0.32254500	0.31695000	0.00559526
2081	0.32233400	0.31673700	0.00559719
2082	0.32209900	0.31650000	0.00559953
2083	0.32183400	0.31623200	0.00560215
2084	0.32153200	0.31592700	0.00560543
2085	0.32120200	0.31559300	0.00560899
2086	0.32084100	0.31522800	0.00561288
2087	0.32045400	0.31483700	0.00561695
2088	0.32005100	0.31442900	0.00562166
2089	0.31963900	0.31401200	0.00562681
2090	0.31922800	0.31359500	0.00563254
2091	0.31883500	0.31319600	0.00563865
2092	0.31847200	0.31282600	0.00564543
2093	0.31813900	0.31248600	0.00565261
2094	0.31785800	0.31219800	0.00566025
2095	0.31762600	0.31195800	0.00566813
2096	0.31744000	0.31176400	0.00567606
2097	0.31730200	0.31161800	0.00568403
2098	0.31720000	0.31150800	0.00569178
2099	0.31712700	0.31142800	0.00569914
2100	0.31707900	0.31137300	0.00570598
2101	0.31704200	0.31133000	0.00571219
2102	0.31702400	0.31130600	0.00571788
2103	0.31701600	0.31129200	0.00572344
2104	0.31702400	0.31129500	0.00572878
2105	0.31705200	0.31131800	0.00573357
2106	0.31710300	0.31136500	0.00573773
2107	0.31718000	0.31143900	0.00574106
2108	0.31727700	0.31153300	0.00574337
2109	0.31738900	0.31164400	0.00574470
2110	0.31750600	0.31176100	0.00574500
2111	0.31762300	0.31187900	0.00574407
2112	0.31772900	0.31198700	0.00574215
2113	0.31781500	0.31207600	0.00573914
2114	0.31787700	0.31214200	0.00573507
2115	0.31792200	0.31219200	0.00572987
2116	0.31794900	0.31222500	0.00572382
2117	0.31796100	0.31224400	0.00571695
2118	0.31796800	0.31225800	0.00570930
2119	0.31797400	0.31227300	0.00570106
2120	0.31798900	0.31229700	0.00569242
2121	0.31801600	0.31233300	0.00568347
2122	0.31805400	0.31237900	0.00567435
2123	0.31809600	0.31243000	0.00566520
2124	0.31813500	0.31247900	0.00565605
2125	0.31815900	0.31251200	0.00564698
2126	0.31816400	0.31252600	0.00563791
2127	0.31814000	0.31251100	0.00562933
2128	0.31808800	0.31246700	0.00562114
2129	0.31800600	0.31239200	0.00561357
2130	0.31790500	0.31229800	0.00560674
2131	0.31778900	0.31218900	0.00560074
2132	0.31767100	0.31207500	0.00559565
2133	0.31755500	0.31196300	0.00559144
2134	0.31744700	0.31185800	0.00558830
2135	0.31734600	0.31176000	0.00558599
2136	0.31726000	0.31167600	0.00558435
2137	0.31719500	0.31161200	0.00558342
2138	0.31715400	0.31157100	0.00558329
2139	0.31713900	0.31155500	0.00558385
2140	0.31715200	0.31156700	0.00558486
2141	0.31719000	0.31160400	0.00558665
2142	0.31725200	0.31166200	0.00558934
2143	0.31733200	0.31173900	0.00559275
2144	0.31742600	0.31182900	0.00559701
2145	0.31753500	0.31193300	0.00560205
2146	0.31765300	0.31204600	0.00560763
2147	0.31778400	0.31217100	0.00561371
2148	0.31792600	0.31230500	0.00562024
2149	0.31808300	0.31245600	0.00562699
2150	0.31825200	0.31261900	0.00563353
2151	0.31843700	0.31279700	0.00563967
2152	0.31863600	0.31299000	0.00564526
2153	0.31884800	0.31319700	0.00565048
2154	0.31906600	0.31341000	0.00565566
2155	0.31927800	0.31361700	0.00566082
2156	0.31947200	0.31380600	0.00566592
2157	0.31964500	0.31397400	0.00567086
2158	0.31979700	0.31412200	0.00567558
2159	0.31993500	0.31425500	0.00568009
2160	0.32005900	0.31437400	0.00568457
2161	0.32017000	0.31448100	0.00568920
2162	0.32027200	0.31457800	0.00569364
2163	0.32036700	0.31466900	0.00569785
2164	0.32044800	0.31474600	0.00570195
2165	0.32052000	0.31481400	0.00570618
2166	0.32058000	0.31487000	0.00571050
2167	0.32062500	0.31491000	0.00571514
2168	0.32064200	0.31492200	0.00572026
2169	0.32063900	0.31491300	0.00572583
2170	0.32062000	0.31488900	0.00573161
2171	0.32059400	0.31485700	0.00573746
2172	0.32057100	0.31482800	0.00574341
2173	0.32056100	0.31481200	0.00574931
2174	0.32057700	0.31482200	0.00575473
2175	0.32062800	0.31486800	0.00575982
2176	0.32071200	0.31494800	0.00576429
2177	0.32083000	0.31506200	0.00576809
2178	0.32097600	0.31520500	0.00577126
2179	0.32114200	0.31536900	0.00577341
2180	0.32131400	0.31554000	0.00577461
2181	0.32148300	0.31570800	0.00577486
2182	0.32163700	0.31586300	0.00577406
2183	0.32176800	0.31599600	0.00577206
2184	0.32186300	0.31609500	0.00576890
2185	0.32191800	0.31615400	0.00576436
2186	0.32193100	0.31617200	0.00575872
2187	0.32190900	0.31615700	0.00575200
2188	0.32185800	0.31611400	0.00574412
2189	0.32178700	0.31605100	0.00573551
2190	0.32170600	0.31597900	0.00572689
2191	0.32162200	0.31590300	0.00571868
2192	0.32154300	0.31583100	0.00571133
2193	0.32147600	0.31577100	0.00570495
2194	0.32142700	0.31572700	0.00569940
2195	0.32140100	0.31570600	0.00569471
2196	0.32140300	0.31571300	0.00569085
2197	0.32143600	0.31574800	0.00568811
2198	0.32149500	0.31580900	0.00568642
2199	0.32157600	0.31589000	0.00568573
2200	0.32166900	0.31598300	0.00568585
2201	0.32176900	0.31608300	0.00568643
2202	0.32187400	0.31618600	0.00568740
2203	0.32197800	0.31629000	0.00568849
2204	0.32207800	0.31638900	0.00568945
2205	0.32216400	0.31647300	0.00569029
2206	0.32222900	0.31653800	0.00569102
2207	0.32227300	0.31658100	0.00569165
2208	0.32229900	0.31660700	0.00569232
2209	0.32230300	0.31661000	0.00569266
2210	0.32228600	0.31659300	0.00569280
2211	0.32225100	0.31655800	0.00569295
2212	0.32220600	0.31651300	0.00569306
2213	0.32215700	0.31646400	0.00569298
2214	0.32211900	0.31642600	0.00569302
2215	0.32209500	0.31640200	0.00569289
2216	0.32208900	0.31639600	0.00569264
2217	0.32211000	0.31641700	0.00569247
2218	0.32215800	0.31646500	0.00569214
2219	0.32223800	0.31654600	0.00569175
2220	0.32234900	0.31665700	0.00569143
2221	0.32248700	0.31679600	0.00569082
2222	0.32264600	0.31695600	0.00569047
2223	0.32282200	0.31713200	0.00569003
2224	0.32301000	0.31732100	0.00568966
2225	0.32320700	0.31751800	0.00568898
2226	0.32340300	0.31771400	0.00568832
2227	0.32359400	0.31790600	0.00568757
2228	0.32377700	0.31809000	0.00568663
2229	0.32394700	0.31826200	0.00568548
2230	0.32410700	0.31842200	0.00568424
2231	0.32425600	0.31857300	0.00568267
2232	0.32439400	0.31871300	0.00568085
2233	0.32452300	0.31884400	0.00567889
2234	0.32464300	0.31896600	0.00567693
2235	0.32475900	0.31908400	0.00567488
2236	0.32487500	0.31920200	0.00567296
2237	0.32499300	0.31932200	0.00567084
2238	0.32511000	0.31944100	0.00566859
2239	0.32522900	0.31956300	0.00566632
2240	0.32535200	0.31968800	0.00566427
2241	0.32548200	0.31981900	0.00566265
2242	0.32562200	0.31996100	0.00566139
2243	0.32577500	0.32011400	0.00566060
2244	0.32593400	0.32027400	0.00566027
2245	0.32610300	0.32044200	0.00566069
2246	0.32627400	0.32061200	0.00566166
2247	0.32645300	0.32079000	0.00566324
2248	0.32664700	0.32098200	0.00566535
2249	0.32685700	0.32118900	0.00566801
2250	0.32707700	0.32140600	0.00567082
2251	0.32730900	0.32163500	0.00567377
2252	0.32756200	0.32188500	0.00567657
2253	0.32783200	0.32215300	0.00567934
2254	0.32813300	0.32245100	0.00568182
2255	0.32846600	0.32278200	0.00568390
2256	0.32883900	0.32315300	0.00568551
2257	0.32926100	0.32357400	0.00568663
2258	0.32973300	0.32404600	0.00568757
2259	0.33025200	0.32456400	0.00568830
2260	0.33081500	0.32512700	0.00568876
2261	0.33142000	0.32573100	0.00568904
2262	0.33205300	0.32636400	0.00568913
2263	0.33269800	0.32700800	0.00568922
2264	0.33334000	0.32765100	0.00568942
2265	0.33396100	0.32827100	0.00568972
2266	0.33454300	0.32885200	0.00569048
2267	0.33507100	0.32938000	0.00569129
2268	0.33553800	0.32984600	0.00569202
2269	0.33594000	0.33024700	0.00569255
2270	0.33627300	0.33058000	0.00569281
2271	0.33654200	0.33084900	0.00569297
2272	0.33674800	0.33105500	0.00569303
2273	0.33690200	0.33120900	0.00569287
2274	0.33701400	0.33132200	0.00569275
2275	0.33709500	0.33140200	0.00569280
2276	0.33715700	0.33146400	0.00569317
2277	0.33720600	0.33151200	0.00569387
2278	0.33724900	0.33155400	0.00569508
2279	0.33729100	0.33159400	0.00569703
2280	0.33733100	0.33163200	0.00569970
2281	0.33736700	0.33166400	0.00570303
2282	0.33738500	0.33167900	0.00570686
2283	0.33737900	0.33166800	0.00571095
2284	0.33733400	0.33161900	0.00571526
2285	0.33724200	0.33152300	0.00571972
2286	0.33709200	0.33136700	0.00572429
2287	0.33687500	0.33114700	0.00572858
2288	0.33659400	0.33086200	0.00573257
2289	0.33625600	0.33052000	0.00573608
2290	0.33587300	0.33013400	0.00573935
2291	0.33545500	0.32971300	0.00574234
2292	0.33502000	0.32927500	0.00574520
2293	0.33458300	0.32883600	0.00574782
2294	0.33416500	0.32841400	0.00575036
2295	0.33377900	0.32802700	0.00575280
2296	0.33343900	0.32768400	0.00575502
2297	0.33315000	0.32739400	0.00575688
2298	0.33291400	0.32715500	0.00575846
2299	0.33272800	0.32696800	0.00575984
2300	0.33259300	0.32683200	0.00576111
2301	0.33250100	0.32673900	0.00576185
2302	0.33244500	0.32668300	0.00576226
2303	0.33241600	0.32665400	0.00576238
2304	0.33240800	0.32664600	0.00576228
2305	0.33241600	0.32665400	0.00576178
2306	0.33243300	0.32667200	0.00576098
2307	0.33245800	0.32669800	0.00576002
2308	0.33248700	0.32672800	0.00575890
2309	0.33251900	0.32676100	0.00575755
2310	0.33255000	0.32679300	0.00575618
2311	0.33257700	0.32682200	0.00575467
2312	0.33259800	0.32684500	0.00575283
2313	0.33261000	0.32685900	0.00575086
2314	0.33261000	0.32686200	0.00574853
2315	0.33260100	0.32685600	0.00574594
2316	0.33258600	0.32684300	0.00574326
2317	0.33257300	0.32683300	0.00574031
2318	0.33255900	0.32682200	0.00573732
2319	0.33254500	0.32681100	0.00573401
2320	0.33252500	0.32679400	0.00573079
2321	0.33249600	0.32676800	0.00572738
2322	0.33246000	0.32673600	0.00572394
2323	0.33241600	0.32669600	0.00572036
2324	0.33236500	0.32664800	0.00571677
2325	0.33230700	0.32659300	0.00571337
2326	0.33224100	0.32653100	0.00571011
2327	0.33216800	0.32646100	0.00570725
2328	0.33209100	0.32638700	0.00570446
2329	0.33201700	0.32631600	0.00570179
2330	0.33195200	0.32625300	0.00569918
2331	0.33189500	0.32619800	0.00569691
2332	0.33186100	0.32616600	0.00569480
2333	0.33185700	0.32616400	0.00569286
2334	0.33189100	0.32620000	0.00569105
2335	0.33196400	0.32627500	0.00568941
2336	0.33207700	0.32638900	0.00568788
2337	0.33222400	0.32653800	0.00568614
2338	0.33239800	0.32671400	0.00568425
2339	0.33259600	0.32691300	0.00568242
2340	0.33281100	0.32713100	0.00568058
2341	0.33304400	0.32736600	0.00567868
2342	0.33328900	0.32761200	0.00567640
2343	0.33354200	0.32786800	0.00567398
2344	0.33379500	0.32812400	0.00567147
2345	0.33404400	0.32837500	0.00566904
2346	0.33428500	0.32861800	0.00566678
2347	0.33451400	0.32884900	0.00566505
2348	0.33472800	0.32906500	0.00566328
2349	0.33491900	0.32925700	0.00566159
2350	0.33507200	0.32941300	0.00565991
2351	0.33517400	0.32951600	0.00565819
2352	0.33521800	0.32956100	0.00565667
2353	0.33520000	0.32954500	0.00565502
2354	0.33511800	0.32946500	0.00565322
2355	0.33497500	0.32932400	0.00565120
2356	0.33477300	0.32912400	0.00564865
2357	0.33451700	0.32887100	0.00564590
2358	0.33420200	0.32856000	0.00564263
2359	0.33384600	0.32820600	0.00563926
2360	0.33345000	0.32781400	0.00563599
2361	0.33303600	0.32740300	0.00563275
2362	0.33260900	0.32698000	0.00562977
2363	0.33218200	0.32655400	0.00562709
2364	0.33175300	0.32612800	0.00562479
2365	0.33133200	0.32570900	0.00562296
2366	0.33091600	0.32529500	0.00562184
2367	0.33050700	0.32488500	0.00562174
2368	0.33010100	0.32447800	0.00562245
2369	0.32969900	0.32407500	0.00562419
2370	0.32930800	0.32368200	0.00562663
2371	0.32893100	0.32330100	0.00563005
2372	0.32857100	0.32293700	0.00563398
2373	0.32823000	0.32259100	0.00563850
2374	0.32791300	0.32227000	0.00564309
2375	0.32762100	0.32197300	0.00564806
2376	0.32736300	0.32170900	0.00565339
2377	0.32713400	0.32147500	0.00565932
2378	0.32693700	0.32127100	0.00566577
2379	0.32677000	0.32109700	0.00567263
2380	0.32663700	0.32095700	0.00567984
2381	0.32653600	0.32085000	0.00568689
2382	0.32646600	0.32077300	0.00569364
2383	0.32642400	0.32072400	0.00570016
2384	0.32640300	0.32069700	0.00570647
2385	0.32640000	0.32068800	0.00571233
2386	0.32641000	0.32069200	0.00571778
2387	0.32643500	0.32071300	0.00572258
2388	0.32648100	0.32075400	0.00572699
2389	0.32654900	0.32081800	0.00573094
2390	0.32663100	0.32089600	0.00573434
2391	0.32672900	0.32099100	0.00573737
2392	0.32683500	0.32109500	0.00573984
2393	0.32695500	0.32121300	0.00574196
2394	0.32708200	0.32133800	0.00574381
2395	0.32721400	0.32146900	0.00574520
2396	0.32734600	0.32160000	0.00574606
2397	0.32747900	0.32173200	0.00574652
2398	0.32760700	0.32186000	0.00574660
2399	0.32772800	0.32198100	0.00574634
2400	0.32783500	0.32208900	0.00574586
2401	0.32793100	0.32218600	0.00574515
2402	0.32801200	0.32226800	0.00574420
2403	0.32808100	0.32233800	0.00574302
2404	0.32813600	0.32239400	0.00574159
2405	0.32817800	0.32243800	0.00573980
2406	0.32820900	0.32247100	0.00573776
2407	0.32822700	0.32249200	0.00573530
2408	0.32822900	0.32249700	0.00573244
2409	0.32821200	0.32248300	0.00572935
2410	0.32817200	0.32244500	0.00572625
2411	0.32810500	0.32238200	0.00572310
2412	0.32801400	0.32229400	0.00571982
2413	0.32790100	0.32218400	0.00571653
2414	0.32776700	0.32205400	0.00571328
2415	0.32761400	0.32190400	0.00571002
2416	0.32744600	0.32173900	0.00570689
2417	0.32725500	0.32155100	0.00570415
2418	0.32704500	0.32134300	0.00570155
2419	0.32680800	0.32110900	0.00569898
2420	0.32654400	0.32084700	0.00569630
2421	0.32624900	0.32055600	0.00569319
2422	0.32592200	0.32023200	0.00569002
2423	0.32556400	0.31987800	0.00568659
2424	0.32517700	0.31949400	0.00568318
2425	0.32476600	0.31908600	0.00567983
2426	0.32433000	0.31865400	0.00567641
2427	0.32387800	0.31820500	0.00567344
2428	0.32341000	0.31774000	0.00567044
2429	0.32293100	0.31726400	0.00566752
2430	0.32244200	0.31677700	0.00566449
2431	0.32195000	0.31628900	0.00566146
2432	0.32146600	0.31580700	0.00565879
2433	0.32099200	0.31533600	0.00565610
2434	0.32053300	0.31488000	0.00565359
2435	0.32009100	0.31444000	0.00565099
2436	0.31966900	0.31402000	0.00564831
2437	0.31927100	0.31362600	0.00564569
2438	0.31890300	0.31326000	0.00564281
2439	0.31856600	0.31292600	0.00563962
2440	0.31825400	0.31261800	0.00563627
2441	0.31796100	0.31232800	0.00563269
2442	0.31768600	0.31205700	0.00562950
2443	0.31742300	0.31179600	0.00562692
2444	0.31716800	0.31154300	0.00562459
2445	0.31691500	0.31129300	0.00562255
2446	0.31666200	0.31104200	0.00562061
2447	0.31640800	0.31079000	0.00561859
2448	0.31615600	0.31053900	0.00561656
2449	0.31590500	0.31029000	0.00561458
2450	0.31565500	0.31004200	0.00561269
2451	0.31540100	0.30979100	0.00561093
2452	0.31514400	0.30953500	0.00560944
2453	0.31488400	0.30927600	0.00560839
2454	0.31462400	0.30901600	0.00560810
2455	0.31436200	0.30875300	0.00560850
2456	0.31409700	0.30848800	0.00560958
2457	0.31383100	0.30822000	0.00561109
2458	0.31356300	0.30795000	0.00561274
2459	0.31329200	0.30767800	0.00561465
2460	0.31302400	0.30740800	0.00561659
2461	0.31275700	0.30713800	0.00561864
2462	0.31248600	0.30686500	0.00562052
2463	0.31221100	0.30658900	0.00562228
2464	0.31193600	0.30631200	0.00562400
2465	0.31166700	0.30604100	0.00562577
2466	0.31140600	0.30577900	0.00562732
2467	0.31115800	0.30552900	0.00562870
2468	0.31092400	0.30529500	0.00562978
2469	0.31071000	0.30508000	0.00563055
2470	0.31051800	0.30488700	0.00563111
2471	0.31035100	0.30472000	0.00563158
2472	0.31020900	0.30457700	0.00563192
2473	0.31009400	0.30446200	0.00563217
2474	0.31000700	0.30437500	0.00563205
2475	0.30995000	0.30431800	0.00563196
2476	0.30991500	0.30428400	0.00563181
2477	0.30990500	0.30427300	0.00563171
2478	0.30991500	0.30428300	0.00563157
2479	0.30995200	0.30432000	0.00563171
2480	0.31001500	0.30438300	0.00563234
2481	0.31010700	0.30447300	0.00563384
2482	0.31022400	0.30458900	0.00563576
2483	0.31037300	0.30473400	0.00563841
2484	0.31054100	0.30490000	0.00564141
2485	0.31072500	0.30508100	0.00564474
2486	0.31091200	0.30526400	0.00564818
2487	0.31110100	0.30544900	0.00565179
2488	0.31128200	0.30562600	0.00565570
2489	0.31145500	0.30579500	0.00565977
2490	0.31161500	0.30595100	0.00566430
2491	0.31176600	0.30609700	0.00566915
2492	0.31191200	0.30623700	0.00567447
2493	0.31206000	0.30638000	0.00567999
2494	0.31221900	0.30653300	0.00568555
2495	0.31239400	0.30670300	0.00569106
2496	0.31259000	0.30689300	0.00569624
2497	0.31280700	0.30710600	0.00570118
2498	0.31304300	0.30733700	0.00570590
2499	0.31329000	0.30758000	0.00571015
2500	0.31354000	0.30782600	0.00571407
