Time	Cd Total	Cd Pressure	Cd Viscous
1	0.01413720	0.01304670	0.00109056
2	0.03726880	0.03597820	0.00129052
3	0.05884200	0.05729300	0.00154908
4	0.06904890	0.06722290	0.00182599
5	0.06495440	0.06287640	0.00207798
6	0.04964650	0.04739420	0.00225233
7	0.02963720	0.02727490	0.00236224
8	0.01172110	0.00926008	0.00246099
9	0.00058711	-0.00193065	0.00251776
10	-0.00225917	-0.00480231	0.00254313
11	0.00192497	-0.00062782	0.00255279
12	0.01020100	0.00765957	0.00254144
13	0.01928650	0.01677990	0.00250660
14	0.02671760	0.02426180	0.00245584
15	0.03131980	0.02891200	0.00240777
16	0.03305770	0.03069080	0.00236681
17	0.03279310	0.03045890	0.00233425
18	0.03164880	0.02933340	0.00231541
19	0.03055400	0.02826260	0.00229139
20	0.03031700	0.02805090	0.00226606
21	0.03111710	0.02887840	0.00223868
22	0.03284250	0.03063240	0.00221010
23	0.03499540	0.03281050	0.00218489
24	0.03710940	0.03494500	0.00216442
25	0.03887790	0.03672820	0.00214973
26	0.04014210	0.03800390	0.00213820
27	0.04092890	0.03879900	0.00212991
28	0.04132650	0.03920290	0.00212364
29	0.04147000	0.03935260	0.00211738
30	0.04143620	0.03932670	0.00210950
31	0.04131950	0.03921940	0.00210006
32	0.04105180	0.03896200	0.00208978
33	0.04066490	0.03858590	0.00207893
34	0.04011400	0.03804600	0.00206807
35	0.03938470	0.03732690	0.00205786
36	0.03844750	0.03639850	0.00204899
37	0.03730700	0.03526690	0.00204011
38	0.03600620	0.03397400	0.00203213
39	0.03458830	0.03256480	0.00202344
40	0.03316700	0.03115180	0.00201522
41	0.03185680	0.02984940	0.00200748
42	0.03072140	0.02872250	0.00199887
43	0.02980920	0.02781810	0.00199115
44	0.02915900	0.02717410	0.00198487
45	0.02877180	0.02678920	0.00198262
46	0.02863670	0.02665590	0.00198072
47	0.02868080	0.02670040	0.00198040
48	0.02880770	0.02682740	0.00198025
49	0.02894360	0.02696120	0.00198244
50	0.02905500	0.02706930	0.00198563
51	0.02915530	0.02716490	0.00199038
52	0.02926150	0.02726360	0.00199790
53	0.02938630	0.02737630	0.00201005
54	0.02952750	0.02750340	0.00202416
55	0.02969000	0.02765360	0.00203641
56	0.02989660	0.02785050	0.00204611
57	0.03014760	0.02809310	0.00205455
58	0.03043070	0.02836790	0.00206272
59	0.03071310	0.02864170	0.00207149
60	0.03099110	0.02891010	0.00208102
61	0.03125110	0.02916030	0.00209084
62	0.03147780	0.02937660	0.00210114
63	0.03164390	0.02953300	0.00211095
64	0.03175760	0.02963740	0.00212022
65	0.03181880	0.02968950	0.00212929
66	0.03183130	0.02969360	0.00213774
67	0.03181240	0.02966710	0.00214532
68	0.03179760	0.02964550	0.00215211
69	0.03180780	0.02964970	0.00215814
70	0.03185460	0.02969100	0.00216361
71	0.03194580	0.02977720	0.00216863
72	0.03208690	0.02991330	0.00217364
73	0.03226210	0.03008450	0.00217765
74	0.03248800	0.03030620	0.00218171
75	0.03275500	0.03056920	0.00218587
76	0.03304200	0.03085280	0.00218918
77	0.03331300	0.03112210	0.00219094
78	0.03355430	0.03136280	0.00219151
79	0.03375530	0.03156450	0.00219078
80	0.03392560	0.03173670	0.00218884
81	0.03405730	0.03187170	0.00218552
82	0.03415360	0.03197290	0.00218063
83	0.03421030	0.03203580	0.00217451
84	0.03423470	0.03206650	0.00216813
85	0.03422950	0.03206840	0.00216105
86	0.03420420	0.03204960	0.00215463
87	0.03415950	0.03201150	0.00214799
88	0.03410470	0.03196380	0.00214094
89	0.03403370	0.03189710	0.00213658
90	0.03394700	0.03181260	0.00213444
91	0.03384170	0.03170790	0.00213383
92	0.03372460	0.03158920	0.00213534
93	0.03359760	0.03145970	0.00213791
94	0.03346070	0.03131920	0.00214145
95	0.03332630	0.03118150	0.00214471
96	0.03320810	0.03106000	0.00214810
97	0.03312110	0.03097090	0.00215021
98	0.03307600	0.03092450	0.00215153
99	0.03307920	0.03092800	0.00215124
100	0.03314080	0.03099020	0.00215057
101	0.03327010	0.03112090	0.00214921
102	0.03348380	0.03133580	0.00214796
103	0.03378140	0.03163600	0.00214543
104	0.03416060	0.03201860	0.00214194
105	0.03462210	0.03248480	0.00213727
106	0.03516820	0.03303620	0.00213204
107	0.03579650	0.03366960	0.00212687
108	0.03649790	0.03437560	0.00212228
109	0.03726250	0.03514470	0.00211774
110	0.03806810	0.03595540	0.00211266
111	0.03889620	0.03678930	0.00210685
112	0.03974100	0.03764010	0.00210087
113	0.04059780	0.03850310	0.00209471
114	0.04146310	0.03937490	0.00208822
115	0.04232070	0.04023990	0.00208081
116	0.04315330	0.04108020	0.00207312
117	0.04394870	0.04188310	0.00206559
118	0.04469300	0.04263430	0.00205871
119	0.04536530	0.04331290	0.00205236
120	0.04596170	0.04391530	0.00204631
121	0.04648730	0.04444710	0.00204020
122	0.04693930	0.04490490	0.00203438
123	0.04730830	0.04527950	0.00202874
124	0.04758030	0.04555680	0.00202355
125	0.04775520	0.04573610	0.00201912
126	0.04782460	0.04580950	0.00201513
127	0.04779320	0.04578200	0.00201117
128	0.04766350	0.04565640	0.00200708
129	0.04744680	0.04544380	0.00200301
130	0.04716890	0.04517020	0.00199862
131	0.04684590	0.04485300	0.00199294
132	0.04648910	0.04450340	0.00198572
133	0.04611420	0.04413740	0.00197685
134	0.04572090	0.04375430	0.00196660
135	0.04532360	0.04336810	0.00195544
136	0.04492860	0.04298440	0.00194421
137	0.04455340	0.04262050	0.00193290
138	0.04421360	0.04229240	0.00192119
139	0.04393300	0.04202310	0.00190991
140	0.04372850	0.04182870	0.00189984
141	0.04360330	0.04171250	0.00189084
142	0.04355490	0.04167220	0.00188273
143	0.04357840	0.04170310	0.00187530
144	0.04366210	0.04179390	0.00186817
145	0.04379290	0.04193140	0.00186150
146	0.04397860	0.04212300	0.00185560
147	0.04422000	0.04236940	0.00185062
148	0.04451000	0.04266370	0.00184625
149	0.04484500	0.04300180	0.00184321
150	0.04521510	0.04337310	0.00184205
151	0.04561130	0.04376840	0.00184284
152	0.04601900	0.04417320	0.00184578
153	0.04642130	0.04457060	0.00185065
154	0.04680170	0.04494410	0.00185758
155	0.04713850	0.04527180	0.00186671
156	0.04741900	0.04554100	0.00187805
157	0.04764040	0.04574860	0.00189187
158	0.04780820	0.04590000	0.00190820
159	0.04791510	0.04598870	0.00192642
160	0.04795490	0.04600890	0.00194602
161	0.04791890	0.04595220	0.00196668
162	0.04780170	0.04581320	0.00198845
163	0.04760930	0.04559830	0.00201101
164	0.04733820	0.04530310	0.00203511
165	0.04698640	0.04492710	0.00205929
166	0.04655650	0.04447300	0.00208349
167	0.04605480	0.04394920	0.00210563
168	0.04550180	0.04337640	0.00212547
169	0.04491810	0.04277500	0.00214314
170	0.04432240	0.04216360	0.00215881
171	0.04373200	0.04155990	0.00217208
172	0.04316630	0.04098310	0.00218322
173	0.04263200	0.04044040	0.00219158
174	0.04213560	0.03993820	0.00219738
175	0.04167980	0.03947900	0.00220083
176	0.04126750	0.03906500	0.00220253
177	0.04089460	0.03869220	0.00220235
178	0.04055210	0.03835260	0.00219948
179	0.04022960	0.03803580	0.00219382
180	0.03991370	0.03772800	0.00218574
181	0.03959750	0.03742170	0.00217580
182	0.03928330	0.03711950	0.00216377
183	0.03898190	0.03683200	0.00214990
184	0.03869760	0.03656300	0.00213456
185	0.03843840	0.03632000	0.00211832
186	0.03820980	0.03610810	0.00210172
187	0.03802460	0.03593910	0.00208547
188	0.03789370	0.03582350	0.00207021
189	0.03783470	0.03577800	0.00205670
190	0.03784460	0.03579920	0.00204540
191	0.03792550	0.03588890	0.00203655
192	0.03806280	0.03603290	0.00202988
193	0.03824420	0.03621910	0.00202510
194	0.03845390	0.03643240	0.00202146
195	0.03867460	0.03665580	0.00201880
196	0.03888410	0.03686660	0.00201753
197	0.03906350	0.03704600	0.00201746
198	0.03920560	0.03718690	0.00201874
199	0.03931050	0.03728950	0.00202102
200	0.03937910	0.03735510	0.00202400
201	0.03941840	0.03739070	0.00202774
202	0.03944250	0.03741050	0.00203203
203	0.03946350	0.03742690	0.00203664
204	0.03948790	0.03744640	0.00204151
205	0.03952160	0.03747470	0.00204694
206	0.03956460	0.03751150	0.00205314
207	0.03961380	0.03755390	0.00205994
208	0.03966230	0.03759510	0.00206722
209	0.03969780	0.03762320	0.00207462
210	0.03970980	0.03762790	0.00208185
211	0.03968980	0.03760100	0.00208874
212	0.03964500	0.03754970	0.00209532
213	0.03957680	0.03747520	0.00210162
214	0.03949430	0.03738650	0.00210779
215	0.03940200	0.03728820	0.00211380
216	0.03931100	0.03719150	0.00211952
217	0.03922320	0.03709860	0.00212462
218	0.03913750	0.03700860	0.00212889
219	0.03905390	0.03692150	0.00213242
220	0.03897380	0.03683880	0.00213500
221	0.03889880	0.03676190	0.00213689
222	0.03883750	0.03669920	0.00213838
223	0.03880480	0.03666510	0.00213966
224	0.03881540	0.03667450	0.00214093
225	0.03887720	0.03673500	0.00214224
226	0.03898870	0.03684500	0.00214373
227	0.03914980	0.03700410	0.00214570
228	0.03935760	0.03720920	0.00214841
229	0.03960680	0.03745470	0.00215209
230	0.03989410	0.03773720	0.00215686
231	0.04021440	0.03805170	0.00216265
232	0.04056140	0.03839120	0.00217021
233	0.04093600	0.03875630	0.00217964
234	0.04133690	0.03914590	0.00219097
235	0.04174980	0.03954590	0.00220391
236	0.04215470	0.03993670	0.00221803
237	0.04253180	0.04029880	0.00223303
238	0.04287030	0.04062180	0.00224849
239	0.04314870	0.04088500	0.00226366
240	0.04336350	0.04108530	0.00227815
241	0.04352040	0.04122930	0.00229111
242	0.04362040	0.04131840	0.00230206
243	0.04367030	0.04135990	0.00231040
244	0.04367800	0.04136190	0.00231617
245	0.04365230	0.04133130	0.00232101
246	0.04359410	0.04127110	0.00232305
247	0.04350010	0.04117910	0.00232105
248	0.04336530	0.04105030	0.00231502
249	0.04319060	0.04088480	0.00230579
250	0.04298180	0.04068920	0.00229260
251	0.04274370	0.04046820	0.00227553
252	0.04248880	0.04023400	0.00225478
253	0.04222560	0.03999510	0.00223049
254	0.04195520	0.03975220	0.00220297
255	0.04168350	0.03951080	0.00217271
256	0.04141320	0.03927300	0.00214020
257	0.04114050	0.03903450	0.00210607
258	0.04086580	0.03879480	0.00207101
259	0.04058860	0.03855320	0.00203534
260	0.04030290	0.03830390	0.00199902
261	0.04000470	0.03804180	0.00196289
262	0.03967450	0.03774690	0.00192759
263	0.03930650	0.03741270	0.00189371
264	0.03889370	0.03703340	0.00186034
265	0.03843140	0.03660320	0.00182815
266	0.03793130	0.03613270	0.00179851
267	0.03742360	0.03565240	0.00177128
268	0.03692840	0.03518260	0.00174573
269	0.03646560	0.03474420	0.00172137
270	0.03605190	0.03435370	0.00169818
271	0.03570120	0.03402480	0.00167644
272	0.03543170	0.03377580	0.00165586
273	0.03526630	0.03363000	0.00163630
274	0.03521870	0.03360060	0.00161805
275	0.03530080	0.03369920	0.00160167
276	0.03550170	0.03391410	0.00158754
277	0.03580450	0.03422820	0.00157634
278	0.03618950	0.03462120	0.00156835
279	0.03662670	0.03506280	0.00156392
280	0.03708750	0.03552430	0.00156323
281	0.03754120	0.03597510	0.00156610
282	0.03796080	0.03638860	0.00157222
283	0.03832700	0.03674590	0.00158112
284	0.03863350	0.03704130	0.00159224
285	0.03887000	0.03726470	0.00160531
286	0.03903370	0.03741400	0.00161974
287	0.03911980	0.03748450	0.00163530
288	0.03912560	0.03747390	0.00165169
289	0.03904700	0.03737870	0.00166836
290	0.03890170	0.03721690	0.00168473
291	0.03868760	0.03698720	0.00170044
292	0.03841150	0.03669620	0.00171532
293	0.03807550	0.03634650	0.00172900
294	0.03769250	0.03595170	0.00174081
295	0.03727250	0.03552170	0.00175079
296	0.03683720	0.03507800	0.00175921
297	0.03640200	0.03463540	0.00176658
298	0.03598310	0.03420980	0.00177329
299	0.03559220	0.03381230	0.00177993
300	0.03523540	0.03344890	0.00178648
301	0.03491750	0.03312460	0.00179289
302	0.03463540	0.03283620	0.00179922
303	0.03437710	0.03257140	0.00180572
304	0.03413640	0.03232370	0.00181270
305	0.03390260	0.03208230	0.00182030
306	0.03367130	0.03184290	0.00182838
307	0.03344890	0.03161220	0.00183668
308	0.03322760	0.03138190	0.00184566
309	0.03300160	0.03114680	0.00185478
310	0.03277290	0.03090920	0.00186371
311	0.03255190	0.03067930	0.00187261
312	0.03235110	0.03046950	0.00188160
313	0.03218880	0.03029790	0.00189085
314	0.03209040	0.03018960	0.00190073
315	0.03207340	0.03016180	0.00191161
316	0.03213720	0.03021400	0.00192328
317	0.03227770	0.03034200	0.00193564
318	0.03248600	0.03053730	0.00194872
319	0.03276010	0.03079750	0.00196250
320	0.03311040	0.03113330	0.00197702
321	0.03354370	0.03155150	0.00199219
322	0.03406060	0.03205260	0.00200803
323	0.03466820	0.03264390	0.00202424
324	0.03536490	0.03332400	0.00204089
325	0.03614010	0.03408200	0.00205813
326	0.03698590	0.03490980	0.00207609
327	0.03788130	0.03578640	0.00209489
328	0.03879490	0.03668040	0.00211450
329	0.03972330	0.03758840	0.00213487
330	0.04065670	0.03850090	0.00215574
331	0.04158230	0.03940570	0.00217659
332	0.04248060	0.04028350	0.00219707
333	0.04333320	0.04111620	0.00221709
334	0.04411860	0.04188200	0.00223659
335	0.04482680	0.04257160	0.00225521
336	0.04544460	0.04317230	0.00227225
337	0.04596980	0.04368270	0.00228714
338	0.04639000	0.04409080	0.00229921
339	0.04671040	0.04440250	0.00230791
340	0.04693270	0.04462000	0.00231267
341	0.04707520	0.04476180	0.00231340
342	0.04716040	0.04485020	0.00231024
343	0.04721250	0.04490910	0.00230334
344	0.04725060	0.04495760	0.00229292
345	0.04728730	0.04500780	0.00227948
346	0.04732510	0.04506150	0.00226354
347	0.04735960	0.04511400	0.00224562
348	0.04737990	0.04515360	0.00222630
349	0.04736820	0.04516230	0.00220591
350	0.04732070	0.04513610	0.00218462
351	0.04723320	0.04507060	0.00216267
352	0.04710010	0.04495970	0.00214031
353	0.04691140	0.04479340	0.00211805
354	0.04666160	0.04456510	0.00209646
355	0.04634670	0.04427090	0.00207575
356	0.04596170	0.04390560	0.00205616
357	0.04550270	0.04346460	0.00203805
358	0.04496940	0.04294780	0.00202160
359	0.04437210	0.04236520	0.00200689
360	0.04372560	0.04173170	0.00199398
361	0.04304580	0.04106270	0.00198309
362	0.04235020	0.04037590	0.00197426
363	0.04165810	0.03969060	0.00196748
364	0.04098300	0.03902030	0.00196268
365	0.04033400	0.03837440	0.00195957
366	0.03972120	0.03776310	0.00195815
367	0.03915060	0.03719230	0.00195828
368	0.03862580	0.03666610	0.00195972
369	0.03814440	0.03618210	0.00196229
370	0.03770490	0.03573900	0.00196585
371	0.03730570	0.03533550	0.00197026
372	0.03694710	0.03497170	0.00197538
373	0.03662810	0.03464690	0.00198113
374	0.03635120	0.03436390	0.00198726
375	0.03611380	0.03412010	0.00199361
376	0.03591060	0.03391040	0.00200017
377	0.03573570	0.03372880	0.00200694
378	0.03558360	0.03356970	0.00201385
379	0.03544410	0.03342330	0.00202087
380	0.03531080	0.03328300	0.00202783
381	0.03517860	0.03314400	0.00203461
382	0.03504310	0.03300180	0.00204123
383	0.03490190	0.03285430	0.00204758
384	0.03475050	0.03269680	0.00205363
385	0.03458330	0.03252370	0.00205959
386	0.03439830	0.03233280	0.00206554
387	0.03419930	0.03212770	0.00207164
388	0.03399570	0.03191750	0.00207815
389	0.03379520	0.03170960	0.00208550
390	0.03360010	0.03150610	0.00209396
391	0.03341550	0.03131160	0.00210396
392	0.03324170	0.03112620	0.00211551
393	0.03308220	0.03095350	0.00212867
394	0.03293780	0.03079420	0.00214363
395	0.03281010	0.03064970	0.00216046
396	0.03269940	0.03052010	0.00217926
397	0.03260420	0.03040400	0.00220017
398	0.03252180	0.03029880	0.00222309
399	0.03245490	0.03020670	0.00224817
400	0.03240680	0.03013150	0.00227529
401	0.03237790	0.03007350	0.00230437
402	0.03237060	0.03003520	0.00233534
403	0.03238080	0.03001280	0.00236797
404	0.03240660	0.03000470	0.00240192
405	0.03244310	0.03000640	0.00243680
406	0.03248610	0.03001390	0.00247224
407	0.03253050	0.03002290	0.00250762
408	0.03257700	0.03003470	0.00254233
409	0.03261660	0.03004070	0.00257594
410	0.03264840	0.03004020	0.00260814
411	0.03266770	0.03002920	0.00263852
412	0.03267360	0.03000670	0.00266688
413	0.03266910	0.02997590	0.00269316
414	0.03266100	0.02994410	0.00271691
415	0.03264940	0.02991160	0.00273786
416	0.03263370	0.02987790	0.00275582
417	0.03261020	0.02983970	0.00277056
418	0.03257960	0.02979780	0.00278175
419	0.03254660	0.02975720	0.00278944
420	0.03251630	0.02972260	0.00279377
421	0.03249130	0.02969650	0.00279474
422	0.03247400	0.02968200	0.00279206
423	0.03246540	0.02967970	0.00278568
424	0.03247440	0.02969860	0.00277580
425	0.03250500	0.02974210	0.00276289
426	0.03256050	0.02981350	0.00274702
427	0.03263980	0.02991160	0.00272825
428	0.03273640	0.03002940	0.00270692
429	0.03284050	0.03015690	0.00268361
430	0.03293930	0.03028070	0.00265857
431	0.03302220	0.03039010	0.00263208
432	0.03308300	0.03047880	0.00260425
433	0.03312180	0.03054710	0.00257468
434	0.03313200	0.03058830	0.00254368
435	0.03310930	0.03059750	0.00251188
436	0.03305150	0.03057200	0.00247942
437	0.03296320	0.03051690	0.00244636
438	0.03284830	0.03043570	0.00241263
439	0.03270690	0.03032830	0.00237862
440	0.03253500	0.03019010	0.00234492
441	0.03232240	0.03001020	0.00231221
442	0.03207280	0.02979160	0.00228113
443	0.03178490	0.02953270	0.00225223
444	0.03146980	0.02924360	0.00222618
445	0.03113050	0.02892730	0.00220321
446	0.03077410	0.02859090	0.00218322
447	0.03040750	0.02824150	0.00216608
448	0.03004790	0.02789590	0.00215193
449	0.02969940	0.02755840	0.00214101
450	0.02937100	0.02723750	0.00213343
451	0.02906270	0.02693370	0.00212899
452	0.02877890	0.02665160	0.00212734
453	0.02850070	0.02637260	0.00212811
454	0.02820530	0.02607410	0.00213115
455	0.02788910	0.02575230	0.00213675
456	0.02755060	0.02540570	0.00214493
457	0.02718380	0.02502810	0.00215568
458	0.02679110	0.02462220	0.00216887
459	0.02639710	0.02421310	0.00218401
460	0.02602250	0.02382200	0.00220046
461	0.02568470	0.02346700	0.00221767
462	0.02540040	0.02316480	0.00223562
463	0.02517250	0.02291850	0.00225399
464	0.02499980	0.02272710	0.00227266
465	0.02488190	0.02259030	0.00229161
466	0.02482200	0.02251060	0.00231140
467	0.02481650	0.02248510	0.00233138
468	0.02486090	0.02250990	0.00235107
469	0.02496260	0.02259260	0.00237002
470	0.02511780	0.02272910	0.00238874
471	0.02532710	0.02292030	0.00240679
472	0.02559100	0.02316700	0.00242396
473	0.02591370	0.02347370	0.00244002
474	0.02628830	0.02383350	0.00245476
475	0.02670410	0.02423620	0.00246789
476	0.02714600	0.02466680	0.00247916
477	0.02759970	0.02511150	0.00248823
478	0.02805220	0.02555680	0.00249536
479	0.02850150	0.02600070	0.00250084
480	0.02893470	0.02643010	0.00250453
481	0.02934020	0.02683380	0.00250645
482	0.02970710	0.02720030	0.00250680
483	0.03002880	0.02752290	0.00250589
484	0.03030130	0.02779730	0.00250400
485	0.03052370	0.02802260	0.00250108
486	0.03070010	0.02820330	0.00249679
487	0.03083870	0.02834780	0.00249087
488	0.03094850	0.02846530	0.00248320
489	0.03104120	0.02856740	0.00247380
490	0.03112770	0.02866490	0.00246282
491	0.03121660	0.02876620	0.00245036
492	0.03130930	0.02887280	0.00243650
493	0.03140990	0.02898850	0.00242136
494	0.03152250	0.02911710	0.00240541
495	0.03163850	0.02924990	0.00238861
496	0.03174810	0.02937690	0.00237118
497	0.03184880	0.02949540	0.00235343
498	0.03193730	0.02960160	0.00233568
499	0.03201040	0.02969220	0.00231818
500	0.03207190	0.02977050	0.00230140
501	0.03211860	0.02983290	0.00228578
502	0.03215460	0.02988330	0.00227130
503	0.03217740	0.02991910	0.00225830
504	0.03219420	0.02994750	0.00224679
505	0.03220060	0.02996380	0.00223685
506	0.03220190	0.02997360	0.00222833
507	0.03219560	0.02997450	0.00222108
508	0.03217310	0.02995790	0.00221516
509	0.03212970	0.02991970	0.00221007
510	0.03205260	0.02984710	0.00220550
511	0.03194370	0.02974220	0.00220153
512	0.03180290	0.02960450	0.00219843
513	0.03163980	0.02944340	0.00219645
514	0.03145580	0.02925990	0.00219595
515	0.03125510	0.02905840	0.00219674
516	0.03103240	0.02883400	0.00219831
517	0.03078480	0.02858430	0.00220046
518	0.03051840	0.02831530	0.00220306
519	0.03024340	0.02803720	0.00220616
520	0.02996840	0.02775840	0.00220998
521	0.02969820	0.02748370	0.00221458
522	0.02943730	0.02721720	0.00222006
523	0.02918600	0.02695970	0.00222627
524	0.02894390	0.02671080	0.00223317
525	0.02870880	0.02646820	0.00224060
526	0.02848100	0.02623250	0.00224850
527	0.02825930	0.02600260	0.00225670
528	0.02804550	0.02578030	0.00226519
529	0.02784340	0.02556920	0.00227415
530	0.02765260	0.02536900	0.00228358
531	0.02747390	0.02518040	0.00229346
532	0.02730020	0.02499660	0.00230359
533	0.02713020	0.02481630	0.00231391
534	0.02696730	0.02464310	0.00232420
535	0.02681900	0.02448460	0.00233441
536	0.02668860	0.02434410	0.00234445
537	0.02658220	0.02422770	0.00235451
538	0.02650340	0.02413860	0.00236472
539	0.02646150	0.02408630	0.00237518
540	0.02645930	0.02407350	0.00238584
541	0.02650060	0.02410400	0.00239659
542	0.02658350	0.02417650	0.00240700
543	0.02671360	0.02429680	0.00241683
544	0.02689240	0.02446680	0.00242555
545	0.02712180	0.02468890	0.00243295
546	0.02739830	0.02495920	0.00243913
547	0.02771190	0.02526780	0.00244413
548	0.02804820	0.02560020	0.00244797
549	0.02840280	0.02595200	0.00245076
550	0.02876980	0.02631730	0.00245246
551	0.02915050	0.02669700	0.00245348
552	0.02953960	0.02708540	0.00245422
553	0.02993980	0.02748480	0.00245501
554	0.03034610	0.02789030	0.00245571
555	0.03075140	0.02829520	0.00245620
556	0.03115180	0.02869590	0.00245586
557	0.03154120	0.02908630	0.00245489
558	0.03191850	0.02946500	0.00245352
559	0.03228920	0.02983730	0.00245188
560	0.03265290	0.03020310	0.00244983
561	0.03301190	0.03056390	0.00244793
562	0.03336860	0.03092230	0.00244628
563	0.03372520	0.03128070	0.00244448
564	0.03407820	0.03163600	0.00244220
565	0.03442770	0.03198860	0.00243909
566	0.03477250	0.03233690	0.00243561
567	0.03510660	0.03267500	0.00243152
568	0.03542680	0.03300040	0.00242639
569	0.03572650	0.03330600	0.00242052
570	0.03600580	0.03359140	0.00241440
571	0.03625510	0.03384700	0.00240809
572	0.03648080	0.03407890	0.00240186
573	0.03667620	0.03428030	0.00239591
574	0.03684490	0.03445420	0.00239072
575	0.03698300	0.03459610	0.00238689
576	0.03709460	0.03471100	0.00238361
577	0.03717670	0.03479680	0.00237988
578	0.03722490	0.03484960	0.00237525
579	0.03722910	0.03486070	0.00236847
580	0.03718790	0.03482900	0.00235893
581	0.03708700	0.03473970	0.00234726
582	0.03692470	0.03459090	0.00233381
583	0.03668870	0.03436940	0.00231931
584	0.03637640	0.03407190	0.00230448
585	0.03598210	0.03369250	0.00228961
586	0.03550600	0.03323100	0.00227494
587	0.03494190	0.03268110	0.00226085
588	0.03430680	0.03205950	0.00224732
589	0.03361210	0.03137790	0.00223421
590	0.03288700	0.03066520	0.00222186
591	0.03215000	0.02993910	0.00221090
592	0.03142460	0.02922320	0.00220139
593	0.03072030	0.02852730	0.00219303
594	0.03005160	0.02786610	0.00218547
595	0.02942130	0.02724260	0.00217865
596	0.02883320	0.02666040	0.00217286
597	0.02828330	0.02611480	0.00216847
598	0.02776910	0.02560350	0.00216559
599	0.02728560	0.02512150	0.00216408
600	0.02683250	0.02466870	0.00216385
601	0.02641130	0.02424660	0.00216478
602	0.02603380	0.02386700	0.00216678
603	0.02570290	0.02353360	0.00216938
604	0.02541690	0.02324450	0.00217235
605	0.02516990	0.02299440	0.00217542
606	0.02495670	0.02277830	0.00217843
607	0.02477900	0.02259760	0.00218141
608	0.02463670	0.02245270	0.00218404
609	0.02452850	0.02234220	0.00218639
610	0.02446050	0.02227150	0.00218905
611	0.02444350	0.02225120	0.00219231
612	0.02448120	0.02228470	0.00219646
613	0.02457500	0.02237370	0.00220133
614	0.02472130	0.02251410	0.00220714
615	0.02491730	0.02270280	0.00221443
616	0.02515660	0.02293310	0.00222350
617	0.02543750	0.02320290	0.00223455
618	0.02575720	0.02350940	0.00224774
619	0.02610490	0.02384180	0.00226320
620	0.02648440	0.02420330	0.00228110
621	0.02690950	0.02460790	0.00230156
622	0.02739020	0.02506560	0.00232459
623	0.02794040	0.02559020	0.00235018
624	0.02855940	0.02618080	0.00237862
625	0.02923820	0.02682810	0.00241011
626	0.02996600	0.02752110	0.00244493
627	0.03074220	0.02825910	0.00248311
628	0.03154620	0.02902210	0.00252418
629	0.03236670	0.02979910	0.00256758
630	0.03318120	0.03056810	0.00261308
631	0.03396780	0.03130760	0.00266022
632	0.03471540	0.03200680	0.00270855
633	0.03542110	0.03266370	0.00275742
634	0.03608390	0.03327750	0.00280642
635	0.03669670	0.03384180	0.00285495
636	0.03725080	0.03434890	0.00290181
637	0.03774800	0.03480210	0.00294592
638	0.03818180	0.03519480	0.00298698
639	0.03855090	0.03552580	0.00302511
640	0.03885660	0.03579660	0.00305997
641	0.03910630	0.03601560	0.00309069
642	0.03930430	0.03618730	0.00311698
643	0.03945670	0.03631820	0.00313843
644	0.03956650	0.03641120	0.00315536
645	0.03963800	0.03647000	0.00316808
646	0.03967180	0.03649560	0.00317615
647	0.03966630	0.03648710	0.00317921
648	0.03961980	0.03644270	0.00317706
649	0.03953510	0.03636530	0.00316978
650	0.03941270	0.03625530	0.00315739
651	0.03924230	0.03610220	0.00314002
652	0.03901170	0.03589390	0.00311785
653	0.03870680	0.03561540	0.00309134
654	0.03831680	0.03525580	0.00306099
655	0.03783070	0.03480350	0.00302719
656	0.03724380	0.03425350	0.00299023
657	0.03655710	0.03360660	0.00295053
658	0.03578020	0.03287170	0.00290851
659	0.03492340	0.03205850	0.00286484
660	0.03400230	0.03118210	0.00282020
661	0.03303930	0.03026410	0.00277517
662	0.03206250	0.02933190	0.00273056
663	0.03109530	0.02840820	0.00268711
664	0.03015560	0.02751010	0.00264546
665	0.02924920	0.02664320	0.00260606
666	0.02838990	0.02582080	0.00256911
667	0.02758320	0.02504850	0.00253471
668	0.02683750	0.02433450	0.00250293
669	0.02615760	0.02368380	0.00247381
670	0.02554980	0.02310250	0.00244737
671	0.02501670	0.02259320	0.00242348
672	0.02456520	0.02216330	0.00240189
673	0.02420480	0.02182250	0.00238226
674	0.02394430	0.02157990	0.00236437
675	0.02378790	0.02143980	0.00234816
676	0.02373470	0.02140140	0.00233330
677	0.02377950	0.02145970	0.00231974
678	0.02391050	0.02160240	0.00230811
679	0.02412720	0.02182810	0.00229908
680	0.02442500	0.02213230	0.00229266
681	0.02479860	0.02251010	0.00228846
682	0.02523370	0.02294780	0.00228594
683	0.02572410	0.02343960	0.00228456
684	0.02626030	0.02397560	0.00228473
685	0.02684370	0.02455740	0.00228626
686	0.02745400	0.02516530	0.00228875
687	0.02807810	0.02578610	0.00229192
688	0.02870490	0.02640880	0.00229608
689	0.02932690	0.02702500	0.00230196
690	0.02994690	0.02763740	0.00230952
691	0.03056800	0.02824900	0.00231903
692	0.03118040	0.02884960	0.00233080
693	0.03178130	0.02943730	0.00234406
694	0.03237430	0.03001540	0.00235894
695	0.03295620	0.03058000	0.00237617
696	0.03351390	0.03111760	0.00239631
697	0.03404410	0.03162440	0.00241970
698	0.03452990	0.03208360	0.00244632
699	0.03496440	0.03248800	0.00247636
700	0.03534710	0.03283750	0.00250955
701	0.03568820	0.03314270	0.00254548
702	0.03598220	0.03339920	0.00258303
703	0.03623910	0.03361790	0.00262128
704	0.03648090	0.03382180	0.00265906
705	0.03674000	0.03404610	0.00269388
706	0.03703030	0.03430620	0.00272409
707	0.03736000	0.03460950	0.00275045
708	0.03772680	0.03495380	0.00277296
709	0.03811580	0.03532420	0.00279157
710	0.03850700	0.03569980	0.00280717
711	0.03889060	0.03607080	0.00281973
712	0.03924440	0.03641540	0.00282900
713	0.03957100	0.03673630	0.00283468
714	0.03985730	0.03702050	0.00283678
715	0.04010090	0.03726630	0.00283455
716	0.04029310	0.03746450	0.00282863
717	0.04043280	0.03761410	0.00281870
718	0.04050430	0.03769910	0.00280525
719	0.04049770	0.03770890	0.00278887
720	0.04041880	0.03764860	0.00277016
721	0.04028780	0.03753820	0.00274956
722	0.04012870	0.03740130	0.00272744
723	0.03996360	0.03725940	0.00270423
724	0.03980550	0.03712520	0.00268025
725	0.03966670	0.03701080	0.00265587
726	0.03954790	0.03691620	0.00263161
727	0.03945830	0.03685070	0.00260762
728	0.03939700	0.03681270	0.00258426
729	0.03936620	0.03680430	0.00256185
730	0.03935880	0.03681820	0.00254064
731	0.03937620	0.03685530	0.00252097
732	0.03942230	0.03691900	0.00250328
733	0.03949990	0.03701190	0.00248799
734	0.03961200	0.03713700	0.00247508
735	0.03975410	0.03728960	0.00246446
736	0.03991180	0.03745590	0.00245593
737	0.04008670	0.03763730	0.00244945
738	0.04027950	0.03783440	0.00244512
739	0.04048610	0.03804310	0.00244306
740	0.04069080	0.03824780	0.00244299
741	0.04087760	0.03843280	0.00244482
742	0.04103120	0.03858280	0.00244838
743	0.04114110	0.03868770	0.00245341
744	0.04119810	0.03873880	0.00245936
745	0.04120330	0.03873720	0.00246609
746	0.04115600	0.03868230	0.00247366
747	0.04105580	0.03857420	0.00248156
748	0.04090570	0.03841660	0.00248913
749	0.04071200	0.03821610	0.00249594
750	0.04048100	0.03797950	0.00250152
751	0.04021820	0.03771250	0.00250571
752	0.03993200	0.03742340	0.00250860
753	0.03962530	0.03711540	0.00250989
754	0.03930270	0.03679340	0.00250932
755	0.03896740	0.03646070	0.00250673
756	0.03862290	0.03612120	0.00250176
757	0.03827420	0.03578000	0.00249422
758	0.03792060	0.03543660	0.00248404
759	0.03756600	0.03509420	0.00247186
760	0.03721280	0.03475460	0.00245821
761	0.03685890	0.03441540	0.00244355
762	0.03650890	0.03408080	0.00242813
763	0.03615670	0.03374450	0.00241222
764	0.03579770	0.03340150	0.00239618
765	0.03542780	0.03304740	0.00238039
766	0.03505160	0.03268640	0.00236516
767	0.03467440	0.03232360	0.00235076
768	0.03429810	0.03196060	0.00233752
769	0.03392950	0.03160370	0.00232580
770	0.03355350	0.03123790	0.00231561
771	0.03315940	0.03085230	0.00230715
772	0.03273610	0.03043570	0.00230042
773	0.03229160	0.02999640	0.00229526
774	0.03183430	0.02954330	0.00229106
775	0.03138560	0.02909830	0.00228737
776	0.03096610	0.02868060	0.00228548
777	0.03060220	0.02831740	0.00228478
778	0.03030720	0.02802200	0.00228515
779	0.03009050	0.02780300	0.00228747
780	0.02995400	0.02766200	0.00229194
781	0.02990010	0.02760180	0.00229829
782	0.02992470	0.02761840	0.00230635
783	0.03002150	0.02770580	0.00231569
784	0.03018140	0.02785550	0.00232593
785	0.03039880	0.02806100	0.00233779
786	0.03066550	0.02831440	0.00235111
787	0.03097360	0.02860820	0.00236538
788	0.03131240	0.02893230	0.00238018
789	0.03167610	0.02928110	0.00239497
790	0.03206350	0.02965410	0.00240937
791	0.03246820	0.03004500	0.00242328
792	0.03288380	0.03044770	0.00243617
793	0.03330390	0.03085630	0.00244761
794	0.03372550	0.03126810	0.00245744
795	0.03415050	0.03168510	0.00246546
796	0.03458180	0.03211030	0.00247149
797	0.03501080	0.03253540	0.00247548
798	0.03542910	0.03295180	0.00247730
799	0.03582550	0.03334860	0.00247692
800	0.03619190	0.03371760	0.00247431
801	0.03651600	0.03404650	0.00246954
802	0.03679010	0.03432730	0.00246280
803	0.03701300	0.03455890	0.00245408
804	0.03718350	0.03474010	0.00244336
805	0.03730250	0.03487160	0.00243088
806	0.03737590	0.03495910	0.00241679
807	0.03740980	0.03500830	0.00240145
808	0.03741410	0.03502880	0.00238532
809	0.03739430	0.03502560	0.00236871
810	0.03735150	0.03499950	0.00235204
811	0.03728520	0.03494970	0.00233557
812	0.03719210	0.03487250	0.00231955
813	0.03707090	0.03476680	0.00230405
814	0.03692130	0.03463170	0.00228964
815	0.03674720	0.03447080	0.00227639
816	0.03654830	0.03428350	0.00226478
817	0.03632660	0.03407150	0.00225511
818	0.03608450	0.03383680	0.00224774
819	0.03582840	0.03358570	0.00224269
820	0.03556000	0.03332010	0.00223997
821	0.03528470	0.03304540	0.00223936
822	0.03500690	0.03276630	0.00224067
823	0.03473380	0.03249010	0.00224373
824	0.03446720	0.03221890	0.00224836
825	0.03421430	0.03195960	0.00225464
826	0.03398370	0.03172150	0.00226218
827	0.03378320	0.03151270	0.00227048
828	0.03362420	0.03134490	0.00227926
829	0.03352070	0.03123250	0.00228820
830	0.03347790	0.03118050	0.00229732
831	0.03349960	0.03119300	0.00230660
832	0.03357650	0.03126070	0.00231576
833	0.03370650	0.03138230	0.00232421
834	0.03387880	0.03154720	0.00233166
835	0.03409200	0.03175400	0.00233803
836	0.03433600	0.03199290	0.00234316
837	0.03460210	0.03225510	0.00234694
838	0.03487540	0.03252610	0.00234930
839	0.03515000	0.03279960	0.00235036
840	0.03541080	0.03306050	0.00235031
841	0.03564520	0.03329610	0.00234902
842	0.03584260	0.03349580	0.00234676
843	0.03599440	0.03365070	0.00234371
844	0.03609650	0.03375680	0.00233977
845	0.03614780	0.03381290	0.00233487
846	0.03615100	0.03382240	0.00232859
847	0.03611080	0.03378980	0.00232100
848	0.03603100	0.03371820	0.00231275
849	0.03591560	0.03361190	0.00230366
850	0.03577290	0.03347870	0.00229422
851	0.03560650	0.03332210	0.00228432
852	0.03542310	0.03314960	0.00227356
853	0.03522910	0.03296730	0.00226181
854	0.03503110	0.03278100	0.00225015
855	0.03483410	0.03259580	0.00223833
856	0.03464020	0.03241410	0.00222613
857	0.03444670	0.03223340	0.00221323
858	0.03424740	0.03204760	0.00219982
859	0.03404430	0.03185810	0.00218618
860	0.03383450	0.03166190	0.00217258
861	0.03361770	0.03145870	0.00215899
862	0.03339110	0.03124560	0.00214556
863	0.03315500	0.03102250	0.00213247
864	0.03290860	0.03078880	0.00211980
865	0.03265550	0.03054750	0.00210803
866	0.03239630	0.03029900	0.00209725
867	0.03213720	0.03004940	0.00208777
868	0.03188180	0.02980260	0.00207925
869	0.03164000	0.02956890	0.00207107
870	0.03142280	0.02936000	0.00206283
871	0.03124100	0.02918630	0.00205469
872	0.03110380	0.02905700	0.00204680
873	0.03102100	0.02898160	0.00203944
874	0.03099790	0.02896500	0.00203287
875	0.03103460	0.02900730	0.00202728
876	0.03113210	0.02910950	0.00202258
877	0.03128550	0.02926680	0.00201868
878	0.03147740	0.02946200	0.00201536
879	0.03169150	0.02967910	0.00201239
880	0.03190840	0.02989860	0.00200976
881	0.03211150	0.03010420	0.00200727
882	0.03228390	0.03027920	0.00200473
883	0.03241570	0.03041380	0.00200190
884	0.03251290	0.03051390	0.00199900
885	0.03258410	0.03058700	0.00199705
886	0.03264860	0.03065210	0.00199648
887	0.03271740	0.03072030	0.00199708
888	0.03279850	0.03079930	0.00199926
889	0.03289020	0.03088690	0.00200329
890	0.03298900	0.03097960	0.00200934
891	0.03308330	0.03106560	0.00201771
892	0.03315470	0.03112660	0.00202814
893	0.03320110	0.03116080	0.00204030
894	0.03321730	0.03116320	0.00205403
895	0.03320490	0.03113550	0.00206934
896	0.03316980	0.03108420	0.00208563
897	0.03311980	0.03101730	0.00210249
898	0.03307460	0.03095530	0.00211928
899	0.03305080	0.03091540	0.00213547
900	0.03306390	0.03091230	0.00215163
901	0.03311100	0.03094430	0.00216668
902	0.03318800	0.03100760	0.00218038
903	0.03328640	0.03109240	0.00219397
904	0.03339910	0.03119160	0.00220751
905	0.03351010	0.03129040	0.00221969
906	0.03360820	0.03137790	0.00223026
907	0.03367720	0.03143880	0.00223841
908	0.03370760	0.03146320	0.00224434
909	0.03369230	0.03144520	0.00224711
910	0.03363110	0.03138490	0.00224625
911	0.03352040	0.03127850	0.00224191
912	0.03336340	0.03112900	0.00223440
913	0.03316390	0.03093970	0.00222418
914	0.03293390	0.03072190	0.00221197
915	0.03267620	0.03047900	0.00219727
916	0.03240350	0.03022340	0.00218003
917	0.03212030	0.02995950	0.00216082
918	0.03183900	0.02969800	0.00214091
919	0.03156420	0.02944360	0.00212062
920	0.03130270	0.02920120	0.00210152
921	0.03104360	0.02896020	0.00208340
922	0.03078550	0.02871930	0.00206614
923	0.03051670	0.02846580	0.00205091
924	0.03023470	0.02819770	0.00203698
925	0.02994690	0.02792260	0.00202433
926	0.02965430	0.02764120	0.00201318
927	0.02936150	0.02735730	0.00200423
928	0.02907140	0.02707350	0.00199790
929	0.02879560	0.02680080	0.00199478
930	0.02854200	0.02654710	0.00199488
931	0.02831060	0.02631240	0.00199823
932	0.02810580	0.02610160	0.00200413
933	0.02793030	0.02591870	0.00201162
934	0.02780100	0.02578020	0.00202083
935	0.02772180	0.02568970	0.00203210
936	0.02768650	0.02564120	0.00204524
937	0.02769260	0.02563260	0.00206005
938	0.02774440	0.02566800	0.00207638
939	0.02784730	0.02575320	0.00209413
940	0.02801330	0.02589950	0.00211381
941	0.02825730	0.02612180	0.00213558
942	0.02858100	0.02642190	0.00215910
943	0.02898530	0.02680130	0.00218398
944	0.02946110	0.02725110	0.00221004
945	0.02999220	0.02775500	0.00223723
946	0.03056280	0.02829870	0.00226418
947	0.03115950	0.02886920	0.00229031
948	0.03177100	0.02945490	0.00231604
949	0.03238900	0.03004770	0.00234130
950	0.03300500	0.03063870	0.00236635
951	0.03360750	0.03121640	0.00239101
952	0.03419330	0.03177830	0.00241505
953	0.03475010	0.03231200	0.00243807
954	0.03526710	0.03280750	0.00245963
955	0.03572820	0.03324870	0.00247946
956	0.03612120	0.03362400	0.00249719
957	0.03643680	0.03392430	0.00251251
958	0.03667510	0.03415000	0.00252506
959	0.03683540	0.03430090	0.00253455
960	0.03692200	0.03438110	0.00254085
961	0.03694040	0.03439650	0.00254391
962	0.03689370	0.03435010	0.00254359
963	0.03679090	0.03425100	0.00253996
964	0.03663270	0.03409960	0.00253310
965	0.03642050	0.03389710	0.00252338
966	0.03615220	0.03364070	0.00251158
967	0.03582590	0.03332820	0.00249767
968	0.03544420	0.03296270	0.00248151
969	0.03501730	0.03255430	0.00246298
970	0.03455300	0.03211100	0.00244203
971	0.03405710	0.03163830	0.00241875
972	0.03353240	0.03113880	0.00239361
973	0.03298710	0.03062000	0.00236705
974	0.03243490	0.03009540	0.00233945
975	0.03189060	0.02957900	0.00231161
976	0.03137500	0.02909070	0.00228431
977	0.03089660	0.02863880	0.00225784
978	0.03045990	0.02822730	0.00223267
979	0.03006960	0.02786010	0.00220950
980	0.02972400	0.02753590	0.00218812
981	0.02942080	0.02725150	0.00216935
982	0.02915320	0.02699900	0.00215418
983	0.02891990	0.02677660	0.00214326
984	0.02870440	0.02656790	0.00213652
985	0.02850620	0.02637250	0.00213373
986	0.02833080	0.02619630	0.00213448
987	0.02818180	0.02604350	0.00213832
988	0.02806250	0.02591770	0.00214482
989	0.02798790	0.02583470	0.00215319
990	0.02796160	0.02579840	0.00216319
991	0.02798520	0.02581030	0.00217494
992	0.02805620	0.02586850	0.00218763
993	0.02816920	0.02596900	0.00220022
994	0.02831430	0.02610150	0.00221276
995	0.02848830	0.02626270	0.00222557
996	0.02869100	0.02645300	0.00223804
997	0.02891740	0.02666730	0.00225012
998	0.02916120	0.02689980	0.00226137
999	0.02942100	0.02714930	0.00227168
1000	0.02969150	0.02741030	0.00228123
1001	0.02996920	0.02767900	0.00229025
1002	0.03024330	0.02794510	0.00229818
1003	0.03051220	0.02820760	0.00230464
1004	0.03077510	0.02846550	0.00230962
1005	0.03102110	0.02870810	0.00231302
1006	0.03125040	0.02893570	0.00231471
1007	0.03146680	0.02915220	0.00231458
1008	0.03167400	0.02936150	0.00231260
1009	0.03187080	0.02956200	0.00230877
1010	0.03205920	0.02975600	0.00230314
1011	0.03223740	0.02994190	0.00229548
1012	0.03240250	0.03011710	0.00228545
1013	0.03254900	0.03027580	0.00227318
1014	0.03267850	0.03041960	0.00225898
1015	0.03278880	0.03054550	0.00224334
1016	0.03287760	0.03065100	0.00222661
1017	0.03294320	0.03073420	0.00220895
1018	0.03298020	0.03078950	0.00219066
1019	0.03298240	0.03081030	0.00217218
1020	0.03295330	0.03079960	0.00215367
1021	0.03289320	0.03075770	0.00213547
1022	0.03280990	0.03069180	0.00211807
1023	0.03270080	0.03059880	0.00210205
1024	0.03256560	0.03047830	0.00208729
1025	0.03240940	0.03033550	0.00207390
1026	0.03224070	0.03017890	0.00206185
1027	0.03207160	0.03002020	0.00205141
1028	0.03191090	0.02986820	0.00204270
1029	0.03176700	0.02973120	0.00203576
1030	0.03165350	0.02962310	0.00203041
1031	0.03158180	0.02955530	0.00202647
1032	0.03156520	0.02954130	0.00202396
1033	0.03161340	0.02959000	0.00202336
1034	0.03172290	0.02969800	0.00202486
1035	0.03189890	0.02987040	0.00202857
1036	0.03213890	0.03010430	0.00203467
1037	0.03243960	0.03039630	0.00204328
1038	0.03280000	0.03074610	0.00205390
1039	0.03322380	0.03115720	0.00206660
1040	0.03371300	0.03163160	0.00208145
1041	0.03426380	0.03216550	0.00209835
1042	0.03486870	0.03275170	0.00211704
1043	0.03552120	0.03338370	0.00213743
1044	0.03621460	0.03405500	0.00215955
1045	0.03694320	0.03475980	0.00218347
1046	0.03770020	0.03549100	0.00220923
1047	0.03847860	0.03624180	0.00223674
1048	0.03927020	0.03700410	0.00226611
1049	0.04006380	0.03776660	0.00229717
1050	0.04085280	0.03852250	0.00233030
1051	0.04162670	0.03926070	0.00236599
1052	0.04237430	0.03997000	0.00240427
1053	0.04308710	0.04064250	0.00244465
1054	0.04375490	0.04126840	0.00248651
1055	0.04437120	0.04184310	0.00252808
1056	0.04492630	0.04235780	0.00256857
1057	0.04541390	0.04280700	0.00260689
1058	0.04583310	0.04319040	0.00264272
1059	0.04617820	0.04350250	0.00267571
1060	0.04644350	0.04373740	0.00270605
1061	0.04662960	0.04389620	0.00273336
1062	0.04673880	0.04398160	0.00275723
1063	0.04676920	0.04399200	0.00277725
1064	0.04672120	0.04392850	0.00279276
1065	0.04659980	0.04379680	0.00280297
1066	0.04641540	0.04360800	0.00280737
1067	0.04617650	0.04337060	0.00280585
1068	0.04588970	0.04309030	0.00279941
1069	0.04556180	0.04277380	0.00278799
1070	0.04519580	0.04242400	0.00277180
1071	0.04478270	0.04203120	0.00275153
1072	0.04431600	0.04158830	0.00272769
1073	0.04379110	0.04109060	0.00270051
1074	0.04320810	0.04053800	0.00267006
1075	0.04256460	0.03992810	0.00263644
1076	0.04186330	0.03926310	0.00260014
1077	0.04110920	0.03854750	0.00256163
1078	0.04031590	0.03779440	0.00252154
1079	0.03950100	0.03702050	0.00248048
1080	0.03867720	0.03623790	0.00243925
1081	0.03785690	0.03545860	0.00239835
1082	0.03704560	0.03468740	0.00235818
1083	0.03625570	0.03393650	0.00231918
1084	0.03550360	0.03322200	0.00228166
1085	0.03480170	0.03255560	0.00224608
1086	0.03416070	0.03194790	0.00221281
1087	0.03358630	0.03140430	0.00218203
1088	0.03308430	0.03093040	0.00215391
1089	0.03265560	0.03052690	0.00212874
1090	0.03229180	0.03018520	0.00210661
1091	0.03198430	0.02989690	0.00208742
1092	0.03172320	0.02965210	0.00207102
1093	0.03150240	0.02944480	0.00205760
1094	0.03132220	0.02927510	0.00204707
1095	0.03118040	0.02914090	0.00203953
1096	0.03106270	0.02902770	0.00203509
1097	0.03096110	0.02892780	0.00203334
1098	0.03087250	0.02883840	0.00203409
1099	0.03079610	0.02875900	0.00203711
1100	0.03072560	0.02868350	0.00204216
1101	0.03065370	0.02860470	0.00204895
1102	0.03057120	0.02851350	0.00205772
1103	0.03047490	0.02840680	0.00206804
1104	0.03037040	0.02829050	0.00207988
1105	0.03026180	0.02816870	0.00209309
1106	0.03016060	0.02805250	0.00210804
1107	0.03007130	0.02794560	0.00212570
1108	0.03000250	0.02785630	0.00214622
1109	0.02995640	0.02778780	0.00216861
1110	0.02993860	0.02774520	0.00219332
1111	0.02995160	0.02773230	0.00221938
1112	0.02999100	0.02774480	0.00224616
1113	0.03005080	0.02777690	0.00227382
1114	0.03012780	0.02782590	0.00230186
1115	0.03021390	0.02788350	0.00233040
1116	0.03030680	0.02794750	0.00235933
1117	0.03040890	0.02801960	0.00238928
1118	0.03052000	0.02809960	0.00242039
1119	0.03063820	0.02818570	0.00245245
1120	0.03076200	0.02827670	0.00248533
1121	0.03089180	0.02837350	0.00251827
1122	0.03103800	0.02848780	0.00255025
1123	0.03120430	0.02862350	0.00258077
1124	0.03139380	0.02878450	0.00260925
1125	0.03159760	0.02896240	0.00263524
1126	0.03181410	0.02915550	0.00265857
1127	0.03204090	0.02936140	0.00267950
1128	0.03226480	0.02956680	0.00269804
1129	0.03247750	0.02976340	0.00271405
1130	0.03266480	0.02993750	0.00272735
1131	0.03282470	0.03008730	0.00273736
1132	0.03294700	0.03020310	0.00274392
1133	0.03302960	0.03028260	0.00274702
1134	0.03307010	0.03032330	0.00274679
1135	0.03307000	0.03032670	0.00274333
1136	0.03302200	0.03028530	0.00273676
1137	0.03293810	0.03021100	0.00272709
1138	0.03282650	0.03011190	0.00271455
1139	0.03270230	0.03000300	0.00269933
1140	0.03257400	0.02989240	0.00268162
1141	0.03244600	0.02978420	0.00266177
1142	0.03231430	0.02967420	0.00264013
1143	0.03218230	0.02956520	0.00261712
1144	0.03204780	0.02945470	0.00259310
1145	0.03191770	0.02934960	0.00256805
1146	0.03179930	0.02925720	0.00254206
1147	0.03169460	0.02917930	0.00251523
1148	0.03160710	0.02911930	0.00248783
1149	0.03153530	0.02907520	0.00246013
1150	0.03148030	0.02904790	0.00243237
1151	0.03144150	0.02903670	0.00240473
1152	0.03141700	0.02903970	0.00237732
1153	0.03140640	0.02905570	0.00235071
1154	0.03140830	0.02908320	0.00232507
1155	0.03141840	0.02911800	0.00230040
1156	0.03143390	0.02915670	0.00227719
1157	0.03144950	0.02919390	0.00225560
1158	0.03146590	0.02923030	0.00223562
1159	0.03147950	0.02926230	0.00221719
1160	0.03149200	0.02929130	0.00220070
1161	0.03150180	0.02931610	0.00218574
1162	0.03151270	0.02934070	0.00217202
1163	0.03153650	0.02937690	0.00215957
1164	0.03158130	0.02943280	0.00214856
1165	0.03164890	0.02951010	0.00213877
1166	0.03174070	0.02961070	0.00213002
1167	0.03185090	0.02972860	0.00212227
1168	0.03197080	0.02985470	0.00211603
1169	0.03209540	0.02998410	0.00211132
1170	0.03222430	0.03011660	0.00210770
1171	0.03235430	0.03024910	0.00210519
1172	0.03248940	0.03038540	0.00210401
1173	0.03262970	0.03052580	0.00210389
1174	0.03277870	0.03067420	0.00210455
1175	0.03293810	0.03083220	0.00210591
1176	0.03310120	0.03099320	0.00210795
1177	0.03326160	0.03115140	0.00211012
1178	0.03340580	0.03129350	0.00211227
1179	0.03353260	0.03141780	0.00211477
1180	0.03363960	0.03152220	0.00211741
1181	0.03372720	0.03160630	0.00212090
1182	0.03379180	0.03166580	0.00212600
1183	0.03383630	0.03170350	0.00213277
1184	0.03386030	0.03171880	0.00214154
1185	0.03386820	0.03171590	0.00215236
1186	0.03386010	0.03169510	0.00216501
1187	0.03385360	0.03167400	0.00217958
1188	0.03385000	0.03165410	0.00219586
1189	0.03384940	0.03163580	0.00221365
1190	0.03384970	0.03161660	0.00223308
1191	0.03385190	0.03159820	0.00225372
1192	0.03385900	0.03158440	0.00227463
1193	0.03388210	0.03158710	0.00229497
1194	0.03393800	0.03162370	0.00231428
1195	0.03404210	0.03170960	0.00233247
1196	0.03420340	0.03185380	0.00234961
1197	0.03442310	0.03205730	0.00236576
1198	0.03469900	0.03231830	0.00238068
1199	0.03502580	0.03263140	0.00239443
1200	0.03539380	0.03298700	0.00240679
1201	0.03578560	0.03336770	0.00241796
1202	0.03618200	0.03375420	0.00242784
1203	0.03657120	0.03413430	0.00243682
1204	0.03694680	0.03450210	0.00244471
1205	0.03730300	0.03485150	0.00245157
1206	0.03763230	0.03517480	0.00245749
1207	0.03794260	0.03547980	0.00246284
1208	0.03823500	0.03576680	0.00246819
1209	0.03850540	0.03603180	0.00247366
1210	0.03875510	0.03627560	0.00247950
1211	0.03898660	0.03650100	0.00248555
1212	0.03920440	0.03671290	0.00249151
1213	0.03940590	0.03690870	0.00249718
1214	0.03958760	0.03708560	0.00250199
1215	0.03975790	0.03725240	0.00250546
1216	0.03991140	0.03740390	0.00250749
1217	0.04005090	0.03754300	0.00250795
1218	0.04017280	0.03766560	0.00250717
1219	0.04027970	0.03777440	0.00250528
1220	0.04037490	0.03787240	0.00250245
1221	0.04045940	0.03796080	0.00249869
1222	0.04053510	0.03804100	0.00249410
1223	0.04060590	0.03811770	0.00248829
1224	0.04068050	0.03819930	0.00248121
1225	0.04076190	0.03828900	0.00247287
1226	0.04084660	0.03838310	0.00246352
1227	0.04093230	0.03847870	0.00245366
1228	0.04100240	0.03855860	0.00244380
1229	0.04104090	0.03860670	0.00243419
1230	0.04104470	0.03862010	0.00242461
1231	0.04100840	0.03859320	0.00241527
1232	0.04092330	0.03851670	0.00240658
1233	0.04077810	0.03837990	0.00239824
1234	0.04056180	0.03817150	0.00239023
1235	0.04027440	0.03789150	0.00238297
1236	0.03993570	0.03755960	0.00237601
1237	0.03956740	0.03719860	0.00236874
1238	0.03919880	0.03683740	0.00236138
1239	0.03884400	0.03649080	0.00235317
1240	0.03851060	0.03616640	0.00234411
1241	0.03819520	0.03586170	0.00233354
1242	0.03789830	0.03557690	0.00232147
1243	0.03761290	0.03530470	0.00230822
1244	0.03733390	0.03503960	0.00229424
1245	0.03705370	0.03477360	0.00228005
1246	0.03676870	0.03450280	0.00226588
1247	0.03647530	0.03422330	0.00225206
1248	0.03617500	0.03393650	0.00223853
1249	0.03587130	0.03364620	0.00222508
1250	0.03556890	0.03335690	0.00221199
1251	0.03527180	0.03307230	0.00219950
1252	0.03498590	0.03279810	0.00218782
1253	0.03471000	0.03253290	0.00217713
1254	0.03443770	0.03227010	0.00216756
1255	0.03416740	0.03200780	0.00215965
1256	0.03390340	0.03175080	0.00215262
1257	0.03365430	0.03150850	0.00214582
1258	0.03342760	0.03128820	0.00213945
1259	0.03322450	0.03109090	0.00213355
1260	0.03305600	0.03092750	0.00212845
1261	0.03292910	0.03080470	0.00212441
1262	0.03284610	0.03072510	0.00212101
1263	0.03279590	0.03067750	0.00211841
1264	0.03277200	0.03065480	0.00211720
1265	0.03277150	0.03065340	0.00211809
1266	0.03279520	0.03067460	0.00212054
1267	0.03284230	0.03071850	0.00212381
1268	0.03290880	0.03078080	0.00212804
1269	0.03299260	0.03085900	0.00213362
1270	0.03309880	0.03095850	0.00214030
1271	0.03322810	0.03108050	0.00214759
1272	0.03338160	0.03122620	0.00215546
1273	0.03355320	0.03138970	0.00216351
1274	0.03373860	0.03156690	0.00217171
1275	0.03393710	0.03175690	0.00218025
1276	0.03414700	0.03195800	0.00218908
1277	0.03436560	0.03216710	0.00219845
1278	0.03458960	0.03238090	0.00220871
1279	0.03481370	0.03259400	0.00221966
1280	0.03503790	0.03280700	0.00223096
1281	0.03525970	0.03301660	0.00224314
1282	0.03547710	0.03322100	0.00225607
1283	0.03568570	0.03341530	0.00227036
1284	0.03587720	0.03359070	0.00228649
1285	0.03604200	0.03373790	0.00230410
1286	0.03618180	0.03385900	0.00232278
1287	0.03629630	0.03395450	0.00234180
1288	0.03638900	0.03402830	0.00236070
1289	0.03646150	0.03408180	0.00237971
1290	0.03651370	0.03411450	0.00239924
1291	0.03654760	0.03412850	0.00241907
1292	0.03657340	0.03413420	0.00243912
1293	0.03658970	0.03413070	0.00245897
1294	0.03658710	0.03410910	0.00247799
1295	0.03655550	0.03406030	0.00249521
1296	0.03648000	0.03396990	0.00251014
1297	0.03635560	0.03383250	0.00252310
1298	0.03618040	0.03364590	0.00253446
1299	0.03595640	0.03341150	0.00254487
1300	0.03569310	0.03313910	0.00255400
1301	0.03540070	0.03283940	0.00256133
1302	0.03509450	0.03252820	0.00256624
1303	0.03479720	0.03222830	0.00256891
1304	0.03452600	0.03195630	0.00256968
1305	0.03429520	0.03172670	0.00256849
1306	0.03411110	0.03154560	0.00256558
1307	0.03398200	0.03142030	0.00256167
1308	0.03390770	0.03135090	0.00255680
1309	0.03388330	0.03133260	0.00255073
1310	0.03390030	0.03135680	0.00254350
1311	0.03395150	0.03141550	0.00253596
1312	0.03402490	0.03149680	0.00252805
1313	0.03410620	0.03158640	0.00251976
1314	0.03419030	0.03167940	0.00251096
1315	0.03427910	0.03177760	0.00250149
1316	0.03437580	0.03188430	0.00249141
1317	0.03448300	0.03200130	0.00248171
1318	0.03459390	0.03212100	0.00247294
1319	0.03470240	0.03223780	0.00246464
1320	0.03480360	0.03234740	0.00245620
1321	0.03489620	0.03244860	0.00244761
1322	0.03497490	0.03253630	0.00243858
1323	0.03503980	0.03261060	0.00242924
1324	0.03508820	0.03266820	0.00241997
1325	0.03512400	0.03271350	0.00241056
1326	0.03514320	0.03274280	0.00240041
1327	0.03514800	0.03275810	0.00238985
1328	0.03513300	0.03275350	0.00237950
1329	0.03509610	0.03272620	0.00236996
1330	0.03503490	0.03267430	0.00236066
1331	0.03495120	0.03259970	0.00235141
1332	0.03484320	0.03250070	0.00234248
1333	0.03471240	0.03237860	0.00233376
1334	0.03456470	0.03223950	0.00232517
1335	0.03440410	0.03208730	0.00231681
1336	0.03423600	0.03192710	0.00230891
1337	0.03406160	0.03176000	0.00230158
1338	0.03388570	0.03159120	0.00229453
1339	0.03371500	0.03142710	0.00228795
1340	0.03355100	0.03126890	0.00228209
1341	0.03339440	0.03111770	0.00227674
1342	0.03324350	0.03097170	0.00227178
1343	0.03309680	0.03082960	0.00226721
1344	0.03295470	0.03069150	0.00226327
1345	0.03281800	0.03055790	0.00226018
1346	0.03268530	0.03042740	0.00225783
1347	0.03255730	0.03030110	0.00225620
1348	0.03243460	0.03017930	0.00225528
1349	0.03231870	0.03006370	0.00225501
1350	0.03220840	0.02995300	0.00225542
1351	0.03210560	0.02984930	0.00225634
1352	0.03201020	0.02975250	0.00225773
1353	0.03192300	0.02966340	0.00225960
1354	0.03184640	0.02958430	0.00226202
1355	0.03178080	0.02951580	0.00226495
1356	0.03172350	0.02945530	0.00226820
1357	0.03167500	0.02940340	0.00227161
1358	0.03163530	0.02936020	0.00227508
1359	0.03160150	0.02932290	0.00227856
1360	0.03157240	0.02929020	0.00228222
1361	0.03154650	0.02926050	0.00228600
1362	0.03152240	0.02923260	0.00228978
1363	0.03149980	0.02920640	0.00229345
1364	0.03148000	0.02918300	0.00229697
1365	0.03146090	0.02916060	0.00230030
1366	0.03144170	0.02913840	0.00230329
1367	0.03142240	0.02911650	0.00230593
1368	0.03140460	0.02909650	0.00230815
1369	0.03138880	0.02907890	0.00230997
1370	0.03137560	0.02906420	0.00231140
1371	0.03136480	0.02905240	0.00231240
1372	0.03135990	0.02904680	0.00231306
1373	0.03136350	0.02905020	0.00231333
1374	0.03138030	0.02906710	0.00231322
1375	0.03141450	0.02910180	0.00231276
1376	0.03146780	0.02915570	0.00231210
1377	0.03153970	0.02922850	0.00231124
1378	0.03163010	0.02931990	0.00231019
1379	0.03173890	0.02942970	0.00230914
1380	0.03186300	0.02955460	0.00230839
1381	0.03200500	0.02969730	0.00230770
1382	0.03216550	0.02985850	0.00230703
1383	0.03234360	0.03003730	0.00230632
1384	0.03253660	0.03023120	0.00230536
1385	0.03273920	0.03043500	0.00230418
1386	0.03295240	0.03064980	0.00230255
1387	0.03317910	0.03087850	0.00230051
1388	0.03342050	0.03112220	0.00229839
1389	0.03367580	0.03137970	0.00229606
1390	0.03394100	0.03164800	0.00229298
1391	0.03421510	0.03192650	0.00228862
1392	0.03449540	0.03221260	0.00228279
1393	0.03478190	0.03250550	0.00227635
1394	0.03507070	0.03280080	0.00226995
1395	0.03536280	0.03309900	0.00226381
1396	0.03565810	0.03340060	0.00225752
1397	0.03595590	0.03370510	0.00225075
1398	0.03625310	0.03400930	0.00224381
1399	0.03654640	0.03430950	0.00223685
1400	0.03683070	0.03460070	0.00222995
1401	0.03709840	0.03487520	0.00222322
1402	0.03734190	0.03512520	0.00221665
1403	0.03755700	0.03534660	0.00221035
1404	0.03774030	0.03553570	0.00220461
1405	0.03789170	0.03569170	0.00219998
1406	0.03800520	0.03580820	0.00219699
1407	0.03808300	0.03588680	0.00219629
1408	0.03812580	0.03592760	0.00219825
1409	0.03813830	0.03593580	0.00220257
1410	0.03812360	0.03591480	0.00220887
1411	0.03808450	0.03586830	0.00221627
1412	0.03802680	0.03580280	0.00222400
1413	0.03795280	0.03572090	0.00223183
1414	0.03785800	0.03561860	0.00223939
1415	0.03773940	0.03549220	0.00224714
1416	0.03760190	0.03534700	0.00225491
1417	0.03745090	0.03518900	0.00226192
1418	0.03728870	0.03502060	0.00226816
1419	0.03712020	0.03484630	0.00227396
1420	0.03694560	0.03466590	0.00227965
1421	0.03677410	0.03448880	0.00228528
1422	0.03660880	0.03431750	0.00229128
1423	0.03645100	0.03415360	0.00229741
1424	0.03629880	0.03399580	0.00230302
1425	0.03615520	0.03384740	0.00230788
1426	0.03602190	0.03371000	0.00231196
1427	0.03590330	0.03358820	0.00231510
1428	0.03579560	0.03347850	0.00231712
1429	0.03569820	0.03338020	0.00231806
1430	0.03560500	0.03328720	0.00231783
1431	0.03552070	0.03320430	0.00231649
1432	0.03543750	0.03312310	0.00231433
1433	0.03535600	0.03304460	0.00231140
1434	0.03527490	0.03296700	0.00230791
1435	0.03519350	0.03288970	0.00230378
1436	0.03510910	0.03281000	0.00229915
1437	0.03502600	0.03273180	0.00229423
1438	0.03494420	0.03265540	0.00228879
1439	0.03487190	0.03258940	0.00228251
1440	0.03481330	0.03253810	0.00227528
1441	0.03477530	0.03250780	0.00226746
1442	0.03476060	0.03250120	0.00225941
1443	0.03477170	0.03252010	0.00225162
1444	0.03480400	0.03255990	0.00224407
1445	0.03485910	0.03262210	0.00223697
1446	0.03493470	0.03270410	0.00223064
1447	0.03503010	0.03280510	0.00222506
1448	0.03514460	0.03292470	0.00221983
1449	0.03527510	0.03306050	0.00221461
1450	0.03542350	0.03321410	0.00220942
1451	0.03559310	0.03338840	0.00220461
1452	0.03577970	0.03357950	0.00220023
1453	0.03597770	0.03378150	0.00219613
1454	0.03617300	0.03398110	0.00219191
1455	0.03635450	0.03416720	0.00218730
1456	0.03650930	0.03432700	0.00218233
1457	0.03663100	0.03445340	0.00217759
1458	0.03671430	0.03454080	0.00217348
1459	0.03675960	0.03458930	0.00217028
1460	0.03676770	0.03459980	0.00216787
1461	0.03674090	0.03457460	0.00216625
1462	0.03668130	0.03451590	0.00216540
1463	0.03659000	0.03442480	0.00216518
1464	0.03646550	0.03429990	0.00216563
1465	0.03630920	0.03414240	0.00216673
1466	0.03612200	0.03395390	0.00216810
1467	0.03590290	0.03373330	0.00216967
1468	0.03565040	0.03347890	0.00217156
1469	0.03536670	0.03319250	0.00217415
1470	0.03505520	0.03287750	0.00217766
1471	0.03472170	0.03253980	0.00218199
1472	0.03437470	0.03218750	0.00218715
1473	0.03402230	0.03182950	0.00219278
1474	0.03367210	0.03147330	0.00219880
1475	0.03332800	0.03112280	0.00220518
1476	0.03299380	0.03078170	0.00221212
1477	0.03267380	0.03045420	0.00221962
1478	0.03237480	0.03014730	0.00222756
1479	0.03210160	0.02986590	0.00223570
1480	0.03185630	0.02961230	0.00224393
1481	0.03164080	0.02938880	0.00225198
1482	0.03145860	0.02919880	0.00225987
1483	0.03131600	0.02904860	0.00226739
1484	0.03121780	0.02894330	0.00227450
1485	0.03117080	0.02888970	0.00228105
1486	0.03117330	0.02888620	0.00228711
1487	0.03122730	0.02893440	0.00229291
1488	0.03132620	0.02902750	0.00229863
1489	0.03146170	0.02915740	0.00230430
1490	0.03162560	0.02931590	0.00230967
1491	0.03180880	0.02949430	0.00231450
1492	0.03200740	0.02968890	0.00231854
1493	0.03221720	0.02989530	0.00232191
1494	0.03243620	0.03011140	0.00232473
1495	0.03266070	0.03033350	0.00232716
1496	0.03288940	0.03055930	0.00233010
1497	0.03311890	0.03078630	0.00233261
1498	0.03334590	0.03101130	0.00233464
1499	0.03356670	0.03123080	0.00233590
1500	0.03377780	0.03144180	0.00233598
1501	0.03397710	0.03164190	0.00233520
1502	0.03415970	0.03182620	0.00233347
1503	0.03432270	0.03199190	0.00233074
1504	0.03446370	0.03213630	0.00232744
1505	0.03458410	0.03226050	0.00232364
1506	0.03468140	0.03236180	0.00231955
1507	0.03475450	0.03243890	0.00231559
1508	0.03480290	0.03249110	0.00231178
1509	0.03482790	0.03251980	0.00230810
1510	0.03483040	0.03252540	0.00230497
1511	0.03481140	0.03250920	0.00230216
1512	0.03477210	0.03247260	0.00229951
1513	0.03471320	0.03241610	0.00229708
1514	0.03463660	0.03234200	0.00229458
1515	0.03454510	0.03225330	0.00229183
1516	0.03444170	0.03215280	0.00228891
1517	0.03432840	0.03204260	0.00228579
1518	0.03420500	0.03192250	0.00228248
1519	0.03407230	0.03179330	0.00227905
1520	0.03392970	0.03165400	0.00227562
1521	0.03377690	0.03150460	0.00227231
1522	0.03361700	0.03134780	0.00226914
1523	0.03345400	0.03118780	0.00226615
1524	0.03329330	0.03103000	0.00226335
1525	0.03313850	0.03087780	0.00226077
1526	0.03299360	0.03073520	0.00225840
1527	0.03286210	0.03060590	0.00225620
1528	0.03274610	0.03049190	0.00225418
1529	0.03264620	0.03039390	0.00225236
1530	0.03256300	0.03031220	0.00225073
1531	0.03249560	0.03024630	0.00224931
1532	0.03244470	0.03019660	0.00224810
1533	0.03240730	0.03016030	0.00224707
1534	0.03238240	0.03013620	0.00224619
1535	0.03236810	0.03012270	0.00224543
1536	0.03236040	0.03011570	0.00224471
1537	0.03235560	0.03011170	0.00224394
1538	0.03235330	0.03011020	0.00224307
1539	0.03235150	0.03010940	0.00224207
1540	0.03234930	0.03010850	0.00224085
1541	0.03234530	0.03010590	0.00223941
1542	0.03233790	0.03010040	0.00223751
1543	0.03232750	0.03009260	0.00223493
1544	0.03231280	0.03008100	0.00223176
1545	0.03229550	0.03006740	0.00222819
1546	0.03227810	0.03005380	0.00222431
1547	0.03226130	0.03004130	0.00221996
1548	0.03224490	0.03002930	0.00221558
1549	0.03222950	0.03001810	0.00221146
1550	0.03221630	0.03000880	0.00220749
1551	0.03220500	0.03000140	0.00220358
1552	0.03219410	0.02999440	0.00219973
1553	0.03218460	0.02998860	0.00219604
1554	0.03217550	0.02998270	0.00219283
1555	0.03216740	0.02997730	0.00219012
1556	0.03215830	0.02997010	0.00218816
1557	0.03215000	0.02996310	0.00218683
1558	0.03214160	0.02995560	0.00218599
1559	0.03213440	0.02994890	0.00218553
1560	0.03212600	0.02994060	0.00218544
1561	0.03211160	0.02992590	0.00218570
1562	0.03208590	0.02989930	0.00218653
1563	0.03204490	0.02985690	0.00218796
1564	0.03198770	0.02979780	0.00218991
1565	0.03191400	0.02972180	0.00219218
1566	0.03182410	0.02962950	0.00219465
1567	0.03172050	0.02952330	0.00219718
1568	0.03160770	0.02940800	0.00219965
1569	0.03148870	0.02928670	0.00220198
1570	0.03136770	0.02916350	0.00220427
1571	0.03124810	0.02904180	0.00220635
1572	0.03113280	0.02892480	0.00220798
1573	0.03102810	0.02881920	0.00220894
1574	0.03093730	0.02872810	0.00220917
1575	0.03086230	0.02865360	0.00220871
1576	0.03080440	0.02859680	0.00220760
1577	0.03076360	0.02855780	0.00220583
1578	0.03074200	0.02853870	0.00220334
1579	0.03073900	0.02853880	0.00220022
1580	0.03075430	0.02855790	0.00219646
1581	0.03078660	0.02859450	0.00219202
1582	0.03083510	0.02864820	0.00218689
1583	0.03089950	0.02871840	0.00218106
1584	0.03097780	0.02880320	0.00217465
1585	0.03106870	0.02890100	0.00216766
1586	0.03116750	0.02900710	0.00216037
1587	0.03127260	0.02911960	0.00215301
1588	0.03138300	0.02923740	0.00214562
1589	0.03150040	0.02936220	0.00213821
1590	0.03162620	0.02949540	0.00213083
1591	0.03176100	0.02963770	0.00212336
1592	0.03190520	0.02978950	0.00211578
1593	0.03205970	0.02995170	0.00210807
1594	0.03222530	0.03012510	0.00210020
1595	0.03240160	0.03030950	0.00209215
1596	0.03258820	0.03050440	0.00208383
1597	0.03278490	0.03070970	0.00207515
1598	0.03299350	0.03092780	0.00206569
1599	0.03321610	0.03116020	0.00205584
1600	0.03345410	0.03140790	0.00204621
1601	0.03370620	0.03166870	0.00203746
1602	0.03397000	0.03194030	0.00202963
1603	0.03424450	0.03222220	0.00202228
1604	0.03452140	0.03250610	0.00201534
1605	0.03480190	0.03279340	0.00200852
1606	0.03507890	0.03307700	0.00200194
1607	0.03534830	0.03335260	0.00199569
1608	0.03560400	0.03361360	0.00199033
1609	0.03583700	0.03385100	0.00198605
1610	0.03603640	0.03405330	0.00198303
1611	0.03619580	0.03421450	0.00198133
1612	0.03631260	0.03433160	0.00198103
1613	0.03638990	0.03440720	0.00198268
1614	0.03643040	0.03444380	0.00198664
1615	0.03643310	0.03444000	0.00199307
1616	0.03640430	0.03440240	0.00200191
1617	0.03635230	0.03433960	0.00201271
1618	0.03628290	0.03425950	0.00202343
1619	0.03620170	0.03416830	0.00203344
1620	0.03611220	0.03406910	0.00204318
1621	0.03600840	0.03395550	0.00205286
1622	0.03589350	0.03383070	0.00206272
1623	0.03576720	0.03369480	0.00207246
1624	0.03563350	0.03355140	0.00208213
1625	0.03549680	0.03340490	0.00209189
1626	0.03536450	0.03326290	0.00210163
1627	0.03524200	0.03313060	0.00211134
1628	0.03512720	0.03300630	0.00212088
1629	0.03502010	0.03289030	0.00212978
1630	0.03492000	0.03278230	0.00213769
1631	0.03482450	0.03267990	0.00214456
1632	0.03473640	0.03258590	0.00215050
1633	0.03465530	0.03249970	0.00215561
1634	0.03458470	0.03242470	0.00216007
1635	0.03452590	0.03236190	0.00216396
1636	0.03447820	0.03231040	0.00216781
1637	0.03444240	0.03227080	0.00217163
1638	0.03441580	0.03224020	0.00217551
1639	0.03439180	0.03221270	0.00217918
1640	0.03436420	0.03218160	0.00218258
1641	0.03432920	0.03214350	0.00218575
1642	0.03428350	0.03209430	0.00218913
1643	0.03422510	0.03203250	0.00219259
1644	0.03415280	0.03195650	0.00219623
1645	0.03406570	0.03186580	0.00219990
1646	0.03396470	0.03176110	0.00220355
1647	0.03385250	0.03164540	0.00220710
1648	0.03372830	0.03151770	0.00221060
1649	0.03359200	0.03137790	0.00221410
1650	0.03344040	0.03122320	0.00221718
1651	0.03327300	0.03105290	0.00222006
1652	0.03308830	0.03086570	0.00222262
1653	0.03288650	0.03066180	0.00222473
1654	0.03266890	0.03044230	0.00222668
1655	0.03243850	0.03020990	0.00222861
1656	0.03219740	0.02996700	0.00223044
1657	0.03195040	0.02971830	0.00223210
1658	0.03170290	0.02946940	0.00223355
1659	0.03145770	0.02922290	0.00223483
1660	0.03121620	0.02898040	0.00223577
1661	0.03098010	0.02874380	0.00223629
1662	0.03075170	0.02851520	0.00223646
1663	0.03053220	0.02829580	0.00223642
1664	0.03032730	0.02809100	0.00223625
1665	0.03013950	0.02790360	0.00223594
1666	0.02997230	0.02773680	0.00223549
1667	0.02982970	0.02759480	0.00223489
1668	0.02971730	0.02748330	0.00223406
1669	0.02963950	0.02740650	0.00223298
1670	0.02959570	0.02736410	0.00223157
1671	0.02958590	0.02735590	0.00222991
1672	0.02960840	0.02738010	0.00222832
1673	0.02966640	0.02743930	0.00222713
1674	0.02975390	0.02752760	0.00222628
1675	0.02986520	0.02763960	0.00222562
1676	0.02999350	0.02776850	0.00222506
1677	0.03013460	0.02791040	0.00222425
1678	0.03028030	0.02805730	0.00222309
1679	0.03042320	0.02820120	0.00222205
1680	0.03055650	0.02833540	0.00222112
1681	0.03068030	0.02845970	0.00222052
1682	0.03079250	0.02857240	0.00222008
1683	0.03089380	0.02867420	0.00221953
1684	0.03098390	0.02876520	0.00221873
1685	0.03106130	0.02884360	0.00221774
1686	0.03112300	0.02890630	0.00221670
1687	0.03116620	0.02895040	0.00221585
1688	0.03119210	0.02897710	0.00221503
1689	0.03120510	0.02899080	0.00221433
1690	0.03121120	0.02899760	0.00221363
1691	0.03121550	0.02900260	0.00221297
1692	0.03121980	0.02900740	0.00221241
1693	0.03122100	0.02900930	0.00221172
1694	0.03121970	0.02900890	0.00221075
1695	0.03121770	0.02900800	0.00220961
1696	0.03121670	0.02900840	0.00220827
1697	0.03122250	0.02901570	0.00220676
1698	0.03123570	0.02903060	0.00220507
1699	0.03125470	0.02905140	0.00220327
1700	0.03127700	0.02907550	0.00220151
1701	0.03129690	0.02909690	0.00220001
1702	0.03131020	0.02911160	0.00219870
1703	0.03131180	0.02911420	0.00219758
1704	0.03129990	0.02910320	0.00219662
1705	0.03127450	0.02907880	0.00219570
1706	0.03123880	0.02904400	0.00219471
1707	0.03119720	0.02900370	0.00219345
1708	0.03115420	0.02896250	0.00219162
1709	0.03111530	0.02892640	0.00218890
1710	0.03108430	0.02889910	0.00218523
1711	0.03106600	0.02888520	0.00218085
1712	0.03106290	0.02888670	0.00217615
1713	0.03107830	0.02890680	0.00217146
1714	0.03111300	0.02894640	0.00216665
1715	0.03116870	0.02900710	0.00216163
1716	0.03124140	0.02908460	0.00215676
1717	0.03132500	0.02917360	0.00215147
1718	0.03141330	0.02926780	0.00214550
1719	0.03150250	0.02936380	0.00213865
1720	0.03158990	0.02945900	0.00213089
1721	0.03167860	0.02955630	0.00212231
1722	0.03176870	0.02965550	0.00211320
1723	0.03185970	0.02975580	0.00210385
1724	0.03195020	0.02985610	0.00209409
1725	0.03204060	0.02995590	0.00208475
1726	0.03213130	0.03005540	0.00207596
1727	0.03222180	0.03015420	0.00206761
1728	0.03231170	0.03025220	0.00205959
1729	0.03240310	0.03035130	0.00205177
1730	0.03249880	0.03045470	0.00204410
1731	0.03259560	0.03055890	0.00203667
1732	0.03269600	0.03066630	0.00202963
1733	0.03280150	0.03077850	0.00202301
1734	0.03290980	0.03089290	0.00201687
1735	0.03302110	0.03100960	0.00201144
1736	0.03313210	0.03112500	0.00200705
1737	0.03323570	0.03123200	0.00200376
1738	0.03332230	0.03132080	0.00200154
1739	0.03338470	0.03138420	0.00200048
1740	0.03341950	0.03141850	0.00200098
1741	0.03342550	0.03142230	0.00200321
1742	0.03340600	0.03139880	0.00200719
1743	0.03336650	0.03135360	0.00201291
1744	0.03330980	0.03128970	0.00202010
1745	0.03323760	0.03120970	0.00202789
1746	0.03315560	0.03112020	0.00203539
1747	0.03306750	0.03102450	0.00204291
1748	0.03297000	0.03091920	0.00205071
1749	0.03286160	0.03080310	0.00205855
1750	0.03274580	0.03067950	0.00206632
1751	0.03262320	0.03054900	0.00207420
1752	0.03249740	0.03041520	0.00208224
1753	0.03236970	0.03027930	0.00209039
1754	0.03224490	0.03014620	0.00209868
1755	0.03212480	0.03001770	0.00210720
1756	0.03200900	0.02989300	0.00211603
1757	0.03189650	0.02977160	0.00212496
1758	0.03178720	0.02965350	0.00213372
1759	0.03168640	0.02954440	0.00214204
1760	0.03159280	0.02944300	0.00214981
1761	0.03150850	0.02935140	0.00215707
1762	0.03143510	0.02927170	0.00216343
1763	0.03137510	0.02920630	0.00216879
1764	0.03133030	0.02915700	0.00217327
1765	0.03130350	0.02912670	0.00217683
1766	0.03129480	0.02911510	0.00217969
1767	0.03130180	0.02911970	0.00218208
1768	0.03131820	0.02913420	0.00218404
1769	0.03133610	0.02915040	0.00218568
1770	0.03134720	0.02915980	0.00218736
1771	0.03135050	0.02916130	0.00218926
1772	0.03134080	0.02914940	0.00219143
1773	0.03131960	0.02912600	0.00219366
1774	0.03128820	0.02909250	0.00219571
1775	0.03124860	0.02905100	0.00219761
1776	0.03120000	0.02900050	0.00219943
1777	0.03114050	0.02893950	0.00220101
1778	0.03107080	0.02886850	0.00220231
1779	0.03099320	0.02879010	0.00220315
1780	0.03090690	0.02870300	0.00220395
1781	0.03081270	0.02860810	0.00220464
1782	0.03070920	0.02850450	0.00220473
1783	0.03059970	0.02839550	0.00220423
1784	0.03048480	0.02828160	0.00220326
1785	0.03036780	0.02816590	0.00220190
1786	0.03025070	0.02805050	0.00220014
1787	0.03013530	0.02793720	0.00219814
1788	0.03002540	0.02782940	0.00219595
1789	0.02992410	0.02773050	0.00219357
1790	0.02983440	0.02764330	0.00219110
1791	0.02975630	0.02756770	0.00218860
1792	0.02968710	0.02750090	0.00218611
1793	0.02962840	0.02744480	0.00218362
1794	0.02958150	0.02740030	0.00218119
1795	0.02954910	0.02737020	0.00217887
1796	0.02953220	0.02735560	0.00217661
1797	0.02953190	0.02735740	0.00217448
1798	0.02954990	0.02737740	0.00217252
1799	0.02958780	0.02741690	0.00217085
1800	0.02964300	0.02747370	0.00216928
1801	0.02971690	0.02754920	0.00216779
1802	0.02980840	0.02764210	0.00216635
1803	0.02991630	0.02775100	0.00216524
1804	0.03003870	0.02787440	0.00216430
1805	0.03017500	0.02801160	0.00216338
1806	0.03032210	0.02815970	0.00216239
1807	0.03047660	0.02831500	0.00216164
1808	0.03063440	0.02847350	0.00216095
1809	0.03079300	0.02863280	0.00216023
1810	0.03094810	0.02878870	0.00215940
1811	0.03109570	0.02893720	0.00215844
1812	0.03123180	0.02907450	0.00215732
1813	0.03135320	0.02919720	0.00215602
1814	0.03145900	0.02930440	0.00215458
1815	0.03154840	0.02939530	0.00215302
1816	0.03161910	0.02946770	0.00215138
1817	0.03167080	0.02952120	0.00214961
1818	0.03170400	0.02955630	0.00214766
1819	0.03172120	0.02957570	0.00214546
1820	0.03172330	0.02958020	0.00214309
1821	0.03171270	0.02957210	0.00214061
1822	0.03168810	0.02955010	0.00213801
1823	0.03165120	0.02951600	0.00213521
1824	0.03160390	0.02947170	0.00213220
1825	0.03155050	0.02942150	0.00212904
1826	0.03149190	0.02936610	0.00212573
1827	0.03142670	0.02930450	0.00212226
1828	0.03135580	0.02923720	0.00211861
1829	0.03128100	0.02916620	0.00211480
1830	0.03120590	0.02909490	0.00211103
1831	0.03113270	0.02902500	0.00210768
1832	0.03106430	0.02895930	0.00210493
1833	0.03100330	0.02890060	0.00210265
1834	0.03095050	0.02884970	0.00210083
1835	0.03090740	0.02880800	0.00209934
1836	0.03087460	0.02877650	0.00209810
1837	0.03085300	0.02875600	0.00209700
1838	0.03084320	0.02874720	0.00209600
1839	0.03084580	0.02875070	0.00209509
1840	0.03086120	0.02876670	0.00209460
1841	0.03088750	0.02879310	0.00209443
1842	0.03092390	0.02882940	0.00209450
1843	0.03096940	0.02887470	0.00209471
1844	0.03102340	0.02892830	0.00209516
1845	0.03108420	0.02898830	0.00209590
1846	0.03114920	0.02905240	0.00209687
1847	0.03121720	0.02911940	0.00209783
1848	0.03128780	0.02918910	0.00209873
1849	0.03136030	0.02926060	0.00209971
1850	0.03143490	0.02933420	0.00210068
1851	0.03151070	0.02940910	0.00210155
1852	0.03158640	0.02948410	0.00210232
1853	0.03166100	0.02955820	0.00210284
1854	0.03173410	0.02963110	0.00210305
1855	0.03180590	0.02970300	0.00210292
1856	0.03187890	0.02977650	0.00210240
1857	0.03195410	0.02985260	0.00210149
1858	0.03203130	0.02993110	0.00210021
1859	0.03210930	0.03001080	0.00209855
1860	0.03218710	0.03009070	0.00209645
1861	0.03226390	0.03017000	0.00209392
1862	0.03233930	0.03024840	0.00209092
1863	0.03241270	0.03032520	0.00208749
1864	0.03248380	0.03040020	0.00208361
1865	0.03255170	0.03047240	0.00207932
1866	0.03261610	0.03054140	0.00207461
1867	0.03267710	0.03060760	0.00206950
1868	0.03273370	0.03066980	0.00206398
1869	0.03278710	0.03072910	0.00205803
1870	0.03283770	0.03078590	0.00205176
1871	0.03288570	0.03084020	0.00204546
1872	0.03293240	0.03089320	0.00203920
1873	0.03297720	0.03094430	0.00203293
1874	0.03302080	0.03099410	0.00202677
1875	0.03306210	0.03104130	0.00202083
1876	0.03310050	0.03108530	0.00201518
1877	0.03313570	0.03112570	0.00200993
1878	0.03316780	0.03116260	0.00200521
1879	0.03319670	0.03119570	0.00200102
1880	0.03322190	0.03122440	0.00199743
1881	0.03324200	0.03124750	0.00199451
1882	0.03325380	0.03126150	0.00199228
1883	0.03325490	0.03126410	0.00199075
1884	0.03324470	0.03125480	0.00198988
1885	0.03322320	0.03123350	0.00198976
1886	0.03319040	0.03120000	0.00199041
1887	0.03314420	0.03115230	0.00199193
1888	0.03308350	0.03108920	0.00199432
1889	0.03301080	0.03101330	0.00199757
1890	0.03292810	0.03092660	0.00200154
1891	0.03283690	0.03083090	0.00200601
1892	0.03274100	0.03073010	0.00201094
1893	0.03264410	0.03062780	0.00201634
1894	0.03255090	0.03052860	0.00202226
1895	0.03246330	0.03043490	0.00202845
1896	0.03238390	0.03034920	0.00203462
1897	0.03231280	0.03027210	0.00204062
1898	0.03225130	0.03020490	0.00204636
1899	0.03220080	0.03014900	0.00205181
1900	0.03216040	0.03010340	0.00205695
1901	0.03212690	0.03006520	0.00206171
1902	0.03210140	0.03003520	0.00206616
1903	0.03208270	0.03001230	0.00207043
1904	0.03207210	0.02999760	0.00207451
1905	0.03206840	0.02999000	0.00207832
1906	0.03207110	0.02998940	0.00208172
1907	0.03207900	0.02999430	0.00208473
1908	0.03209180	0.03000440	0.00208741
1909	0.03210810	0.03001830	0.00208976
1910	0.03212760	0.03003590	0.00209178
1911	0.03215050	0.03005680	0.00209373
1912	0.03217740	0.03008190	0.00209554
1913	0.03220760	0.03011050	0.00209707
1914	0.03223800	0.03013980	0.00209827
1915	0.03226750	0.03016820	0.00209933
1916	0.03229410	0.03019400	0.00210017
1917	0.03231740	0.03021660	0.00210080
1918	0.03233550	0.03023420	0.00210130
1919	0.03234470	0.03024300	0.00210177
1920	0.03234120	0.03023890	0.00210226
1921	0.03232520	0.03022250	0.00210276
1922	0.03229730	0.03019410	0.00210324
1923	0.03225730	0.03015370	0.00210357
1924	0.03220350	0.03009970	0.00210376
1925	0.03213640	0.03003260	0.00210382
1926	0.03205690	0.02995310	0.00210378
1927	0.03196440	0.02986070	0.00210364
1928	0.03186010	0.02975670	0.00210343
1929	0.03174350	0.02964050	0.00210298
1930	0.03161520	0.02951300	0.00210223
1931	0.03147620	0.02937510	0.00210119
1932	0.03133020	0.02923040	0.00209978
1933	0.03118140	0.02908320	0.00209814
1934	0.03103670	0.02894030	0.00209637
1935	0.03089870	0.02880420	0.00209452
1936	0.03077170	0.02867920	0.00209250
1937	0.03065690	0.02856670	0.00209020
1938	0.03055750	0.02846990	0.00208764
1939	0.03047360	0.02838870	0.00208483
1940	0.03040580	0.02832380	0.00208197
1941	0.03035090	0.02827170	0.00207924
1942	0.03030650	0.02822980	0.00207669
1943	0.03027000	0.02819560	0.00207439
1944	0.03024090	0.02816860	0.00207234
1945	0.03021840	0.02814790	0.00207054
1946	0.03020140	0.02813240	0.00206898
1947	0.03018910	0.02812150	0.00206761
1948	0.03018020	0.02811370	0.00206645
1949	0.03017530	0.02810960	0.00206571
1950	0.03017150	0.02810600	0.00206551
1951	0.03016780	0.02810210	0.00206568
1952	0.03016150	0.02809520	0.00206628
1953	0.03015210	0.02808490	0.00206725
1954	0.03013960	0.02807100	0.00206853
1955	0.03012470	0.02805460	0.00207009
1956	0.03010620	0.02803430	0.00207193
1957	0.03008420	0.02801020	0.00207398
1958	0.03005760	0.02798140	0.00207619
1959	0.03002760	0.02794920	0.00207847
1960	0.02999310	0.02791240	0.00208068
1961	0.02995480	0.02787200	0.00208276
1962	0.02991400	0.02782940	0.00208461
1963	0.02987110	0.02778490	0.00208613
1964	0.02982480	0.02773760	0.00208722
1965	0.02977650	0.02768870	0.00208779
1966	0.02972680	0.02763920	0.00208765
1967	0.02967750	0.02759070	0.00208681
1968	0.02962960	0.02754420	0.00208533
1969	0.02958330	0.02750000	0.00208324
1970	0.02953880	0.02745830	0.00208051
1971	0.02949590	0.02741870	0.00207718
1972	0.02945460	0.02738130	0.00207330
1973	0.02941600	0.02734710	0.00206893
1974	0.02938210	0.02731800	0.00206411
1975	0.02935450	0.02729560	0.00205891
1976	0.02933440	0.02728110	0.00205327
1977	0.02932110	0.02727370	0.00204733
1978	0.02931500	0.02727370	0.00204124
1979	0.02931690	0.02728180	0.00203510
1980	0.02932540	0.02729650	0.00202886
1981	0.02934110	0.02731860	0.00202248
1982	0.02936450	0.02734860	0.00201588
1983	0.02939630	0.02738720	0.00200913
1984	0.02943630	0.02743380	0.00200256
1985	0.02948400	0.02748760	0.00199638
1986	0.02953780	0.02754740	0.00199040
1987	0.02959690	0.02761240	0.00198454
1988	0.02966020	0.02768140	0.00197882
1989	0.02972710	0.02775360	0.00197353
1990	0.02979670	0.02782780	0.00196889
1991	0.02986690	0.02790200	0.00196484
1992	0.02993700	0.02797550	0.00196142
1993	0.03000750	0.02804890	0.00195853
1994	0.03007790	0.02812180	0.00195609
1995	0.03014770	0.02819360	0.00195409
1996	0.03021400	0.02826130	0.00195268
1997	0.03027520	0.02832330	0.00195194
1998	0.03032920	0.02837730	0.00195184
1999	0.03037530	0.02842280	0.00195258
2000	0.03041220	0.02845800	0.00195417
2001	0.03044060	0.02848380	0.00195675
2002	0.03045990	0.02849960	0.00196030
2003	0.03046980	0.02850510	0.00196475
2004	0.03047310	0.02850340	0.00196968
2005	0.03047070	0.02849620	0.00197444
2006	0.03046370	0.02848470	0.00197896
2007	0.03045180	0.02846800	0.00198383
2008	0.03043480	0.02844590	0.00198884
2009	0.03041230	0.02841850	0.00199381
2010	0.03038610	0.02838760	0.00199844
2011	0.03035700	0.02835460	0.00200243
2012	0.03032620	0.02832070	0.00200556
2013	0.03029580	0.02828800	0.00200784
2014	0.03027090	0.02826130	0.00200962
2015	0.03025360	0.02824260	0.00201097
2016	0.03024620	0.02823440	0.00201185
2017	0.03024870	0.02823630	0.00201240
2018	0.03025940	0.02824670	0.00201270
2019	0.03027430	0.02826190	0.00201241
2020	0.03028740	0.02827580	0.00201164
2021	0.03030000	0.02828920	0.00201074
2022	0.03030760	0.02829770	0.00200986
2023	0.03031340	0.02830450	0.00200888
2024	0.03032060	0.02831270	0.00200786
2025	0.03033060	0.02832370	0.00200690
2026	0.03034350	0.02833770	0.00200580
2027	0.03035840	0.02835390	0.00200451
2028	0.03037290	0.02836980	0.00200311
2029	0.03038270	0.02838080	0.00200199
2030	0.03039120	0.02839000	0.00200124
2031	0.03040340	0.02840260	0.00200082
2032	0.03042310	0.02842260	0.00200050
2033	0.03045560	0.02845520	0.00200037
2034	0.03050110	0.02850070	0.00200042
2035	0.03055990	0.02855920	0.00200070
2036	0.03062720	0.02862590	0.00200128
2037	0.03069920	0.02869690	0.00200229
2038	0.03076560	0.02876190	0.00200370
2039	0.03081710	0.02881160	0.00200554
2040	0.03084180	0.02883400	0.00200781
2041	0.03083340	0.02882280	0.00201060
2042	0.03078960	0.02877580	0.00201378
2043	0.03071310	0.02869580	0.00201727
2044	0.03061070	0.02858950	0.00202115
2045	0.03048850	0.02846340	0.00202508
2046	0.03035620	0.02832700	0.00202922
2047	0.03022330	0.02818990	0.00203341
2048	0.03009960	0.02806210	0.00203745
2049	0.02999600	0.02795500	0.00204093
2050	0.02991830	0.02787490	0.00204341
2051	0.02986810	0.02782340	0.00204468
2052	0.02984440	0.02779960	0.00204476
2053	0.02984000	0.02779610	0.00204394
2054	0.02984890	0.02780620	0.00204262
2055	0.02986600	0.02782490	0.00204118
2056	0.02988570	0.02784620	0.00203955
2057	0.02990360	0.02786600	0.00203759
2058	0.02991720	0.02788190	0.00203525
2059	0.02992390	0.02789110	0.00203273
2060	0.02992350	0.02789340	0.00203010
2061	0.02991460	0.02788730	0.00202736
2062	0.02989780	0.02787330	0.00202451
2063	0.02987430	0.02785280	0.00202155
2064	0.02984340	0.02782490	0.00201860
2065	0.02980570	0.02779020	0.00201557
2066	0.02975990	0.02774760	0.00201236
2067	0.02970830	0.02769930	0.00200902
2068	0.02965130	0.02764550	0.00200588
2069	0.02959120	0.02758810	0.00200301
2070	0.02952770	0.02752740	0.00200030
2071	0.02946480	0.02746710	0.00199772
2072	0.02940510	0.02740950	0.00199565
2073	0.02935220	0.02735820	0.00199399
2074	0.02930680	0.02731420	0.00199260
2075	0.02927080	0.02727940	0.00199139
2076	0.02924330	0.02725290	0.00199045
2077	0.02922600	0.02723620	0.00198983
2078	0.02921770	0.02722810	0.00198954
2079	0.02921550	0.02722590	0.00198956
2080	0.02921580	0.02722590	0.00198991
2081	0.02921540	0.02722480	0.00199057
2082	0.02921180	0.02722020	0.00199158
2083	0.02920520	0.02721220	0.00199301
2084	0.02919410	0.02719930	0.00199486
2085	0.02917920	0.02718210	0.00199711
2086	0.02916070	0.02716070	0.00200000
2087	0.02913920	0.02713580	0.00200342
2088	0.02911560	0.02710840	0.00200725
2089	0.02909330	0.02708190	0.00201139
2090	0.02907390	0.02705800	0.00201584
2091	0.02906070	0.02704010	0.00202058
2092	0.02905740	0.02703200	0.00202537
2093	0.02906590	0.02703600	0.00202989
2094	0.02908740	0.02705350	0.00203389
2095	0.02912270	0.02708540	0.00203733
2096	0.02917200	0.02713170	0.00204027
2097	0.02923500	0.02719220	0.00204283
2098	0.02931030	0.02726530	0.00204501
2099	0.02939580	0.02734890	0.00204689
2100	0.02949180	0.02744340	0.00204848
2101	0.02959660	0.02754700	0.00204968
2102	0.02970980	0.02765960	0.00205019
2103	0.02982380	0.02777380	0.00205006
2104	0.02993750	0.02788810	0.00204939
2105	0.03004840	0.02800000	0.00204833
2106	0.03015420	0.02810740	0.00204680
2107	0.03025000	0.02820530	0.00204463
2108	0.03033520	0.02829340	0.00204180
2109	0.03040760	0.02836910	0.00203855
2110	0.03046780	0.02843320	0.00203464
2111	0.03051670	0.02848670	0.00203001
2112	0.03055600	0.02853110	0.00202490
2113	0.03058550	0.02856570	0.00201974
2114	0.03060690	0.02859200	0.00201490
2115	0.03062220	0.02861170	0.00201050
2116	0.03063280	0.02862670	0.00200613
2117	0.03064080	0.02863920	0.00200157
2118	0.03064660	0.02864950	0.00199709
2119	0.03065030	0.02865760	0.00199275
2120	0.03064940	0.02866080	0.00198858
2121	0.03064190	0.02865730	0.00198467
2122	0.03062260	0.02864150	0.00198116
2123	0.03058980	0.02861160	0.00197817
2124	0.03054080	0.02856500	0.00197579
2125	0.03047300	0.02849900	0.00197400
2126	0.03038580	0.02841320	0.00197262
2127	0.03027960	0.02830770	0.00197182
2128	0.03015810	0.02818620	0.00197190
2129	0.03002810	0.02805520	0.00197292
2130	0.02989550	0.02792100	0.00197458
2131	0.02976670	0.02778990	0.00197680
2132	0.02964800	0.02766840	0.00197962
2133	0.02954400	0.02756120	0.00198280
2134	0.02946050	0.02747470	0.00198585
2135	0.02940070	0.02741210	0.00198861
2136	0.02936460	0.02737350	0.00199109
2137	0.02935140	0.02735770	0.00199366
2138	0.02935980	0.02736330	0.00199649
2139	0.02938930	0.02738970	0.00199952
2140	0.02943710	0.02743450	0.00200269
2141	0.02949720	0.02749130	0.00200593
2142	0.02956780	0.02755840	0.00200938
2143	0.02964350	0.02763060	0.00201294
2144	0.02972210	0.02770560	0.00201649
2145	0.02980030	0.02778050	0.00201976
2146	0.02987590	0.02785330	0.00202268
2147	0.02994500	0.02791970	0.00202538
2148	0.03000310	0.02797510	0.00202792
2149	0.03004650	0.02801630	0.00203027
2150	0.03007280	0.02804030	0.00203245
2151	0.03008100	0.02804610	0.00203492
2152	0.03007360	0.02803590	0.00203778
2153	0.03005430	0.02801340	0.00204091
2154	0.03002640	0.02798230	0.00204411
2155	0.02999420	0.02794670	0.00204742
2156	0.02995940	0.02790850	0.00205088
2157	0.02992410	0.02786960	0.00205452
2158	0.02988680	0.02782840	0.00205846
2159	0.02984640	0.02778350	0.00206282
2160	0.02980000	0.02773290	0.00206708
2161	0.02974970	0.02767840	0.00207126
2162	0.02969560	0.02762040	0.00207512
2163	0.02963840	0.02755960	0.00207879
2164	0.02957500	0.02749290	0.00208213
2165	0.02950100	0.02741590	0.00208509
2166	0.02941190	0.02732410	0.00208782
2167	0.02930700	0.02721650	0.00209055
2168	0.02918830	0.02709510	0.00209316
2169	0.02905900	0.02696350	0.00209546
2170	0.02892550	0.02682820	0.00209736
2171	0.02879250	0.02669380	0.00209876
2172	0.02866400	0.02656420	0.00209975
2173	0.02854180	0.02644140	0.00210043
2174	0.02842880	0.02632790	0.00210090
2175	0.02832570	0.02622460	0.00210112
2176	0.02823460	0.02613360	0.00210106
2177	0.02815680	0.02605600	0.00210087
2178	0.02809720	0.02599680	0.00210045
2179	0.02805710	0.02595710	0.00209993
2180	0.02803890	0.02593990	0.00209900
2181	0.02804140	0.02594370	0.00209768
2182	0.02806410	0.02596800	0.00209607
2183	0.02810620	0.02601210	0.00209412
2184	0.02816670	0.02607460	0.00209215
2185	0.02824180	0.02615190	0.00208995
2186	0.02832640	0.02623910	0.00208727
2187	0.02841820	0.02633420	0.00208404
2188	0.02851280	0.02643240	0.00208048
2189	0.02860570	0.02652870	0.00207698
2190	0.02869460	0.02662100	0.00207356
2191	0.02877780	0.02670770	0.00207008
2192	0.02885220	0.02678560	0.00206653
2193	0.02891230	0.02684900	0.00206337
2194	0.02895840	0.02689770	0.00206064
2195	0.02899260	0.02693410	0.00205848
2196	0.02901500	0.02695830	0.00205674
2197	0.02902920	0.02697390	0.00205533
2198	0.02903470	0.02698050	0.00205417
2199	0.02903390	0.02698060	0.00205323
2200	0.02902670	0.02697420	0.00205255
2201	0.02901470	0.02696250	0.00205221
2202	0.02899660	0.02694460	0.00205198
2203	0.02897300	0.02692090	0.00205207
2204	0.02894440	0.02689190	0.00205248
2205	0.02891270	0.02685940	0.00205331
2206	0.02887920	0.02682470	0.00205455
2207	0.02884480	0.02678900	0.00205579
2208	0.02880970	0.02675300	0.00205669
2209	0.02877560	0.02671820	0.00205740
2210	0.02874620	0.02668830	0.00205792
2211	0.02872360	0.02666560	0.00205806
2212	0.02870980	0.02665210	0.00205773
2213	0.02870590	0.02664900	0.00205689
2214	0.02871440	0.02665880	0.00205562
2215	0.02873520	0.02668100	0.00205419
2216	0.02876800	0.02671520	0.00205282
2217	0.02881500	0.02676340	0.00205161
2218	0.02887430	0.02682370	0.00205060
2219	0.02894700	0.02689720	0.00204982
2220	0.02903240	0.02698310	0.00204929
2221	0.02913230	0.02708330	0.00204894
2222	0.02924880	0.02720020	0.00204862
2223	0.02938140	0.02733300	0.00204833
2224	0.02952880	0.02748080	0.00204803
2225	0.02968830	0.02764090	0.00204743
2226	0.02985860	0.02781220	0.00204642
2227	0.03003550	0.02799050	0.00204496
2228	0.03021410	0.02817090	0.00204314
2229	0.03038890	0.02834800	0.00204091
2230	0.03055770	0.02851900	0.00203868
2231	0.03071960	0.02868290	0.00203671
2232	0.03087500	0.02884010	0.00203495
2233	0.03102630	0.02899290	0.00203340
2234	0.03117370	0.02914190	0.00203184
2235	0.03131800	0.02928790	0.00203016
2236	0.03145880	0.02943030	0.00202846
2237	0.03159630	0.02956940	0.00202692
2238	0.03172580	0.02970050	0.00202531
2239	0.03184440	0.02982050	0.00202385
2240	0.03194650	0.02992400	0.00202254
2241	0.03202880	0.03000720	0.00202162
2242	0.03209240	0.03007130	0.00202103
2243	0.03214020	0.03011890	0.00202134
2244	0.03217210	0.03014920	0.00202286
2245	0.03219250	0.03016680	0.00202568
2246	0.03220480	0.03017500	0.00202973
2247	0.03221350	0.03017920	0.00203431
2248	0.03222260	0.03018360	0.00203901
2249	0.03223370	0.03018950	0.00204418
2250	0.03224380	0.03019440	0.00204942
2251	0.03225060	0.03019610	0.00205454
2252	0.03224970	0.03019050	0.00205920
2253	0.03223820	0.03017480	0.00206345
2254	0.03221520	0.03014760	0.00206756
2255	0.03217840	0.03010670	0.00207164
2256	0.03212710	0.03005150	0.00207561
2257	0.03206030	0.02998100	0.00207933
2258	0.03198090	0.02989840	0.00208245
2259	0.03188910	0.02980420	0.00208485
2260	0.03178710	0.02970050	0.00208660
2261	0.03167420	0.02958650	0.00208766
2262	0.03155230	0.02946430	0.00208806
2263	0.03142390	0.02933570	0.00208829
2264	0.03129130	0.02920280	0.00208844
2265	0.03115360	0.02906520	0.00208839
2266	0.03101060	0.02892280	0.00208788
2267	0.03085940	0.02877260	0.00208688
2268	0.03070230	0.02861680	0.00208557
2269	0.03054530	0.02846140	0.00208383
2270	0.03039170	0.02831010	0.00208164
2271	0.03024360	0.02816450	0.00207915
2272	0.03010240	0.02802570	0.00207670
2273	0.02996940	0.02789490	0.00207443
2274	0.02984410	0.02777180	0.00207226
2275	0.02972700	0.02765680	0.00207025
2276	0.02961870	0.02755020	0.00206851
2277	0.02952180	0.02745480	0.00206705
2278	0.02943510	0.02736940	0.00206576
2279	0.02935690	0.02729240	0.00206452
2280	0.02928520	0.02722170	0.00206348
2281	0.02922040	0.02715760	0.00206277
2282	0.02916180	0.02709940	0.00206244
2283	0.02910880	0.02704620	0.00206260
2284	0.02905840	0.02699520	0.00206323
2285	0.02900840	0.02694430	0.00206408
2286	0.02895740	0.02689220	0.00206519
2287	0.02890660	0.02683990	0.00206671
2288	0.02885910	0.02679050	0.00206863
2289	0.02881620	0.02674540	0.00207086
2290	0.02877980	0.02670670	0.00207313
2291	0.02875100	0.02667570	0.00207531
2292	0.02873210	0.02665480	0.00207730
2293	0.02872430	0.02664530	0.00207901
2294	0.02872850	0.02664810	0.00208040
2295	0.02874410	0.02666270	0.00208144
2296	0.02877150	0.02668930	0.00208218
2297	0.02880830	0.02672580	0.00208252
2298	0.02885360	0.02677120	0.00208239
2299	0.02890650	0.02682460	0.00208184
2300	0.02896490	0.02688400	0.00208092
2301	0.02902700	0.02694740	0.00207955
2302	0.02909200	0.02701440	0.00207762
2303	0.02915920	0.02708420	0.00207507
2304	0.02922930	0.02715750	0.00207184
2305	0.02930180	0.02723360	0.00206821
2306	0.02937450	0.02731040	0.00206411
2307	0.02944690	0.02738720	0.00205971
2308	0.02951820	0.02746320	0.00205501
2309	0.02958920	0.02753930	0.00204990
2310	0.02965960	0.02761490	0.00204465
2311	0.02973090	0.02769120	0.00203965
2312	0.02980140	0.02776650	0.00203492
2313	0.02987200	0.02784190	0.00203007
2314	0.02994320	0.02791790	0.00202532
2315	0.03001620	0.02799530	0.00202091
2316	0.03009300	0.02807610	0.00201690
2317	0.03017600	0.02816280	0.00201324
2318	0.03026520	0.02825520	0.00200995
2319	0.03035950	0.02835240	0.00200709
2320	0.03045530	0.02845060	0.00200472
2321	0.03055140	0.02854850	0.00200283
2322	0.03064570	0.02864420	0.00200150
2323	0.03073400	0.02873320	0.00200078
2324	0.03081120	0.02881040	0.00200079
2325	0.03087420	0.02887270	0.00200146
2326	0.03092010	0.02891740	0.00200264
2327	0.03094880	0.02894440	0.00200443
2328	0.03096090	0.02895390	0.00200704
2329	0.03095830	0.02894790	0.00201040
2330	0.03094100	0.02892670	0.00201428
2331	0.03091170	0.02889330	0.00201843
2332	0.03087550	0.02885280	0.00202265
2333	0.03083630	0.02880960	0.00202677
2334	0.03079830	0.02876750	0.00203072
2335	0.03076210	0.02872760	0.00203443
2336	0.03072850	0.02869070	0.00203780
2337	0.03069950	0.02865890	0.00204061
2338	0.03067760	0.02863480	0.00204284
2339	0.03066440	0.02861990	0.00204451
2340	0.03065980	0.02861400	0.00204576
2341	0.03066230	0.02861550	0.00204687
2342	0.03067000	0.02862190	0.00204805
2343	0.03068030	0.02863130	0.00204899
2344	0.03069340	0.02864400	0.00204941
2345	0.03070860	0.02865940	0.00204922
2346	0.03072760	0.02867910	0.00204843
2347	0.03074970	0.02870260	0.00204716
2348	0.03077530	0.02872980	0.00204552
2349	0.03080440	0.02876080	0.00204363
2350	0.03083870	0.02879700	0.00204163
2351	0.03087680	0.02883730	0.00203942
2352	0.03091530	0.02887830	0.00203698
2353	0.03095250	0.02891820	0.00203433
2354	0.03099050	0.02895860	0.00203185
2355	0.03103040	0.02900090	0.00202949
2356	0.03107240	0.02904510	0.00202727
2357	0.03111900	0.02909370	0.00202524
2358	0.03116810	0.02914470	0.00202338
2359	0.03121750	0.02919590	0.00202163
2360	0.03126250	0.02924260	0.00201994
2361	0.03129580	0.02927740	0.00201837
2362	0.03130900	0.02929200	0.00201697
2363	0.03129660	0.02928070	0.00201592
2364	0.03125260	0.02923730	0.00201524
2365	0.03117870	0.02916380	0.00201490
2366	0.03107440	0.02905940	0.00201497
2367	0.03094080	0.02892530	0.00201542
2368	0.03078250	0.02876620	0.00201631
2369	0.03060370	0.02858590	0.00201775
2370	0.03040950	0.02839020	0.00201928
2371	0.03021050	0.02819000	0.00202052
2372	0.03001380	0.02799250	0.00202136
2373	0.02982780	0.02780590	0.00202186
2374	0.02965830	0.02763630	0.00202204
2375	0.02950850	0.02748660	0.00202188
2376	0.02937950	0.02735810	0.00202136
2377	0.02927030	0.02724980	0.00202056
2378	0.02917940	0.02715990	0.00201950
2379	0.02910240	0.02708420	0.00201814
2380	0.02903530	0.02701890	0.00201644
2381	0.02897630	0.02696150	0.00201478
2382	0.02892010	0.02690670	0.00201340
2383	0.02886580	0.02685330	0.00201251
2384	0.02881500	0.02680310	0.00201192
2385	0.02876810	0.02675660	0.00201149
2386	0.02872420	0.02671280	0.00201139
2387	0.02868330	0.02667150	0.00201189
2388	0.02864510	0.02663230	0.00201276
2389	0.02860830	0.02659450	0.00201385
2390	0.02857410	0.02655880	0.00201532
2391	0.02854370	0.02652630	0.00201737
2392	0.02851540	0.02649550	0.00201998
2393	0.02848990	0.02646670	0.00202312
2394	0.02846440	0.02643770	0.00202671
2395	0.02844040	0.02640970	0.00203077
2396	0.02841560	0.02638040	0.00203514
2397	0.02839100	0.02635130	0.00203972
2398	0.02836150	0.02631700	0.00204456
2399	0.02832740	0.02627780	0.00204956
2400	0.02828730	0.02623260	0.00205469
2401	0.02824150	0.02618160	0.00205990
2402	0.02818920	0.02612410	0.00206506
2403	0.02813060	0.02606060	0.00207001
2404	0.02806410	0.02598940	0.00207467
2405	0.02799240	0.02591340	0.00207896
2406	0.02791600	0.02583320	0.00208281
2407	0.02783600	0.02574980	0.00208622
2408	0.02775570	0.02566640	0.00208923
2409	0.02767750	0.02558560	0.00209190
2410	0.02760330	0.02550920	0.00209414
2411	0.02753420	0.02543810	0.00209603
2412	0.02747160	0.02537410	0.00209756
2413	0.02741720	0.02531860	0.00209863
2414	0.02737330	0.02527410	0.00209919
2415	0.02734120	0.02524190	0.00209931
2416	0.02732580	0.02522680	0.00209901
2417	0.02732990	0.02523170	0.00209825
2418	0.02735430	0.02525740	0.00209690
2419	0.02739640	0.02530140	0.00209503
2420	0.02745710	0.02536390	0.00209324
2421	0.02753590	0.02544410	0.00209180
2422	0.02763360	0.02554340	0.00209020
2423	0.02775140	0.02566320	0.00208818
2424	0.02788900	0.02580330	0.00208573
2425	0.02804390	0.02596090	0.00208298
2426	0.02821370	0.02613360	0.00208010
2427	0.02839660	0.02631980	0.00207684
2428	0.02858930	0.02651620	0.00207311
2429	0.02878920	0.02672030	0.00206889
2430	0.02899390	0.02692940	0.00206451
2431	0.02920450	0.02714380	0.00206070
2432	0.02941680	0.02735950	0.00205738
2433	0.02962830	0.02757410	0.00205425
2434	0.02983920	0.02778790	0.00205125
2435	0.03005080	0.02800210	0.00204867
2436	0.03026050	0.02821370	0.00204680
2437	0.03046820	0.02842270	0.00204555
2438	0.03067170	0.02862700	0.00204475
2439	0.03087310	0.02882870	0.00204437
2440	0.03107000	0.02902550	0.00204441
2441	0.03126180	0.02921690	0.00204490
2442	0.03144680	0.02940110	0.00204573
2443	0.03162090	0.02957410	0.00204680
2444	0.03177940	0.02973140	0.00204800
2445	0.03191760	0.02986840	0.00204917
2446	0.03203220	0.02998180	0.00205036
2447	0.03212030	0.03006860	0.00205169
2448	0.03218130	0.03012790	0.00205335
2449	0.03221660	0.03016130	0.00205528
2450	0.03222710	0.03016970	0.00205739
2451	0.03221480	0.03015530	0.00205952
2452	0.03218750	0.03012580	0.00206168
2453	0.03214830	0.03008450	0.00206385
2454	0.03210310	0.03003710	0.00206602
2455	0.03205650	0.02998860	0.00206797
2456	0.03201580	0.02994620	0.00206957
2457	0.03198450	0.02991380	0.00207071
2458	0.03196480	0.02989340	0.00207139
2459	0.03195700	0.02988530	0.00207169
2460	0.03196300	0.02989140	0.00207168
2461	0.03198240	0.02991040	0.00207192
2462	0.03201510	0.02994250	0.00207263
2463	0.03206090	0.02998740	0.00207345
2464	0.03212170	0.03004750	0.00207422
2465	0.03219550	0.03012060	0.00207491
2466	0.03228170	0.03020620	0.00207543
2467	0.03237990	0.03030410	0.00207572
2468	0.03248580	0.03041000	0.00207577
2469	0.03259390	0.03051820	0.00207562
2470	0.03270180	0.03062660	0.00207521
2471	0.03280670	0.03073220	0.00207458
2472	0.03290310	0.03082900	0.00207410
2473	0.03298790	0.03091400	0.00207385
2474	0.03305960	0.03098610	0.00207348
2475	0.03311700	0.03104400	0.00207300
2476	0.03315570	0.03108300	0.00207272
2477	0.03317660	0.03110390	0.00207264
2478	0.03317800	0.03110540	0.00207266
2479	0.03316250	0.03108970	0.00207273
2480	0.03313060	0.03105790	0.00207274
2481	0.03308360	0.03101090	0.00207273
2482	0.03302130	0.03094850	0.00207272
2483	0.03294230	0.03086960	0.00207267
2484	0.03284670	0.03077410	0.00207258
2485	0.03273560	0.03066310	0.00207254
2486	0.03260870	0.03053620	0.00207257
2487	0.03246790	0.03039520	0.00207272
2488	0.03231320	0.03024040	0.00207282
2489	0.03214520	0.03007250	0.00207276
2490	0.03196240	0.02988980	0.00207259
2491	0.03176280	0.02969030	0.00207246
2492	0.03154550	0.02947310	0.00207236
2493	0.03131020	0.02923800	0.00207226
2494	0.03105910	0.02898690	0.00207225
2495	0.03079570	0.02872340	0.00207225
2496	0.03052380	0.02845160	0.00207224
2497	0.03024770	0.02817540	0.00207234
2498	0.02997090	0.02789830	0.00207260
2499	0.02969720	0.02762420	0.00207301
2500	0.02943070	0.02735700	0.00207372
