Time	Cd Total	Cd Pressure	Cd Viscous
1	0.03688160	0.03649790	0.00038372
2	0.06316890	0.06270690	0.00046198
3	0.08309580	0.08255880	0.00053703
4	0.09330220	0.09267660	0.00062562
5	0.09239390	0.09168300	0.00071090
6	0.08327350	0.08249510	0.00077841
7	0.07073060	0.06990620	0.00082439
8	0.05871370	0.05786120	0.00085250
9	0.04926900	0.04838960	0.00087942
10	0.04312590	0.04222820	0.00089778
11	0.04001670	0.03910830	0.00090840
12	0.03907740	0.03817690	0.00090042
13	0.03937950	0.03849400	0.00088549
14	0.04012190	0.03925610	0.00086586
15	0.04066180	0.03981740	0.00084438
16	0.04076000	0.03993460	0.00082543
17	0.04041170	0.03960320	0.00080850
18	0.03971510	0.03892360	0.00079154
19	0.03890620	0.03813110	0.00077510
20	0.03817850	0.03741940	0.00075907
21	0.03761440	0.03687090	0.00074350
22	0.03719850	0.03646980	0.00072870
23	0.03687720	0.03616150	0.00071561
24	0.03659960	0.03589530	0.00070430
25	0.03630130	0.03560660	0.00069472
26	0.03595130	0.03526450	0.00068675
27	0.03554600	0.03486610	0.00067994
28	0.03510990	0.03443600	0.00067395
29	0.03467820	0.03400950	0.00066875
30	0.03427850	0.03361420	0.00066429
31	0.03390630	0.03324600	0.00066029
32	0.03357630	0.03291950	0.00065673
33	0.03325530	0.03260160	0.00065372
34	0.03291320	0.03226200	0.00065122
35	0.03254020	0.03189110	0.00064918
36	0.03213840	0.03149080	0.00064757
37	0.03170850	0.03106230	0.00064619
38	0.03125080	0.03060600	0.00064478
39	0.03077340	0.03013010	0.00064328
40	0.03029150	0.02964990	0.00064166
41	0.02981230	0.02917230	0.00063994
42	0.02934690	0.02870880	0.00063819
43	0.02889770	0.02826120	0.00063646
44	0.02846290	0.02782810	0.00063475
45	0.02804100	0.02740790	0.00063306
46	0.02762640	0.02699510	0.00063134
47	0.02722740	0.02659790	0.00062946
48	0.02684400	0.02621660	0.00062740
49	0.02646920	0.02584410	0.00062511
50	0.02610270	0.02548020	0.00062252
51	0.02575140	0.02513170	0.00061971
52	0.02542040	0.02480380	0.00061662
53	0.02510960	0.02449650	0.00061316
54	0.02481420	0.02420480	0.00060935
55	0.02453220	0.02392700	0.00060526
56	0.02426610	0.02366520	0.00060089
57	0.02401600	0.02341980	0.00059625
58	0.02377870	0.02318730	0.00059141
59	0.02355520	0.02296870	0.00058644
60	0.02334200	0.02276070	0.00058135
61	0.02313850	0.02256240	0.00057610
62	0.02294060	0.02236990	0.00057073
63	0.02274920	0.02218400	0.00056526
64	0.02256350	0.02200370	0.00055977
65	0.02238610	0.02183170	0.00055434
66	0.02221930	0.02167030	0.00054903
67	0.02206670	0.02152280	0.00054389
68	0.02193170	0.02139280	0.00053892
69	0.02181380	0.02127980	0.00053408
70	0.02171000	0.02118060	0.00052932
71	0.02161910	0.02109440	0.00052465
72	0.02154420	0.02102410	0.00052009
73	0.02148760	0.02097190	0.00051566
74	0.02144930	0.02093790	0.00051136
75	0.02142750	0.02092030	0.00050723
76	0.02141830	0.02091500	0.00050325
77	0.02141790	0.02091840	0.00049944
78	0.02142040	0.02092460	0.00049582
79	0.02142370	0.02093130	0.00049242
80	0.02142310	0.02093390	0.00048925
81	0.02141430	0.02092790	0.00048634
82	0.02139360	0.02090990	0.00048371
83	0.02136070	0.02087940	0.00048137
84	0.02131630	0.02083700	0.00047931
85	0.02126350	0.02078600	0.00047754
86	0.02120380	0.02072780	0.00047602
87	0.02113980	0.02066500	0.00047477
88	0.02107400	0.02060030	0.00047377
89	0.02100910	0.02053610	0.00047301
90	0.02094420	0.02047180	0.00047248
91	0.02087950	0.02040730	0.00047217
92	0.02081400	0.02034200	0.00047205
93	0.02074680	0.02027470	0.00047211
94	0.02067750	0.02020510	0.00047231
95	0.02060500	0.02013240	0.00047263
96	0.02052830	0.02005520	0.00047304
97	0.02044800	0.01997450	0.00047353
98	0.02036370	0.01988960	0.00047405
99	0.02027590	0.01980140	0.00047454
100	0.02018350	0.01970850	0.00047497
101	0.02008570	0.01961040	0.00047529
102	0.01998140	0.01950600	0.00047546
103	0.01986920	0.01939370	0.00047543
104	0.01974850	0.01927330	0.00047521
105	0.01961980	0.01914500	0.00047477
106	0.01948190	0.01900790	0.00047407
107	0.01933560	0.01886250	0.00047312
108	0.01917990	0.01870800	0.00047190
109	0.01901550	0.01854500	0.00047042
110	0.01884260	0.01837390	0.00046869
111	0.01866220	0.01819540	0.00046675
112	0.01847600	0.01801140	0.00046464
113	0.01828690	0.01782450	0.00046240
114	0.01809830	0.01763820	0.00046010
115	0.01791600	0.01745810	0.00045782
116	0.01774530	0.01728970	0.00045563
117	0.01759410	0.01714050	0.00045362
118	0.01746720	0.01701530	0.00045187
119	0.01737070	0.01692020	0.00045047
120	0.01730620	0.01685670	0.00044949
121	0.01727520	0.01682620	0.00044898
122	0.01727450	0.01682550	0.00044899
123	0.01730240	0.01685290	0.00044950
124	0.01735330	0.01690280	0.00045052
125	0.01742360	0.01697150	0.00045204
126	0.01750720	0.01705320	0.00045403
127	0.01760190	0.01714550	0.00045642
128	0.01770080	0.01724160	0.00045917
129	0.01780200	0.01733980	0.00046217
130	0.01789890	0.01743360	0.00046536
131	0.01799030	0.01752170	0.00046865
132	0.01807320	0.01760130	0.00047195
133	0.01814730	0.01767210	0.00047519
134	0.01820950	0.01773120	0.00047833
135	0.01825930	0.01777800	0.00048130
136	0.01829480	0.01781080	0.00048407
137	0.01831640	0.01782980	0.00048661
138	0.01832490	0.01783600	0.00048890
139	0.01832180	0.01783080	0.00049094
140	0.01830820	0.01781540	0.00049274
141	0.01828620	0.01779190	0.00049430
142	0.01825740	0.01776180	0.00049564
143	0.01822390	0.01772710	0.00049678
144	0.01818710	0.01768940	0.00049775
145	0.01814810	0.01764950	0.00049859
146	0.01810600	0.01760670	0.00049931
147	0.01806100	0.01756100	0.00049995
148	0.01801450	0.01751400	0.00050054
149	0.01796800	0.01746690	0.00050110
150	0.01792240	0.01742080	0.00050164
151	0.01787930	0.01737710	0.00050218
152	0.01783950	0.01733680	0.00050271
153	0.01780470	0.01730150	0.00050327
154	0.01777530	0.01727150	0.00050385
155	0.01775230	0.01724780	0.00050448
156	0.01773550	0.01723030	0.00050517
157	0.01772530	0.01721940	0.00050590
158	0.01772080	0.01721410	0.00050669
159	0.01772180	0.01721420	0.00050753
160	0.01772610	0.01721770	0.00050841
161	0.01773310	0.01722380	0.00050931
162	0.01774090	0.01723070	0.00051023
163	0.01774910	0.01723800	0.00051115
164	0.01775530	0.01724320	0.00051206
165	0.01775990	0.01724700	0.00051293
166	0.01776240	0.01724870	0.00051376
167	0.01776420	0.01724970	0.00051452
168	0.01776230	0.01724700	0.00051521
169	0.01775850	0.01724270	0.00051581
170	0.01775270	0.01723630	0.00051634
171	0.01774630	0.01722960	0.00051677
172	0.01773820	0.01722100	0.00051712
173	0.01772840	0.01721110	0.00051738
174	0.01771540	0.01719790	0.00051756
175	0.01769840	0.01718070	0.00051764
176	0.01767640	0.01715880	0.00051762
177	0.01765110	0.01713350	0.00051753
178	0.01762210	0.01710470	0.00051736
179	0.01759040	0.01707330	0.00051712
180	0.01755540	0.01703850	0.00051682
181	0.01751800	0.01700160	0.00051648
182	0.01747830	0.01696220	0.00051610
183	0.01743760	0.01692200	0.00051568
184	0.01739610	0.01688090	0.00051524
185	0.01735470	0.01683990	0.00051479
186	0.01731380	0.01679940	0.00051432
187	0.01727450	0.01676070	0.00051386
188	0.01723750	0.01672410	0.00051339
189	0.01720380	0.01669090	0.00051295
190	0.01717360	0.01666110	0.00051252
191	0.01714710	0.01663500	0.00051213
192	0.01712350	0.01661170	0.00051178
193	0.01710450	0.01659300	0.00051149
194	0.01709080	0.01657960	0.00051125
195	0.01708370	0.01657260	0.00051108
196	0.01708400	0.01657300	0.00051099
197	0.01709240	0.01658140	0.00051099
198	0.01710970	0.01659860	0.00051108
199	0.01713640	0.01662510	0.00051128
200	0.01717270	0.01666110	0.00051159
201	0.01721850	0.01670650	0.00051202
202	0.01727400	0.01676150	0.00051256
203	0.01733900	0.01682580	0.00051322
204	0.01741300	0.01689900	0.00051400
205	0.01749460	0.01697970	0.00051489
206	0.01758220	0.01706630	0.00051588
207	0.01767310	0.01715610	0.00051697
208	0.01776460	0.01724640	0.00051814
209	0.01785250	0.01733310	0.00051938
210	0.01793340	0.01741270	0.00052066
211	0.01800320	0.01748120	0.00052196
212	0.01806010	0.01753680	0.00052325
213	0.01810220	0.01757770	0.00052449
214	0.01813060	0.01760500	0.00052568
215	0.01814550	0.01761880	0.00052677
216	0.01814920	0.01762140	0.00052774
217	0.01814220	0.01761360	0.00052858
218	0.01812720	0.01759800	0.00052927
219	0.01810580	0.01757600	0.00052979
220	0.01808080	0.01755060	0.00053014
221	0.01805310	0.01752280	0.00053032
222	0.01802450	0.01749420	0.00053032
223	0.01799490	0.01746480	0.00053014
224	0.01796560	0.01743580	0.00052980
225	0.01793660	0.01740730	0.00052930
226	0.01790840	0.01737970	0.00052864
227	0.01788090	0.01735300	0.00052785
228	0.01785340	0.01732650	0.00052694
229	0.01782710	0.01730110	0.00052592
230	0.01780090	0.01727610	0.00052481
231	0.01777570	0.01725210	0.00052364
232	0.01775030	0.01722790	0.00052241
233	0.01772550	0.01720430	0.00052116
234	0.01770010	0.01718020	0.00051989
235	0.01767580	0.01715720	0.00051864
236	0.01765210	0.01713470	0.00051742
237	0.01763070	0.01711450	0.00051624
238	0.01761180	0.01709670	0.00051514
239	0.01759680	0.01708270	0.00051411
240	0.01758490	0.01707170	0.00051318
241	0.01757570	0.01706330	0.00051235
242	0.01756820	0.01705650	0.00051163
243	0.01756190	0.01705080	0.00051101
244	0.01755580	0.01704540	0.00051048
245	0.01754980	0.01703970	0.00051005
246	0.01754310	0.01703340	0.00050970
247	0.01753600	0.01702660	0.00050942
248	0.01752970	0.01702050	0.00050921
249	0.01752550	0.01701650	0.00050906
250	0.01752360	0.01701470	0.00050895
251	0.01752450	0.01701560	0.00050889
252	0.01752750	0.01701860	0.00050887
253	0.01753340	0.01702450	0.00050888
254	0.01754080	0.01703190	0.00050892
255	0.01755050	0.01704150	0.00050899
256	0.01756160	0.01705250	0.00050909
257	0.01757490	0.01706570	0.00050922
258	0.01758950	0.01708020	0.00050938
259	0.01760600	0.01709640	0.00050957
260	0.01762290	0.01711310	0.00050979
261	0.01764080	0.01713070	0.00051005
262	0.01765840	0.01714800	0.00051034
263	0.01767590	0.01716520	0.00051067
264	0.01769210	0.01718110	0.00051104
265	0.01770800	0.01719650	0.00051144
266	0.01772220	0.01721040	0.00051187
267	0.01773570	0.01722340	0.00051232
268	0.01774720	0.01723450	0.00051278
269	0.01775740	0.01724420	0.00051323
270	0.01776460	0.01725090	0.00051369
271	0.01776940	0.01725530	0.00051414
272	0.01777080	0.01725620	0.00051459
273	0.01776910	0.01725410	0.00051504
274	0.01776350	0.01724810	0.00051548
275	0.01775420	0.01723830	0.00051592
276	0.01774050	0.01722420	0.00051634
277	0.01772290	0.01720610	0.00051675
278	0.01770090	0.01718380	0.00051714
279	0.01767510	0.01715760	0.00051751
280	0.01764570	0.01712780	0.00051786
281	0.01761340	0.01709520	0.00051819
282	0.01757860	0.01706010	0.00051850
283	0.01754170	0.01702290	0.00051882
284	0.01750330	0.01698410	0.00051912
285	0.01746380	0.01694440	0.00051942
286	0.01742410	0.01690440	0.00051971
287	0.01738470	0.01686470	0.00052001
288	0.01734660	0.01682630	0.00052030
289	0.01731010	0.01678950	0.00052060
290	0.01727520	0.01675430	0.00052091
291	0.01724210	0.01672090	0.00052124
292	0.01721080	0.01668920	0.00052158
293	0.01718160	0.01665970	0.00052195
294	0.01715500	0.01663270	0.00052233
295	0.01713220	0.01660950	0.00052273
296	0.01711340	0.01659030	0.00052315
297	0.01709920	0.01657560	0.00052359
298	0.01708890	0.01656490	0.00052404
299	0.01708300	0.01655850	0.00052451
300	0.01708130	0.01655640	0.00052500
301	0.01708470	0.01655920	0.00052549
302	0.01709240	0.01656640	0.00052600
303	0.01710460	0.01657810	0.00052651
304	0.01712010	0.01659300	0.00052702
305	0.01713900	0.01661150	0.00052754
306	0.01715930	0.01663130	0.00052805
307	0.01718110	0.01665260	0.00052855
308	0.01720140	0.01667240	0.00052905
309	0.01721870	0.01668920	0.00052952
310	0.01723030	0.01670030	0.00052997
311	0.01723500	0.01670460	0.00053039
312	0.01723130	0.01670060	0.00053078
313	0.01721950	0.01668840	0.00053111
314	0.01719870	0.01666730	0.00053140
315	0.01716970	0.01663800	0.00053164
316	0.01713280	0.01660100	0.00053183
317	0.01708910	0.01655720	0.00053197
318	0.01703900	0.01650690	0.00053206
319	0.01698300	0.01645090	0.00053211
320	0.01692170	0.01638960	0.00053210
321	0.01685530	0.01632320	0.00053206
322	0.01678440	0.01625240	0.00053197
323	0.01670900	0.01617720	0.00053185
324	0.01662960	0.01609790	0.00053169
325	0.01654590	0.01601440	0.00053149
326	0.01645820	0.01592700	0.00053126
327	0.01636670	0.01583570	0.00053100
328	0.01627240	0.01574160	0.00053071
329	0.01617450	0.01564410	0.00053039
330	0.01607350	0.01554350	0.00053005
331	0.01596920	0.01543950	0.00052968
332	0.01586210	0.01533280	0.00052928
333	0.01575270	0.01522380	0.00052887
334	0.01564240	0.01511400	0.00052843
335	0.01553170	0.01500370	0.00052797
336	0.01542160	0.01489410	0.00052749
337	0.01531250	0.01478550	0.00052700
338	0.01520580	0.01467930	0.00052650
339	0.01510170	0.01457570	0.00052599
340	0.01500070	0.01447520	0.00052548
341	0.01490240	0.01437740	0.00052496
342	0.01480670	0.01428220	0.00052445
343	0.01471310	0.01418920	0.00052394
344	0.01462180	0.01409830	0.00052344
345	0.01453230	0.01400940	0.00052296
346	0.01444560	0.01392310	0.00052248
347	0.01436170	0.01383960	0.00052202
348	0.01428160	0.01376000	0.00052158
349	0.01420510	0.01368390	0.00052116
350	0.01413240	0.01361170	0.00052077
351	0.01406250	0.01354210	0.00052041
352	0.01399510	0.01347500	0.00052008
353	0.01392900	0.01340930	0.00051977
354	0.01386440	0.01334490	0.00051951
355	0.01379970	0.01328040	0.00051928
356	0.01373550	0.01321640	0.00051908
357	0.01367170	0.01315280	0.00051891
358	0.01360880	0.01309010	0.00051878
359	0.01354640	0.01302770	0.00051869
360	0.01348570	0.01296710	0.00051864
361	0.01342660	0.01290800	0.00051862
362	0.01336990	0.01285130	0.00051864
363	0.01331530	0.01279660	0.00051870
364	0.01326280	0.01274400	0.00051880
365	0.01321260	0.01269360	0.00051894
366	0.01316530	0.01264610	0.00051912
367	0.01312090	0.01260160	0.00051933
368	0.01308020	0.01256060	0.00051957
369	0.01304250	0.01252270	0.00051985
370	0.01300800	0.01248790	0.00052016
371	0.01297610	0.01245560	0.00052050
372	0.01294680	0.01242590	0.00052087
373	0.01291980	0.01239850	0.00052125
374	0.01289460	0.01237290	0.00052164
375	0.01286980	0.01234770	0.00052206
376	0.01284520	0.01232270	0.00052248
377	0.01282020	0.01229730	0.00052291
378	0.01279520	0.01227190	0.00052333
379	0.01277000	0.01224620	0.00052375
380	0.01274470	0.01222060	0.00052417
381	0.01272020	0.01219560	0.00052456
382	0.01269650	0.01217150	0.00052494
383	0.01267400	0.01214870	0.00052530
384	0.01265280	0.01212720	0.00052564
385	0.01263300	0.01210710	0.00052596
386	0.01261470	0.01208840	0.00052626
387	0.01259760	0.01207110	0.00052653
388	0.01258190	0.01205510	0.00052678
389	0.01256770	0.01204070	0.00052701
390	0.01255520	0.01202800	0.00052722
391	0.01254460	0.01201720	0.00052741
392	0.01253590	0.01200830	0.00052759
393	0.01252960	0.01200190	0.00052775
394	0.01252550	0.01199760	0.00052789
395	0.01252330	0.01199530	0.00052803
396	0.01252300	0.01199490	0.00052816
397	0.01252460	0.01199630	0.00052827
398	0.01252750	0.01199910	0.00052838
399	0.01253160	0.01200310	0.00052847
400	0.01253620	0.01200770	0.00052855
401	0.01254160	0.01201300	0.00052862
402	0.01254700	0.01201840	0.00052867
403	0.01255230	0.01202360	0.00052870
404	0.01255720	0.01202850	0.00052871
405	0.01256180	0.01203310	0.00052869
406	0.01256620	0.01203760	0.00052865
407	0.01257030	0.01204170	0.00052858
408	0.01257380	0.01204530	0.00052847
409	0.01257650	0.01204810	0.00052834
410	0.01257870	0.01205050	0.00052816
411	0.01258030	0.01205230	0.00052794
412	0.01258140	0.01205370	0.00052768
413	0.01258170	0.01205430	0.00052738
414	0.01258070	0.01205360	0.00052704
415	0.01257820	0.01205150	0.00052665
416	0.01257430	0.01204800	0.00052621
417	0.01256880	0.01204310	0.00052573
418	0.01256260	0.01203740	0.00052521
419	0.01255580	0.01203120	0.00052464
420	0.01254860	0.01202460	0.00052403
421	0.01254130	0.01201790	0.00052338
422	0.01253360	0.01201090	0.00052270
423	0.01252610	0.01200410	0.00052200
424	0.01251820	0.01199690	0.00052126
425	0.01251040	0.01198990	0.00052050
426	0.01250230	0.01198250	0.00051973
427	0.01249490	0.01197600	0.00051895
428	0.01248830	0.01197010	0.00051815
429	0.01248340	0.01196600	0.00051735
430	0.01247990	0.01196340	0.00051655
431	0.01247890	0.01196320	0.00051575
432	0.01247990	0.01196490	0.00051497
433	0.01248340	0.01196920	0.00051419
434	0.01248870	0.01197530	0.00051343
435	0.01249640	0.01198370	0.00051270
436	0.01250580	0.01199380	0.00051199
437	0.01251760	0.01200630	0.00051130
438	0.01253100	0.01202040	0.00051066
439	0.01254670	0.01203660	0.00051004
440	0.01256360	0.01205420	0.00050946
441	0.01258210	0.01207320	0.00050891
442	0.01260100	0.01209260	0.00050841
443	0.01262060	0.01211270	0.00050794
444	0.01264020	0.01213270	0.00050752
445	0.01266010	0.01215290	0.00050714
446	0.01267960	0.01217280	0.00050680
447	0.01269920	0.01219270	0.00050651
448	0.01271830	0.01221200	0.00050625
449	0.01273710	0.01223100	0.00050603
450	0.01275540	0.01224950	0.00050586
451	0.01277350	0.01226780	0.00050571
452	0.01279130	0.01228570	0.00050561
453	0.01280860	0.01230310	0.00050553
454	0.01282510	0.01231960	0.00050549
455	0.01284050	0.01233510	0.00050548
456	0.01285470	0.01234920	0.00050548
457	0.01286770	0.01236220	0.00050551
458	0.01287970	0.01237410	0.00050555
459	0.01289050	0.01238490	0.00050561
460	0.01290050	0.01239480	0.00050568
461	0.01290900	0.01240330	0.00050575
462	0.01291650	0.01241070	0.00050582
463	0.01292300	0.01241710	0.00050589
464	0.01292840	0.01242250	0.00050596
465	0.01293270	0.01242670	0.00050601
466	0.01293570	0.01242970	0.00050605
467	0.01293730	0.01243130	0.00050608
468	0.01293730	0.01243120	0.00050609
469	0.01293570	0.01242970	0.00050608
470	0.01293260	0.01242660	0.00050605
471	0.01292790	0.01242190	0.00050600
472	0.01292210	0.01241610	0.00050592
473	0.01291530	0.01240940	0.00050583
474	0.01290850	0.01240270	0.00050572
475	0.01290110	0.01239550	0.00050560
476	0.01289440	0.01238890	0.00050546
477	0.01288860	0.01238330	0.00050532
478	0.01288460	0.01237940	0.00050517
479	0.01288250	0.01237750	0.00050503
480	0.01288360	0.01237870	0.00050489
481	0.01288820	0.01238350	0.00050476
482	0.01289710	0.01239240	0.00050466
483	0.01290990	0.01240540	0.00050456
484	0.01292740	0.01242290	0.00050449
485	0.01294870	0.01244430	0.00050444
486	0.01297380	0.01246930	0.00050441
487	0.01300170	0.01249730	0.00050439
488	0.01303200	0.01252770	0.00050438
489	0.01306380	0.01255940	0.00050438
490	0.01309640	0.01259200	0.00050438
491	0.01312880	0.01262440	0.00050438
492	0.01316030	0.01265600	0.00050436
493	0.01318950	0.01268520	0.00050431
494	0.01321570	0.01271150	0.00050423
495	0.01323820	0.01273410	0.00050411
496	0.01325710	0.01275310	0.00050394
497	0.01327180	0.01276810	0.00050372
498	0.01328270	0.01277930	0.00050342
499	0.01328910	0.01278610	0.00050305
500	0.01329090	0.01278830	0.00050261
501	0.01328770	0.01278560	0.00050208
502	0.01327930	0.01277780	0.00050148
503	0.01326560	0.01276480	0.00050077
504	0.01324710	0.01274710	0.00049999
505	0.01322410	0.01272500	0.00049910
506	0.01319740	0.01269920	0.00049811
507	0.01316730	0.01267030	0.00049702
508	0.01313510	0.01263930	0.00049583
509	0.01310140	0.01260680	0.00049454
510	0.01306720	0.01257410	0.00049314
511	0.01303300	0.01254140	0.00049165
512	0.01299950	0.01250940	0.00049007
513	0.01296670	0.01247830	0.00048841
514	0.01293470	0.01244810	0.00048666
515	0.01290340	0.01241850	0.00048485
516	0.01287250	0.01238950	0.00048296
517	0.01284210	0.01236110	0.00048101
518	0.01281170	0.01233270	0.00047900
519	0.01278100	0.01230410	0.00047692
520	0.01274960	0.01227480	0.00047478
521	0.01271730	0.01224470	0.00047258
522	0.01268330	0.01221300	0.00047032
523	0.01264770	0.01217970	0.00046801
524	0.01260970	0.01214410	0.00046563
525	0.01257030	0.01210710	0.00046320
526	0.01252860	0.01206790	0.00046070
527	0.01248580	0.01202760	0.00045813
528	0.01244110	0.01198560	0.00045550
529	0.01239480	0.01194200	0.00045281
530	0.01234760	0.01189760	0.00045005
531	0.01230020	0.01185300	0.00044722
532	0.01225320	0.01180890	0.00044434
533	0.01220750	0.01176610	0.00044140
534	0.01216430	0.01172590	0.00043842
535	0.01212450	0.01168910	0.00043539
536	0.01208770	0.01165540	0.00043232
537	0.01205410	0.01162490	0.00042921
538	0.01202410	0.01159800	0.00042607
539	0.01199760	0.01157470	0.00042289
540	0.01197460	0.01155500	0.00041966
541	0.01195450	0.01153810	0.00041639
542	0.01193680	0.01152370	0.00041304
543	0.01192110	0.01151140	0.00040961
544	0.01190610	0.01150010	0.00040605
545	0.01189010	0.01148770	0.00040234
546	0.01187230	0.01147390	0.00039844
547	0.01185100	0.01145670	0.00039432
548	0.01182360	0.01143370	0.00038996
549	0.01178840	0.01140300	0.00038533
550	0.01174270	0.01136220	0.00038047
551	0.01168830	0.01131290	0.00037536
552	0.01162360	0.01125360	0.00037003
553	0.01154820	0.01118370	0.00036454
554	0.01146130	0.01110230	0.00035898
555	0.01136310	0.01100960	0.00035347
556	0.01125360	0.01090550	0.00034811
557	0.01113360	0.01079060	0.00034302
558	0.01100430	0.01066600	0.00033834
559	0.01086660	0.01053250	0.00033406
560	0.01072200	0.01039180	0.00033020
561	0.01057260	0.01024590	0.00032670
562	0.01042070	0.01009720	0.00032348
563	0.01026880	0.00994835	0.00032048
564	0.01011940	0.00980171	0.00031770
565	0.00997416	0.00965901	0.00031515
566	0.00983492	0.00952201	0.00031292
567	0.00970301	0.00939190	0.00031111
568	0.00958019	0.00927034	0.00030986
569	0.00946757	0.00915830	0.00030927
570	0.00936630	0.00905682	0.00030949
571	0.00927758	0.00896697	0.00031060
572	0.00920456	0.00889186	0.00031270
573	0.00915042	0.00883461	0.00031581
574	0.00911761	0.00879766	0.00031994
575	0.00910732	0.00878229	0.00032503
576	0.00911900	0.00878807	0.00033093
577	0.00915053	0.00881316	0.00033738
578	0.00919827	0.00885416	0.00034411
579	0.00925667	0.00890585	0.00035081
580	0.00932314	0.00896583	0.00035731
581	0.00939635	0.00903290	0.00036345
582	0.00947348	0.00910433	0.00036916
583	0.00955283	0.00917837	0.00037446
584	0.00963326	0.00925385	0.00037941
585	0.00971260	0.00932858	0.00038402
586	0.00978986	0.00940154	0.00038832
587	0.00986486	0.00947254	0.00039233
588	0.00993740	0.00954134	0.00039606
589	0.01000770	0.00960813	0.00039957
590	0.01007500	0.00967209	0.00040287
591	0.01013910	0.00973317	0.00040597
592	0.01019930	0.00979033	0.00040892
593	0.01025580	0.00984405	0.00041174
594	0.01030770	0.00989329	0.00041443
595	0.01035610	0.00993911	0.00041700
596	0.01040090	0.00998141	0.00041946
597	0.01044360	0.01002180	0.00042182
598	0.01048410	0.01006010	0.00042406
599	0.01052330	0.01009710	0.00042618
600	0.01056130	0.01013310	0.00042818
601	0.01059860	0.01016860	0.00043007
602	0.01063580	0.01020390	0.00043186
603	0.01067290	0.01023930	0.00043356
604	0.01071040	0.01027520	0.00043517
605	0.01074860	0.01031180	0.00043672
606	0.01078800	0.01034980	0.00043821
607	0.01082890	0.01038920	0.00043965
608	0.01087120	0.01043010	0.00044104
609	0.01091500	0.01047260	0.00044240
610	0.01095940	0.01051570	0.00044374
611	0.01100370	0.01055870	0.00044505
612	0.01104690	0.01060060	0.00044634
613	0.01108760	0.01064000	0.00044761
614	0.01112460	0.01067580	0.00044885
615	0.01115640	0.01070640	0.00045007
616	0.01118170	0.01073050	0.00045126
617	0.01119990	0.01074750	0.00045242
618	0.01121060	0.01075710	0.00045354
619	0.01121420	0.01075950	0.00045462
620	0.01121090	0.01075520	0.00045566
621	0.01120130	0.01074460	0.00045665
622	0.01118640	0.01072870	0.00045760
623	0.01116700	0.01070850	0.00045850
624	0.01114490	0.01068560	0.00045935
625	0.01112110	0.01066100	0.00046014
626	0.01109660	0.01063570	0.00046089
627	0.01107160	0.01061000	0.00046160
628	0.01104670	0.01058440	0.00046228
629	0.01102180	0.01055890	0.00046292
630	0.01099670	0.01053320	0.00046353
631	0.01097130	0.01050720	0.00046410
632	0.01094530	0.01048070	0.00046464
633	0.01091880	0.01045370	0.00046514
634	0.01089190	0.01042630	0.00046560
635	0.01086470	0.01039870	0.00046603
636	0.01083750	0.01037110	0.00046643
637	0.01080990	0.01034310	0.00046680
638	0.01078370	0.01031650	0.00046715
639	0.01075910	0.01029160	0.00046747
640	0.01073740	0.01026960	0.00046778
641	0.01071910	0.01025100	0.00046807
642	0.01070500	0.01023670	0.00046835
643	0.01069510	0.01022640	0.00046863
644	0.01068950	0.01022060	0.00046892
645	0.01068820	0.01021900	0.00046920
646	0.01069100	0.01022150	0.00046950
647	0.01069740	0.01022760	0.00046981
648	0.01070730	0.01023720	0.00047013
649	0.01072040	0.01024990	0.00047046
650	0.01073640	0.01026560	0.00047080
651	0.01075560	0.01028440	0.00047116
652	0.01077700	0.01030550	0.00047153
653	0.01080010	0.01032820	0.00047192
654	0.01082440	0.01035200	0.00047233
655	0.01084980	0.01037700	0.00047276
656	0.01087500	0.01040170	0.00047321
657	0.01090050	0.01042680	0.00047370
658	0.01092490	0.01045070	0.00047422
659	0.01094910	0.01047430	0.00047480
660	0.01097250	0.01049700	0.00047543
661	0.01099570	0.01051960	0.00047611
662	0.01101880	0.01054200	0.00047683
663	0.01104320	0.01056560	0.00047757
664	0.01106900	0.01059070	0.00047832
665	0.01109680	0.01061770	0.00047906
666	0.01112630	0.01064650	0.00047978
667	0.01115800	0.01067750	0.00048048
668	0.01119150	0.01071040	0.00048116
669	0.01122670	0.01074490	0.00048183
670	0.01126300	0.01078050	0.00048249
671	0.01130020	0.01081700	0.00048315
672	0.01133800	0.01085420	0.00048383
673	0.01137670	0.01089220	0.00048452
674	0.01141600	0.01093080	0.00048524
675	0.01145660	0.01097070	0.00048597
676	0.01149910	0.01101240	0.00048671
677	0.01154360	0.01105620	0.00048745
678	0.01159030	0.01110210	0.00048820
679	0.01163900	0.01115000	0.00048894
680	0.01168920	0.01119950	0.00048968
681	0.01173960	0.01124920	0.00049041
682	0.01178910	0.01129800	0.00049113
683	0.01183600	0.01134420	0.00049183
684	0.01187890	0.01138640	0.00049252
685	0.01191580	0.01142260	0.00049319
686	0.01194640	0.01145250	0.00049384
687	0.01197000	0.01147550	0.00049446
688	0.01198700	0.01149190	0.00049505
689	0.01199780	0.01150220	0.00049561
690	0.01200370	0.01150760	0.00049613
691	0.01200570	0.01150910	0.00049661
692	0.01200580	0.01150880	0.00049704
693	0.01200560	0.01150820	0.00049744
694	0.01200670	0.01150890	0.00049779
695	0.01201030	0.01151220	0.00049812
696	0.01201810	0.01151970	0.00049841
697	0.01203030	0.01153160	0.00049869
698	0.01204840	0.01154940	0.00049896
699	0.01207270	0.01157350	0.00049922
700	0.01210450	0.01160500	0.00049949
701	0.01214390	0.01164420	0.00049977
702	0.01219170	0.01169160	0.00050007
703	0.01224800	0.01174770	0.00050040
704	0.01231310	0.01181230	0.00050075
705	0.01238690	0.01188580	0.00050115
706	0.01246960	0.01196800	0.00050158
707	0.01256050	0.01205840	0.00050206
708	0.01265830	0.01215570	0.00050259
709	0.01276220	0.01225900	0.00050317
710	0.01287080	0.01236700	0.00050380
711	0.01298350	0.01247900	0.00050447
712	0.01309900	0.01259380	0.00050518
713	0.01321750	0.01271150	0.00050594
714	0.01333670	0.01283000	0.00050672
715	0.01345620	0.01294870	0.00050753
716	0.01357290	0.01306460	0.00050836
717	0.01368690	0.01317770	0.00050920
718	0.01379580	0.01328580	0.00051005
719	0.01389780	0.01338700	0.00051088
720	0.01399230	0.01348060	0.00051170
721	0.01407850	0.01356600	0.00051250
722	0.01415550	0.01364220	0.00051326
723	0.01422340	0.01370940	0.00051398
724	0.01428030	0.01376560	0.00051464
725	0.01432420	0.01380900	0.00051523
726	0.01435420	0.01383840	0.00051574
727	0.01436960	0.01385350	0.00051617
728	0.01436880	0.01385230	0.00051649
729	0.01435040	0.01383370	0.00051671
730	0.01431340	0.01379660	0.00051680
731	0.01425790	0.01374120	0.00051677
732	0.01418480	0.01366820	0.00051661
733	0.01409430	0.01357800	0.00051630
734	0.01398750	0.01347170	0.00051585
735	0.01386600	0.01335070	0.00051526
736	0.01373200	0.01321740	0.00051454
737	0.01358730	0.01307360	0.00051371
738	0.01343440	0.01292160	0.00051276
739	0.01327560	0.01276390	0.00051174
740	0.01311490	0.01260430	0.00051063
741	0.01295510	0.01244570	0.00050949
742	0.01279940	0.01229110	0.00050832
743	0.01264980	0.01214270	0.00050717
744	0.01250940	0.01200330	0.00050605
745	0.01237930	0.01187430	0.00050500
746	0.01226170	0.01175770	0.00050403
747	0.01215800	0.01165480	0.00050317
748	0.01206810	0.01156570	0.00050242
749	0.01199070	0.01148890	0.00050178
750	0.01192490	0.01142370	0.00050127
751	0.01187030	0.01136950	0.00050088
752	0.01182580	0.01132520	0.00050059
753	0.01179070	0.01129030	0.00050041
754	0.01176430	0.01126400	0.00050032
755	0.01174500	0.01124470	0.00050030
756	0.01173050	0.01123020	0.00050034
757	0.01171890	0.01121850	0.00050041
758	0.01170900	0.01120850	0.00050050
759	0.01169950	0.01119890	0.00050058
760	0.01169030	0.01118960	0.00050065
761	0.01168090	0.01118020	0.00050070
762	0.01167200	0.01117130	0.00050074
763	0.01166190	0.01116110	0.00050077
764	0.01164800	0.01114720	0.00050077
765	0.01162920	0.01112840	0.00050076
766	0.01160600	0.01110520	0.00050075
767	0.01158020	0.01107950	0.00050073
768	0.01155410	0.01105330	0.00050072
769	0.01152960	0.01102890	0.00050073
770	0.01150820	0.01100750	0.00050077
771	0.01149170	0.01099090	0.00050085
772	0.01148060	0.01097960	0.00050097
773	0.01147610	0.01097500	0.00050112
774	0.01147850	0.01097720	0.00050131
775	0.01148900	0.01098740	0.00050153
776	0.01150690	0.01100510	0.00050177
777	0.01153290	0.01103090	0.00050201
778	0.01156490	0.01106260	0.00050226
779	0.01160270	0.01110030	0.00050249
780	0.01164510	0.01114240	0.00050272
781	0.01169100	0.01118800	0.00050293
782	0.01173970	0.01123660	0.00050312
783	0.01179040	0.01128710	0.00050329
784	0.01184320	0.01133980	0.00050344
785	0.01189710	0.01139350	0.00050357
786	0.01195230	0.01144870	0.00050367
787	0.01200840	0.01150470	0.00050373
788	0.01206570	0.01156190	0.00050376
789	0.01212430	0.01162050	0.00050375
790	0.01218500	0.01168130	0.00050368
791	0.01224720	0.01174360	0.00050358
792	0.01230990	0.01180640	0.00050345
793	0.01237190	0.01186860	0.00050329
794	0.01243210	0.01192900	0.00050310
795	0.01249010	0.01198730	0.00050287
796	0.01254600	0.01204340	0.00050260
797	0.01259940	0.01209710	0.00050229
798	0.01265040	0.01214840	0.00050194
799	0.01269730	0.01219580	0.00050155
800	0.01273980	0.01223870	0.00050111
801	0.01277620	0.01227560	0.00050062
802	0.01280610	0.01230600	0.00050008
803	0.01282850	0.01232900	0.00049949
804	0.01284340	0.01234450	0.00049884
805	0.01285040	0.01235230	0.00049814
806	0.01285040	0.01235300	0.00049737
807	0.01284300	0.01234640	0.00049655
808	0.01282880	0.01233310	0.00049567
809	0.01280790	0.01231310	0.00049474
810	0.01278120	0.01228750	0.00049374
811	0.01274870	0.01225600	0.00049270
812	0.01271060	0.01221900	0.00049162
813	0.01266730	0.01217680	0.00049049
814	0.01261910	0.01212970	0.00048932
815	0.01256620	0.01207810	0.00048812
816	0.01250990	0.01202300	0.00048688
817	0.01245070	0.01196510	0.00048562
818	0.01239010	0.01190570	0.00048434
819	0.01232800	0.01184490	0.00048305
820	0.01226560	0.01178390	0.00048175
821	0.01220340	0.01172300	0.00048045
822	0.01214300	0.01166390	0.00047914
823	0.01208460	0.01160670	0.00047785
824	0.01202870	0.01155210	0.00047657
825	0.01197570	0.01150040	0.00047531
826	0.01192640	0.01145230	0.00047406
827	0.01188130	0.01140850	0.00047284
828	0.01184140	0.01136980	0.00047164
829	0.01180680	0.01133630	0.00047046
830	0.01177820	0.01130890	0.00046931
831	0.01175600	0.01128780	0.00046819
832	0.01174010	0.01127300	0.00046708
833	0.01173110	0.01126510	0.00046600
834	0.01172870	0.01126380	0.00046493
835	0.01173370	0.01126980	0.00046388
836	0.01174480	0.01128190	0.00046284
837	0.01176250	0.01130060	0.00046181
838	0.01178670	0.01132590	0.00046079
839	0.01181720	0.01135740	0.00045976
840	0.01185480	0.01139610	0.00045873
841	0.01189940	0.01144170	0.00045769
842	0.01194970	0.01149300	0.00045664
843	0.01200550	0.01154990	0.00045558
844	0.01206560	0.01161110	0.00045450
845	0.01212860	0.01167520	0.00045340
846	0.01219370	0.01174150	0.00045229
847	0.01226090	0.01180970	0.00045116
848	0.01232940	0.01187940	0.00045001
849	0.01239880	0.01195000	0.00044886
850	0.01246860	0.01202090	0.00044771
851	0.01253790	0.01209130	0.00044655
852	0.01260600	0.01216060	0.00044539
853	0.01267280	0.01222860	0.00044424
854	0.01273770	0.01229460	0.00044310
855	0.01279990	0.01235790	0.00044200
856	0.01285830	0.01241730	0.00044095
857	0.01291200	0.01247210	0.00043990
858	0.01296070	0.01252180	0.00043886
859	0.01300330	0.01256540	0.00043783
860	0.01303940	0.01260260	0.00043681
861	0.01306750	0.01263170	0.00043578
862	0.01308740	0.01265260	0.00043474
863	0.01309840	0.01266470	0.00043367
864	0.01310060	0.01266800	0.00043255
865	0.01309530	0.01266390	0.00043137
866	0.01308130	0.01265120	0.00043007
867	0.01305700	0.01262840	0.00042862
868	0.01302040	0.01259350	0.00042698
869	0.01297050	0.01254540	0.00042507
870	0.01290660	0.01248380	0.00042284
871	0.01282850	0.01240830	0.00042020
872	0.01273940	0.01232230	0.00041709
873	0.01263880	0.01222530	0.00041348
874	0.01252620	0.01211690	0.00040933
875	0.01239860	0.01199400	0.00040465
876	0.01225990	0.01186050	0.00039945
877	0.01211440	0.01172070	0.00039374
878	0.01196750	0.01157980	0.00038764
879	0.01182330	0.01144200	0.00038129
880	0.01168750	0.01131260	0.00037491
881	0.01156390	0.01119520	0.00036862
882	0.01145590	0.01109320	0.00036264
883	0.01136570	0.01100850	0.00035720
884	0.01129550	0.01094300	0.00035250
885	0.01124800	0.01089930	0.00034874
886	0.01122460	0.01087850	0.00034606
887	0.01122800	0.01088340	0.00034459
888	0.01125870	0.01091430	0.00034439
889	0.01131930	0.01097380	0.00034553
890	0.01140810	0.01106010	0.00034798
891	0.01152360	0.01117190	0.00035165
892	0.01166080	0.01130440	0.00035636
893	0.01181600	0.01145410	0.00036192
894	0.01198210	0.01161390	0.00036814
895	0.01215660	0.01178170	0.00037484
896	0.01233120	0.01194930	0.00038190
897	0.01250250	0.01211330	0.00038916
898	0.01266500	0.01226850	0.00039648
899	0.01281720	0.01241350	0.00040374
900	0.01295710	0.01254620	0.00041085
901	0.01308540	0.01266760	0.00041772
902	0.01320240	0.01277810	0.00042429
903	0.01330890	0.01287840	0.00043050
904	0.01340630	0.01296990	0.00043633
905	0.01349600	0.01305420	0.00044176
906	0.01357870	0.01313190	0.00044679
907	0.01365550	0.01320410	0.00045142
908	0.01372650	0.01327080	0.00045566
909	0.01379270	0.01333320	0.00045954
910	0.01385410	0.01339100	0.00046309
911	0.01391100	0.01344460	0.00046631
912	0.01396360	0.01349440	0.00046924
913	0.01401290	0.01354100	0.00047190
914	0.01405870	0.01358440	0.00047431
915	0.01410220	0.01362570	0.00047652
916	0.01414360	0.01366510	0.00047854
917	0.01418400	0.01370360	0.00048038
918	0.01422260	0.01374050	0.00048207
919	0.01426110	0.01377750	0.00048361
920	0.01429920	0.01381410	0.00048504
921	0.01433840	0.01385210	0.00048636
922	0.01437790	0.01389030	0.00048757
923	0.01441800	0.01392930	0.00048870
924	0.01445740	0.01396770	0.00048975
925	0.01449640	0.01400560	0.00049073
926	0.01453450	0.01404280	0.00049165
927	0.01457360	0.01408110	0.00049250
928	0.01461340	0.01412010	0.00049331
929	0.01465520	0.01416110	0.00049407
930	0.01469800	0.01420320	0.00049479
931	0.01474310	0.01424760	0.00049549
932	0.01478900	0.01429280	0.00049616
933	0.01483670	0.01433990	0.00049681
934	0.01488550	0.01438810	0.00049744
935	0.01493610	0.01443800	0.00049806
936	0.01498830	0.01448960	0.00049867
937	0.01504300	0.01454370	0.00049928
938	0.01509830	0.01459840	0.00049988
939	0.01515490	0.01465440	0.00050048
940	0.01521270	0.01471160	0.00050108
941	0.01527130	0.01476970	0.00050168
942	0.01533190	0.01482960	0.00050228
943	0.01539390	0.01489100	0.00050289
944	0.01545750	0.01495400	0.00050351
945	0.01552160	0.01501750	0.00050412
946	0.01558560	0.01508090	0.00050473
947	0.01564780	0.01514240	0.00050533
948	0.01570690	0.01520100	0.00050593
949	0.01576160	0.01525510	0.00050652
950	0.01580910	0.01530200	0.00050711
951	0.01584670	0.01533910	0.00050767
952	0.01587160	0.01536340	0.00050821
953	0.01588180	0.01537310	0.00050872
954	0.01587550	0.01536630	0.00050920
955	0.01585120	0.01534160	0.00050964
956	0.01580940	0.01529940	0.00051004
957	0.01575010	0.01523970	0.00051039
958	0.01567430	0.01516360	0.00051070
959	0.01558390	0.01507290	0.00051097
960	0.01548110	0.01496990	0.00051118
961	0.01536820	0.01485690	0.00051136
962	0.01524660	0.01473510	0.00051149
963	0.01511840	0.01460680	0.00051159
964	0.01498540	0.01447380	0.00051165
965	0.01484900	0.01433730	0.00051169
966	0.01471050	0.01419880	0.00051170
967	0.01457080	0.01405910	0.00051169
968	0.01443140	0.01391970	0.00051165
969	0.01429210	0.01378050	0.00051161
970	0.01415440	0.01364290	0.00051154
971	0.01401860	0.01350710	0.00051147
972	0.01388570	0.01337430	0.00051140
973	0.01375520	0.01324390	0.00051132
974	0.01362850	0.01311730	0.00051123
975	0.01350480	0.01299370	0.00051114
976	0.01338460	0.01287350	0.00051103
977	0.01326570	0.01275480	0.00051092
978	0.01314850	0.01263770	0.00051080
979	0.01303160	0.01252100	0.00051066
980	0.01291490	0.01240440	0.00051051
981	0.01279760	0.01228720	0.00051033
982	0.01268080	0.01217060	0.00051013
983	0.01256550	0.01205560	0.00050990
984	0.01245450	0.01194490	0.00050964
985	0.01234940	0.01184010	0.00050934
986	0.01225230	0.01174330	0.00050900
987	0.01216360	0.01165500	0.00050862
988	0.01208310	0.01157490	0.00050819
989	0.01200860	0.01150090	0.00050771
990	0.01193830	0.01143120	0.00050717
991	0.01186960	0.01136300	0.00050656
992	0.01180150	0.01129560	0.00050589
993	0.01173310	0.01122800	0.00050514
994	0.01166460	0.01116030	0.00050433
995	0.01159670	0.01109320	0.00050345
996	0.01153040	0.01102790	0.00050252
997	0.01146640	0.01096490	0.00050156
998	0.01140610	0.01090550	0.00050057
999	0.01134990	0.01085030	0.00049957
1000	0.01129900	0.01080040	0.00049860
1001	0.01125220	0.01075450	0.00049766
1002	0.01120860	0.01071180	0.00049679
1003	0.01116610	0.01067010	0.00049598
1004	0.01112260	0.01062740	0.00049525
1005	0.01107720	0.01058260	0.00049461
1006	0.01102840	0.01053440	0.00049404
1007	0.01097430	0.01048080	0.00049355
1008	0.01091270	0.01041950	0.00049312
1009	0.01084150	0.01034880	0.00049274
1010	0.01076010	0.01026770	0.00049238
1011	0.01066890	0.01017690	0.00049203
1012	0.01057040	0.01007870	0.00049169
1013	0.01046590	0.00997460	0.00049135
1014	0.01035620	0.00986524	0.00049099
1015	0.01024210	0.00975152	0.00049060
1016	0.01012410	0.00963392	0.00049019
1017	0.01000240	0.00951265	0.00048975
1018	0.00987707	0.00938780	0.00048927
1019	0.00974809	0.00925935	0.00048875
1020	0.00961581	0.00912762	0.00048819
1021	0.00947996	0.00899238	0.00048758
1022	0.00934232	0.00885540	0.00048692
1023	0.00920355	0.00871733	0.00048622
1024	0.00906542	0.00857995	0.00048546
1025	0.00892884	0.00844418	0.00048466
1026	0.00879500	0.00831118	0.00048381
1027	0.00866460	0.00818168	0.00048292
1028	0.00853862	0.00805664	0.00048198
1029	0.00841748	0.00793647	0.00048102
1030	0.00830140	0.00782138	0.00048002
1031	0.00819078	0.00771177	0.00047901
1032	0.00808562	0.00760764	0.00047798
1033	0.00798634	0.00750939	0.00047695
1034	0.00789341	0.00741748	0.00047593
1035	0.00780765	0.00733274	0.00047491
1036	0.00772932	0.00725540	0.00047392
1037	0.00765876	0.00718581	0.00047295
1038	0.00759576	0.00712374	0.00047202
1039	0.00754025	0.00706912	0.00047113
1040	0.00749155	0.00702127	0.00047027
1041	0.00744978	0.00698031	0.00046947
1042	0.00741458	0.00694588	0.00046870
1043	0.00738630	0.00691831	0.00046798
1044	0.00736468	0.00689736	0.00046732
1045	0.00734972	0.00688301	0.00046672
1046	0.00734047	0.00687430	0.00046617
1047	0.00733724	0.00687157	0.00046568
1048	0.00733932	0.00687407	0.00046525
1049	0.00734674	0.00688186	0.00046488
1050	0.00735854	0.00689397	0.00046457
1051	0.00737420	0.00690989	0.00046431
1052	0.00739292	0.00692882	0.00046410
1053	0.00741443	0.00695049	0.00046395
1054	0.00743796	0.00697413	0.00046383
1055	0.00746351	0.00699975	0.00046376
1056	0.00749030	0.00702657	0.00046373
1057	0.00751828	0.00705454	0.00046374
1058	0.00754662	0.00708284	0.00046378
1059	0.00757535	0.00711149	0.00046385
1060	0.00760381	0.00713986	0.00046395
1061	0.00763199	0.00716791	0.00046408
1062	0.00765929	0.00719506	0.00046423
1063	0.00768633	0.00722192	0.00046440
1064	0.00771265	0.00724806	0.00046459
1065	0.00773865	0.00727385	0.00046480
1066	0.00776400	0.00729898	0.00046502
1067	0.00778929	0.00732403	0.00046526
1068	0.00781442	0.00734890	0.00046552
1069	0.00783991	0.00737413	0.00046578
1070	0.00786529	0.00739922	0.00046607
1071	0.00789143	0.00742507	0.00046637
1072	0.00791828	0.00745160	0.00046668
1073	0.00794667	0.00747966	0.00046701
1074	0.00797622	0.00750887	0.00046735
1075	0.00800763	0.00753992	0.00046771
1076	0.00804112	0.00757303	0.00046809
1077	0.00807700	0.00760852	0.00046848
1078	0.00811488	0.00764600	0.00046889
1079	0.00815482	0.00768552	0.00046931
1080	0.00819665	0.00772691	0.00046974
1081	0.00824090	0.00777072	0.00047018
1082	0.00828758	0.00781695	0.00047063
1083	0.00833657	0.00786548	0.00047109
1084	0.00838656	0.00791501	0.00047155
1085	0.00843722	0.00796521	0.00047201
1086	0.00848686	0.00801440	0.00047246
1087	0.00853572	0.00806282	0.00047290
1088	0.00858175	0.00810843	0.00047332
1089	0.00862556	0.00815185	0.00047371
1090	0.00866588	0.00819180	0.00047408
1091	0.00870375	0.00822933	0.00047442
1092	0.00873819	0.00826347	0.00047472
1093	0.00877050	0.00829551	0.00047498
1094	0.00880009	0.00832489	0.00047520
1095	0.00882830	0.00835293	0.00047538
1096	0.00885469	0.00837918	0.00047551
1097	0.00887969	0.00840410	0.00047559
1098	0.00890334	0.00842770	0.00047564
1099	0.00892593	0.00845028	0.00047564
1100	0.00894804	0.00847243	0.00047561
1101	0.00896912	0.00849357	0.00047555
1102	0.00899023	0.00851477	0.00047546
1103	0.00901170	0.00853635	0.00047534
1104	0.00903442	0.00855922	0.00047521
1105	0.00905795	0.00858289	0.00047506
1106	0.00908318	0.00860828	0.00047490
1107	0.00910942	0.00863469	0.00047473
1108	0.00913708	0.00866253	0.00047455
1109	0.00916549	0.00869111	0.00047438
1110	0.00919531	0.00872110	0.00047421
1111	0.00922526	0.00875122	0.00047404
1112	0.00925592	0.00878204	0.00047387
1113	0.00928696	0.00881325	0.00047370
1114	0.00931850	0.00884496	0.00047354
1115	0.00934977	0.00887639	0.00047338
1116	0.00938094	0.00890773	0.00047321
1117	0.00941138	0.00893835	0.00047304
1118	0.00944097	0.00896811	0.00047286
1119	0.00946923	0.00899654	0.00047268
1120	0.00949593	0.00902343	0.00047250
1121	0.00952104	0.00904873	0.00047231
1122	0.00954440	0.00907227	0.00047212
1123	0.00956638	0.00909446	0.00047192
1124	0.00958646	0.00911474	0.00047172
1125	0.00960519	0.00913367	0.00047151
1126	0.00962199	0.00915069	0.00047130
1127	0.00963664	0.00916556	0.00047108
1128	0.00964856	0.00917771	0.00047086
1129	0.00965757	0.00918695	0.00047063
1130	0.00966385	0.00919346	0.00047039
1131	0.00966712	0.00919697	0.00047015
1132	0.00966797	0.00919807	0.00046990
1133	0.00966668	0.00919703	0.00046964
1134	0.00966366	0.00919428	0.00046938
1135	0.00965885	0.00918975	0.00046910
1136	0.00965338	0.00918458	0.00046880
1137	0.00964737	0.00917888	0.00046849
1138	0.00964134	0.00917317	0.00046817
1139	0.00963534	0.00916751	0.00046782
1140	0.00962939	0.00916194	0.00046745
1141	0.00962394	0.00915688	0.00046706
1142	0.00961922	0.00915259	0.00046663
1143	0.00961600	0.00914983	0.00046617
1144	0.00961440	0.00914872	0.00046568
1145	0.00961475	0.00914960	0.00046515
1146	0.00961647	0.00915188	0.00046459
1147	0.00962011	0.00915614	0.00046398
1148	0.00962520	0.00916188	0.00046333
1149	0.00963185	0.00916921	0.00046264
1150	0.00964000	0.00917809	0.00046190
1151	0.00964999	0.00918886	0.00046113
1152	0.00966224	0.00920191	0.00046033
1153	0.00967713	0.00921763	0.00045950
1154	0.00969481	0.00923616	0.00045864
1155	0.00971576	0.00925799	0.00045778
1156	0.00973974	0.00928284	0.00045691
1157	0.00976610	0.00931007	0.00045604
1158	0.00979334	0.00933816	0.00045518
1159	0.00981985	0.00936551	0.00045434
1160	0.00984404	0.00939053	0.00045352
1161	0.00986523	0.00941250	0.00045273
1162	0.00988258	0.00943062	0.00045196
1163	0.00989540	0.00944417	0.00045122
1164	0.00990311	0.00945259	0.00045052
1165	0.00990630	0.00945646	0.00044984
1166	0.00990668	0.00945749	0.00044920
1167	0.00990675	0.00945816	0.00044859
1168	0.00990901	0.00946099	0.00044802
1169	0.00991584	0.00946834	0.00044750
1170	0.00992886	0.00948184	0.00044702
1171	0.00994925	0.00950265	0.00044660
1172	0.00997676	0.00953053	0.00044623
1173	0.01001130	0.00956540	0.00044593
1174	0.01005170	0.00960597	0.00044568
1175	0.01009670	0.00965124	0.00044549
1176	0.01014390	0.00969857	0.00044536
1177	0.01019180	0.00974653	0.00044527
1178	0.01023810	0.00979291	0.00044523
1179	0.01028200	0.00983677	0.00044522
1180	0.01032110	0.00987586	0.00044523
1181	0.01035610	0.00991084	0.00044526
1182	0.01038590	0.00994061	0.00044530
1183	0.01041130	0.00996598	0.00044533
1184	0.01043160	0.00998623	0.00044536
1185	0.01044780	0.01000250	0.00044536
1186	0.01045970	0.01001440	0.00044534
1187	0.01046880	0.01002350	0.00044529
1188	0.01047560	0.01003040	0.00044518
1189	0.01048200	0.01003700	0.00044502
1190	0.01048810	0.01004320	0.00044481
1191	0.01049540	0.01005080	0.00044453
1192	0.01050360	0.01005940	0.00044419
1193	0.01051450	0.01007080	0.00044379
1194	0.01052770	0.01008430	0.00044331
1195	0.01054460	0.01010180	0.00044277
1196	0.01056470	0.01012260	0.00044216
1197	0.01059010	0.01014860	0.00044147
1198	0.01062020	0.01017940	0.00044073
1199	0.01065530	0.01021540	0.00043992
1200	0.01069440	0.01025540	0.00043904
1201	0.01073720	0.01029910	0.00043810
1202	0.01078160	0.01034450	0.00043708
1203	0.01082710	0.01039110	0.00043600
1204	0.01087060	0.01043580	0.00043484
1205	0.01091240	0.01047880	0.00043360
1206	0.01095030	0.01051800	0.00043228
1207	0.01098350	0.01055260	0.00043089
1208	0.01101020	0.01058080	0.00042941
1209	0.01103110	0.01060320	0.00042786
1210	0.01104530	0.01061910	0.00042623
1211	0.01105320	0.01062870	0.00042452
1212	0.01105490	0.01063210	0.00042273
1213	0.01105110	0.01063020	0.00042086
1214	0.01104170	0.01062280	0.00041893
1215	0.01102820	0.01061130	0.00041693
1216	0.01101010	0.01059520	0.00041488
1217	0.01098530	0.01057250	0.00041279
1218	0.01095150	0.01054080	0.00041069
1219	0.01090720	0.01049860	0.00040861
1220	0.01085150	0.01044490	0.00040657
1221	0.01078400	0.01037940	0.00040459
1222	0.01070490	0.01030220	0.00040273
1223	0.01061460	0.01021360	0.00040103
1224	0.01051430	0.01011480	0.00039955
1225	0.01040500	0.01000670	0.00039834
1226	0.01028950	0.00989206	0.00039747
1227	0.01017020	0.00977326	0.00039697
1228	0.01005130	0.00965442	0.00039690
1229	0.00993542	0.00953815	0.00039727
1230	0.00982645	0.00942834	0.00039811
1231	0.00972692	0.00932754	0.00039938
1232	0.00964068	0.00923964	0.00040104
1233	0.00956883	0.00916577	0.00040306
1234	0.00951299	0.00910763	0.00040536
1235	0.00947182	0.00906393	0.00040789
1236	0.00944390	0.00903330	0.00041060
1237	0.00942661	0.00901319	0.00041341
1238	0.00941772	0.00900143	0.00041629
1239	0.00941490	0.00899572	0.00041918
1240	0.00941697	0.00899491	0.00042205
1241	0.00942283	0.00899796	0.00042487
1242	0.00943137	0.00900376	0.00042762
1243	0.00944136	0.00901110	0.00043026
1244	0.00945213	0.00901934	0.00043279
1245	0.00946220	0.00902703	0.00043518
1246	0.00947095	0.00903354	0.00043741
1247	0.00947782	0.00903835	0.00043947
1248	0.00948241	0.00904107	0.00044135
1249	0.00948479	0.00904176	0.00044303
1250	0.00948522	0.00904070	0.00044452
1251	0.00948477	0.00903896	0.00044581
1252	0.00948478	0.00903787	0.00044691
1253	0.00948661	0.00903878	0.00044782
1254	0.00949169	0.00904313	0.00044856
1255	0.00950094	0.00905179	0.00044914
1256	0.00951518	0.00906559	0.00044959
1257	0.00953454	0.00908460	0.00044994
1258	0.00955958	0.00910938	0.00045021
1259	0.00958998	0.00913955	0.00045043
1260	0.00962512	0.00917449	0.00045063
1261	0.00966368	0.00921285	0.00045084
1262	0.00970481	0.00925374	0.00045107
1263	0.00974829	0.00929694	0.00045136
1264	0.00979356	0.00934186	0.00045170
1265	0.00984031	0.00938821	0.00045211
1266	0.00988786	0.00943527	0.00045258
1267	0.00993586	0.00948273	0.00045313
1268	0.00998356	0.00952981	0.00045375
1269	0.01003020	0.00957574	0.00045442
1270	0.01007520	0.00962007	0.00045514
1271	0.01011860	0.00966274	0.00045590
1272	0.01016010	0.00970340	0.00045667
1273	0.01019940	0.00974195	0.00045744
1274	0.01023650	0.00977831	0.00045819
1275	0.01027110	0.00981219	0.00045891
1276	0.01030310	0.00984353	0.00045960
1277	0.01033240	0.00987212	0.00046023
1278	0.01035850	0.00989770	0.00046081
1279	0.01038120	0.00991990	0.00046133
1280	0.01040020	0.00993842	0.00046178
1281	0.01041540	0.00995320	0.00046216
1282	0.01042590	0.00996339	0.00046247
1283	0.01043170	0.00996897	0.00046270
1284	0.01043320	0.00997030	0.00046286
1285	0.01043080	0.00996784	0.00046294
1286	0.01042530	0.00996236	0.00046294
1287	0.01041710	0.00995423	0.00046288
1288	0.01040740	0.00994462	0.00046275
1289	0.01039720	0.00993465	0.00046257
1290	0.01038720	0.00992489	0.00046233
1291	0.01037780	0.00991578	0.00046205
1292	0.01036970	0.00990795	0.00046172
1293	0.01036290	0.00990149	0.00046137
1294	0.01035710	0.00989613	0.00046098
1295	0.01035220	0.00989165	0.00046057
1296	0.01034810	0.00988793	0.00046015
1297	0.01034450	0.00988477	0.00045971
1298	0.01034150	0.00988228	0.00045926
1299	0.01033910	0.00988027	0.00045880
1300	0.01033680	0.00987847	0.00045834
1301	0.01033500	0.00987709	0.00045789
1302	0.01033330	0.00987583	0.00045743
1303	0.01033220	0.00987519	0.00045698
1304	0.01033110	0.00987457	0.00045654
1305	0.01033130	0.00987518	0.00045610
1306	0.01033200	0.00987628	0.00045568
1307	0.01033380	0.00987853	0.00045526
1308	0.01033610	0.00988123	0.00045485
1309	0.01033890	0.00988443	0.00045445
1310	0.01034100	0.00988691	0.00045406
1311	0.01034200	0.00988834	0.00045367
1312	0.01034130	0.00988803	0.00045329
1313	0.01033870	0.00988581	0.00045292
1314	0.01033360	0.00988103	0.00045254
1315	0.01032580	0.00987366	0.00045215
1316	0.01031460	0.00986285	0.00045176
1317	0.01029980	0.00984845	0.00045136
1318	0.01028050	0.00982950	0.00045095
1319	0.01025660	0.00980607	0.00045054
1320	0.01022830	0.00977824	0.00045011
1321	0.01019610	0.00974639	0.00044967
1322	0.01015990	0.00971068	0.00044923
1323	0.01011970	0.00967094	0.00044879
1324	0.01007610	0.00962771	0.00044835
1325	0.01002870	0.00958079	0.00044792
1326	0.00997850	0.00953100	0.00044750
1327	0.00992542	0.00947833	0.00044710
1328	0.00987080	0.00942409	0.00044671
1329	0.00981434	0.00936799	0.00044636
1330	0.00975753	0.00931150	0.00044603
1331	0.00970044	0.00925470	0.00044574
1332	0.00964538	0.00919989	0.00044550
1333	0.00959198	0.00914669	0.00044529
1334	0.00954173	0.00909659	0.00044514
1335	0.00949413	0.00904909	0.00044503
1336	0.00945050	0.00900552	0.00044498
1337	0.00941058	0.00896562	0.00044497
1338	0.00937508	0.00893008	0.00044500
1339	0.00934321	0.00889813	0.00044509
1340	0.00931545	0.00887024	0.00044521
1341	0.00929089	0.00884551	0.00044538
1342	0.00927016	0.00882458	0.00044558
1343	0.00925268	0.00880687	0.00044581
1344	0.00923871	0.00879264	0.00044607
1345	0.00922752	0.00878118	0.00044634
1346	0.00921912	0.00877248	0.00044663
1347	0.00921287	0.00876594	0.00044693
1348	0.00920868	0.00876145	0.00044723
1349	0.00920589	0.00875836	0.00044753
1350	0.00920448	0.00875666	0.00044782
1351	0.00920397	0.00875587	0.00044810
1352	0.00920408	0.00875571	0.00044838
1353	0.00920474	0.00875611	0.00044864
1354	0.00920530	0.00875640	0.00044890
1355	0.00920597	0.00875682	0.00044915
1356	0.00920711	0.00875770	0.00044941
1357	0.00920891	0.00875923	0.00044968
1358	0.00921176	0.00876182	0.00044994
1359	0.00921569	0.00876548	0.00045021
1360	0.00922037	0.00876989	0.00045048
1361	0.00922584	0.00877511	0.00045074
1362	0.00923185	0.00878087	0.00045098
1363	0.00923910	0.00878791	0.00045119
1364	0.00924717	0.00879580	0.00045137
1365	0.00925726	0.00880577	0.00045149
1366	0.00926957	0.00881802	0.00045155
1367	0.00928541	0.00883388	0.00045152
1368	0.00930479	0.00885338	0.00045141
1369	0.00932793	0.00887674	0.00045119
1370	0.00935373	0.00890287	0.00045087
1371	0.00938171	0.00893127	0.00045044
1372	0.00940973	0.00895978	0.00044994
1373	0.00943664	0.00898722	0.00044942
1374	0.00946164	0.00901276	0.00044888
1375	0.00948461	0.00903626	0.00044835
1376	0.00950546	0.00905765	0.00044781
1377	0.00952444	0.00907717	0.00044727
1378	0.00954140	0.00909468	0.00044672
1379	0.00955691	0.00911075	0.00044615
1380	0.00957105	0.00912549	0.00044556
1381	0.00958410	0.00913915	0.00044495
1382	0.00959636	0.00915205	0.00044430
1383	0.00960774	0.00916411	0.00044363
1384	0.00961807	0.00917514	0.00044293
1385	0.00962710	0.00918491	0.00044219
1386	0.00963471	0.00919328	0.00044143
1387	0.00964032	0.00919969	0.00044063
1388	0.00964387	0.00920407	0.00043980
1389	0.00964499	0.00920606	0.00043893
1390	0.00964368	0.00920565	0.00043803
1391	0.00963965	0.00920255	0.00043710
1392	0.00963349	0.00919735	0.00043614
1393	0.00962533	0.00919017	0.00043516
1394	0.00961550	0.00918135	0.00043415
1395	0.00960417	0.00917105	0.00043312
1396	0.00959168	0.00915961	0.00043207
1397	0.00957872	0.00914771	0.00043101
1398	0.00956528	0.00913535	0.00042993
1399	0.00955211	0.00912327	0.00042885
1400	0.00953927	0.00911151	0.00042776
1401	0.00952721	0.00910054	0.00042667
1402	0.00951563	0.00909005	0.00042558
1403	0.00950457	0.00908006	0.00042451
1404	0.00949382	0.00907037	0.00042344
1405	0.00948323	0.00906083	0.00042240
1406	0.00947312	0.00905173	0.00042139
1407	0.00946337	0.00904296	0.00042041
1408	0.00945388	0.00903441	0.00041948
1409	0.00944469	0.00902610	0.00041859
1410	0.00943639	0.00901863	0.00041776
1411	0.00942932	0.00901233	0.00041699
1412	0.00942393	0.00900763	0.00041630
1413	0.00942052	0.00900484	0.00041568
1414	0.00941986	0.00900470	0.00041515
1415	0.00942190	0.00900719	0.00041471
1416	0.00942707	0.00901271	0.00041436
1417	0.00943477	0.00902067	0.00041411
1418	0.00944496	0.00903102	0.00041395
1419	0.00945689	0.00904302	0.00041388
1420	0.00947034	0.00905645	0.00041389
1421	0.00948510	0.00907112	0.00041399
1422	0.00950073	0.00908657	0.00041415
1423	0.00951745	0.00910306	0.00041439
1424	0.00953444	0.00911977	0.00041467
1425	0.00955173	0.00913673	0.00041500
1426	0.00956872	0.00915336	0.00041537
1427	0.00958561	0.00916984	0.00041576
1428	0.00960231	0.00918613	0.00041618
1429	0.00961896	0.00920235	0.00041661
1430	0.00963484	0.00921778	0.00041705
1431	0.00965017	0.00923266	0.00041750
1432	0.00966492	0.00924697	0.00041796
1433	0.00967940	0.00926098	0.00041841
1434	0.00969334	0.00927447	0.00041888
1435	0.00970699	0.00928765	0.00041934
1436	0.00972022	0.00930041	0.00041981
1437	0.00973349	0.00931319	0.00042030
1438	0.00974727	0.00932648	0.00042078
1439	0.00976174	0.00934046	0.00042128
1440	0.00977718	0.00935539	0.00042179
1441	0.00979378	0.00937147	0.00042231
1442	0.00981165	0.00938881	0.00042283
1443	0.00983124	0.00940787	0.00042337
1444	0.00985230	0.00942839	0.00042390
1445	0.00987472	0.00945029	0.00042443
1446	0.00989834	0.00947339	0.00042496
1447	0.00992304	0.00949757	0.00042546
1448	0.00994835	0.00952240	0.00042596
1449	0.00997409	0.00954766	0.00042642
1450	0.00999894	0.00957208	0.00042686
1451	0.01002210	0.00959480	0.00042726
1452	0.01004260	0.00961499	0.00042761
1453	0.01006070	0.00963276	0.00042792
1454	0.01007610	0.00964793	0.00042817
1455	0.01008910	0.00966075	0.00042838
1456	0.01009970	0.00967118	0.00042853
1457	0.01010780	0.00967914	0.00042862
1458	0.01011290	0.00968425	0.00042866
1459	0.01011490	0.00968626	0.00042866
1460	0.01011360	0.00968503	0.00042861
1461	0.01010940	0.00968092	0.00042852
1462	0.01010260	0.00967423	0.00042840
1463	0.01009350	0.00966527	0.00042826
1464	0.01008270	0.00965457	0.00042809
1465	0.01007040	0.00964246	0.00042791
1466	0.01005740	0.00962966	0.00042773
1467	0.01004420	0.00961664	0.00042755
1468	0.01003160	0.00960418	0.00042738
1469	0.01002020	0.00959299	0.00042722
1470	0.01001090	0.00958377	0.00042709
1471	0.01000400	0.00957707	0.00042697
1472	0.00999980	0.00957292	0.00042688
1473	0.00999840	0.00957158	0.00042682
1474	0.00999964	0.00957286	0.00042679
1475	0.01000380	0.00957699	0.00042678
1476	0.01001020	0.00958338	0.00042680
1477	0.01001890	0.00959204	0.00042684
1478	0.01002930	0.00960235	0.00042690
1479	0.01004130	0.00961431	0.00042697
1480	0.01005450	0.00962748	0.00042706
1481	0.01006930	0.00964214	0.00042715
1482	0.01008520	0.00965793	0.00042725
1483	0.01010250	0.00967518	0.00042735
1484	0.01012080	0.00969337	0.00042745
1485	0.01014060	0.00971309	0.00042755
1486	0.01016130	0.00973366	0.00042764
1487	0.01018350	0.00975581	0.00042774
1488	0.01020660	0.00977880	0.00042784
1489	0.01023150	0.00980357	0.00042795
1490	0.01025740	0.00982931	0.00042806
1491	0.01028510	0.00985687	0.00042819
1492	0.01031410	0.00988580	0.00042834
1493	0.01034520	0.00991668	0.00042852
1494	0.01037800	0.00994924	0.00042872
1495	0.01041280	0.00998384	0.00042895
1496	0.01044910	0.01001990	0.00042922
1497	0.01048710	0.01005760	0.00042953
1498	0.01052620	0.01009640	0.00042988
1499	0.01056680	0.01013650	0.00043027
1500	0.01060800	0.01017730	0.00043071
1501	0.01065030	0.01021910	0.00043119
1502	0.01069310	0.01026140	0.00043171
1503	0.01073660	0.01030430	0.00043226
1504	0.01078000	0.01034720	0.00043285
1505	0.01082370	0.01039030	0.00043346
1506	0.01086680	0.01043270	0.00043409
1507	0.01090970	0.01047490	0.00043474
1508	0.01095170	0.01051630	0.00043540
1509	0.01099300	0.01055700	0.00043607
1510	0.01103310	0.01059640	0.00043673
1511	0.01107230	0.01063490	0.00043740
1512	0.01111010	0.01067210	0.00043807
1513	0.01114680	0.01070810	0.00043872
1514	0.01118200	0.01074260	0.00043937
1515	0.01121570	0.01077570	0.00044002
1516	0.01124750	0.01080680	0.00044065
1517	0.01127710	0.01083580	0.00044128
1518	0.01130440	0.01086250	0.00044189
1519	0.01132950	0.01088700	0.00044251
1520	0.01135240	0.01090930	0.00044311
1521	0.01137320	0.01092940	0.00044371
1522	0.01139170	0.01094740	0.00044430
1523	0.01140750	0.01096260	0.00044489
1524	0.01142080	0.01097530	0.00044546
1525	0.01143130	0.01098530	0.00044603
1526	0.01143950	0.01099290	0.00044658
1527	0.01144530	0.01099820	0.00044712
1528	0.01144910	0.01100150	0.00044764
1529	0.01145080	0.01100270	0.00044814
1530	0.01145100	0.01100240	0.00044862
1531	0.01144990	0.01100080	0.00044907
1532	0.01144790	0.01099840	0.00044949
1533	0.01144510	0.01099520	0.00044987
1534	0.01144180	0.01099160	0.00045023
1535	0.01143810	0.01098750	0.00045055
1536	0.01143410	0.01098320	0.00045085
1537	0.01143000	0.01097880	0.00045111
1538	0.01142580	0.01097450	0.00045133
1539	0.01142200	0.01097040	0.00045153
1540	0.01141830	0.01096660	0.00045171
1541	0.01141520	0.01096330	0.00045186
1542	0.01141250	0.01096050	0.00045200
1543	0.01141100	0.01095880	0.00045212
1544	0.01141010	0.01095790	0.00045224
1545	0.01141050	0.01095820	0.00045235
1546	0.01141160	0.01095920	0.00045246
1547	0.01141390	0.01096130	0.00045258
1548	0.01141660	0.01096390	0.00045271
1549	0.01142030	0.01096740	0.00045286
1550	0.01142380	0.01097080	0.00045301
1551	0.01142770	0.01097450	0.00045318
1552	0.01143100	0.01097770	0.00045336
1553	0.01143420	0.01098070	0.00045355
1554	0.01143670	0.01098290	0.00045375
1555	0.01143870	0.01098470	0.00045396
1556	0.01143960	0.01098550	0.00045418
1557	0.01143980	0.01098540	0.00045440
1558	0.01143860	0.01098400	0.00045462
1559	0.01143600	0.01098120	0.00045484
1560	0.01143150	0.01097650	0.00045504
1561	0.01142520	0.01096990	0.00045524
1562	0.01141670	0.01096130	0.00045542
1563	0.01140640	0.01095090	0.00045558
1564	0.01139410	0.01093840	0.00045573
1565	0.01137990	0.01092410	0.00045585
1566	0.01136360	0.01090770	0.00045596
1567	0.01134520	0.01088920	0.00045605
1568	0.01132460	0.01086850	0.00045612
1569	0.01130180	0.01084560	0.00045617
1570	0.01127720	0.01082100	0.00045621
1571	0.01125120	0.01079490	0.00045623
1572	0.01122440	0.01076820	0.00045625
1573	0.01119730	0.01074100	0.00045625
1574	0.01117100	0.01071470	0.00045625
1575	0.01114590	0.01068970	0.00045625
1576	0.01112350	0.01066720	0.00045626
1577	0.01110410	0.01064780	0.00045627
1578	0.01108880	0.01063250	0.00045629
1579	0.01107820	0.01062190	0.00045631
1580	0.01107300	0.01061660	0.00045636
1581	0.01107340	0.01061700	0.00045642
1582	0.01108000	0.01062350	0.00045650
1583	0.01109270	0.01063610	0.00045659
1584	0.01111170	0.01065500	0.00045671
1585	0.01113690	0.01068010	0.00045685
1586	0.01116770	0.01071070	0.00045700
1587	0.01120380	0.01074670	0.00045718
1588	0.01124420	0.01078680	0.00045738
1589	0.01128850	0.01083090	0.00045761
1590	0.01133510	0.01087730	0.00045785
1591	0.01138340	0.01092530	0.00045812
1592	0.01143180	0.01097340	0.00045841
1593	0.01148010	0.01102130	0.00045872
1594	0.01152640	0.01106740	0.00045905
1595	0.01157060	0.01111120	0.00045939
1596	0.01161120	0.01115140	0.00045976
1597	0.01164810	0.01118800	0.00046014
1598	0.01168020	0.01121970	0.00046053
1599	0.01170750	0.01124660	0.00046092
1600	0.01172920	0.01126780	0.00046133
1601	0.01174520	0.01128350	0.00046174
1602	0.01175540	0.01129330	0.00046214
1603	0.01175990	0.01129730	0.00046254
1604	0.01175870	0.01129580	0.00046293
1605	0.01175260	0.01128930	0.00046330
1606	0.01174230	0.01127860	0.00046365
1607	0.01172810	0.01126410	0.00046397
1608	0.01171120	0.01124690	0.00046427
1609	0.01169220	0.01122760	0.00046454
1610	0.01167200	0.01120720	0.00046478
1611	0.01165090	0.01118590	0.00046499
1612	0.01162960	0.01116440	0.00046516
1613	0.01160820	0.01114290	0.00046531
1614	0.01158800	0.01112260	0.00046543
1615	0.01156920	0.01110360	0.00046552
1616	0.01155260	0.01108700	0.00046560
1617	0.01153840	0.01107270	0.00046565
1618	0.01152730	0.01106160	0.00046569
1619	0.01151930	0.01105360	0.00046573
1620	0.01151520	0.01104940	0.00046576
1621	0.01151530	0.01104950	0.00046580
1622	0.01151940	0.01105360	0.00046584
1623	0.01152710	0.01106120	0.00046589
1624	0.01153830	0.01107240	0.00046596
1625	0.01155360	0.01108750	0.00046604
1626	0.01157230	0.01110610	0.00046614
1627	0.01159450	0.01112820	0.00046627
1628	0.01161990	0.01115350	0.00046641
1629	0.01164890	0.01118230	0.00046658
1630	0.01168120	0.01121440	0.00046677
1631	0.01171750	0.01125060	0.00046698
1632	0.01175680	0.01128960	0.00046722
1633	0.01179920	0.01133170	0.00046749
1634	0.01184360	0.01137580	0.00046778
1635	0.01189030	0.01142220	0.00046809
1636	0.01193780	0.01146940	0.00046842
1637	0.01198610	0.01151740	0.00046877
1638	0.01203320	0.01156400	0.00046914
1639	0.01207860	0.01160900	0.00046952
1640	0.01212060	0.01165070	0.00046990
1641	0.01215860	0.01168840	0.00047028
1642	0.01219070	0.01172000	0.00047066
1643	0.01221620	0.01174510	0.00047103
1644	0.01223440	0.01176310	0.00047137
1645	0.01224590	0.01177420	0.00047169
1646	0.01225090	0.01177890	0.00047199
1647	0.01225050	0.01177820	0.00047225
1648	0.01224580	0.01177330	0.00047248
1649	0.01223820	0.01176550	0.00047267
1650	0.01222880	0.01175600	0.00047283
1651	0.01221800	0.01174500	0.00047296
1652	0.01220690	0.01173380	0.00047306
1653	0.01219610	0.01172290	0.00047314
1654	0.01218590	0.01171270	0.00047320
1655	0.01217640	0.01170320	0.00047325
1656	0.01216750	0.01169420	0.00047328
1657	0.01215880	0.01168550	0.00047329
1658	0.01215040	0.01167710	0.00047328
1659	0.01214210	0.01166890	0.00047326
1660	0.01213420	0.01166100	0.00047322
1661	0.01212710	0.01165390	0.00047316
1662	0.01212060	0.01164750	0.00047308
1663	0.01211520	0.01164220	0.00047298
1664	0.01210990	0.01163700	0.00047287
1665	0.01210510	0.01163240	0.00047274
1666	0.01210010	0.01162750	0.00047259
1667	0.01209530	0.01162290	0.00047242
1668	0.01208980	0.01161750	0.00047224
1669	0.01208450	0.01161240	0.00047205
1670	0.01207860	0.01160680	0.00047185
1671	0.01207270	0.01160110	0.00047163
1672	0.01206600	0.01159460	0.00047141
1673	0.01205910	0.01158790	0.00047117
1674	0.01205130	0.01158040	0.00047093
1675	0.01204300	0.01157240	0.00047068
1676	0.01203420	0.01156380	0.00047042
1677	0.01202490	0.01155470	0.00047015
1678	0.01201540	0.01154550	0.00046988
1679	0.01200570	0.01153610	0.00046960
1680	0.01199610	0.01152680	0.00046933
1681	0.01198620	0.01151710	0.00046905
1682	0.01197590	0.01150710	0.00046876
1683	0.01196480	0.01149630	0.00046848
1684	0.01195270	0.01148450	0.00046819
1685	0.01193910	0.01147120	0.00046789
1686	0.01192350	0.01145590	0.00046759
1687	0.01190570	0.01143840	0.00046728
1688	0.01188590	0.01141890	0.00046697
1689	0.01186420	0.01139760	0.00046664
1690	0.01184070	0.01137440	0.00046630
1691	0.01181540	0.01134950	0.00046595
1692	0.01178820	0.01132260	0.00046559
1693	0.01175860	0.01129340	0.00046521
1694	0.01172650	0.01126170	0.00046483
1695	0.01169130	0.01122680	0.00046443
1696	0.01165270	0.01118860	0.00046401
1697	0.01161050	0.01114690	0.00046359
1698	0.01156480	0.01110170	0.00046314
1699	0.01151530	0.01105260	0.00046269
1700	0.01146190	0.01099970	0.00046222
1701	0.01140470	0.01094300	0.00046173
1702	0.01134440	0.01088320	0.00046124
1703	0.01128130	0.01082060	0.00046072
1704	0.01121670	0.01075650	0.00046021
1705	0.01115170	0.01069200	0.00045968
1706	0.01108750	0.01062830	0.00045915
1707	0.01102480	0.01056620	0.00045863
1708	0.01096460	0.01050650	0.00045810
1709	0.01090690	0.01044930	0.00045759
1710	0.01085250	0.01039540	0.00045709
1711	0.01080110	0.01034450	0.00045660
1712	0.01075370	0.01029760	0.00045613
1713	0.01070980	0.01025420	0.00045568
1714	0.01067030	0.01021510	0.00045524
1715	0.01063450	0.01017970	0.00045483
1716	0.01060290	0.01014840	0.00045444
1717	0.01057490	0.01012090	0.00045407
1718	0.01055100	0.01009730	0.00045372
1719	0.01053090	0.01007750	0.00045338
1720	0.01051450	0.01006150	0.00045305
1721	0.01050170	0.01004900	0.00045274
1722	0.01049240	0.01004000	0.00045243
1723	0.01048640	0.01003430	0.00045212
1724	0.01048390	0.01003210	0.00045181
1725	0.01048440	0.01003290	0.00045150
1726	0.01048790	0.01003670	0.00045118
1727	0.01049390	0.01004300	0.00045085
1728	0.01050180	0.01005130	0.00045050
1729	0.01051130	0.01006110	0.00045013
1730	0.01052170	0.01007200	0.00044974
1731	0.01053280	0.01008340	0.00044933
1732	0.01054390	0.01009500	0.00044890
1733	0.01055470	0.01010630	0.00044845
1734	0.01056480	0.01011680	0.00044797
1735	0.01057360	0.01012610	0.00044748
1736	0.01058060	0.01013360	0.00044696
1737	0.01058530	0.01013880	0.00044644
1738	0.01058750	0.01014160	0.00044590
1739	0.01058730	0.01014190	0.00044535
1740	0.01058490	0.01014010	0.00044479
1741	0.01058030	0.01013610	0.00044424
1742	0.01057430	0.01013070	0.00044369
1743	0.01056730	0.01012420	0.00044315
1744	0.01056050	0.01011790	0.00044263
1745	0.01055480	0.01011270	0.00044213
1746	0.01055120	0.01010950	0.00044165
1747	0.01055010	0.01010890	0.00044121
1748	0.01055220	0.01011140	0.00044080
1749	0.01055740	0.01011690	0.00044044
1750	0.01056590	0.01012580	0.00044012
1751	0.01057710	0.01013730	0.00043985
1752	0.01059080	0.01015120	0.00043962
1753	0.01060610	0.01016660	0.00043944
1754	0.01062200	0.01018270	0.00043929
1755	0.01063770	0.01019850	0.00043919
1756	0.01065230	0.01021320	0.00043911
1757	0.01066490	0.01022590	0.00043905
1758	0.01067500	0.01023600	0.00043901
1759	0.01068240	0.01024340	0.00043897
1760	0.01068710	0.01024810	0.00043894
1761	0.01068930	0.01025040	0.00043891
1762	0.01068930	0.01025050	0.00043886
1763	0.01068810	0.01024920	0.00043881
1764	0.01068580	0.01024710	0.00043874
1765	0.01068320	0.01024460	0.00043866
1766	0.01068040	0.01024180	0.00043856
1767	0.01067800	0.01023960	0.00043845
1768	0.01067600	0.01023770	0.00043833
1769	0.01067490	0.01023670	0.00043819
1770	0.01067440	0.01023640	0.00043804
1771	0.01067520	0.01023730	0.00043788
1772	0.01067700	0.01023930	0.00043770
1773	0.01068020	0.01024270	0.00043751
1774	0.01068440	0.01024710	0.00043731
1775	0.01069010	0.01025300	0.00043710
1776	0.01069690	0.01026000	0.00043687
1777	0.01070520	0.01026860	0.00043663
1778	0.01071440	0.01027800	0.00043637
1779	0.01072450	0.01028830	0.00043611
1780	0.01073500	0.01029910	0.00043582
1781	0.01074620	0.01031070	0.00043553
1782	0.01075800	0.01032280	0.00043522
1783	0.01077040	0.01033550	0.00043491
1784	0.01078300	0.01034840	0.00043459
1785	0.01079610	0.01036180	0.00043426
1786	0.01080910	0.01037520	0.00043392
1787	0.01082280	0.01038920	0.00043359
1788	0.01083670	0.01040340	0.00043326
1789	0.01085140	0.01041850	0.00043292
1790	0.01086650	0.01043390	0.00043260
1791	0.01088250	0.01045020	0.00043228
1792	0.01089900	0.01046700	0.00043198
1793	0.01091650	0.01048480	0.00043168
1794	0.01093460	0.01050320	0.00043141
1795	0.01095370	0.01052260	0.00043115
1796	0.01097350	0.01054260	0.00043091
1797	0.01099390	0.01056320	0.00043069
1798	0.01101460	0.01058410	0.00043050
1799	0.01103550	0.01060520	0.00043033
1800	0.01105670	0.01062650	0.00043018
1801	0.01107820	0.01064820	0.00043005
1802	0.01109970	0.01066980	0.00042995
1803	0.01112110	0.01069120	0.00042986
1804	0.01114210	0.01071230	0.00042980
1805	0.01116270	0.01073290	0.00042976
1806	0.01118250	0.01075280	0.00042973
1807	0.01120150	0.01077180	0.00042972
1808	0.01121950	0.01078980	0.00042973
1809	0.01123640	0.01080660	0.00042975
1810	0.01125180	0.01082200	0.00042978
1811	0.01126570	0.01083590	0.00042983
1812	0.01127780	0.01084790	0.00042989
1813	0.01128820	0.01085820	0.00042995
1814	0.01129640	0.01086640	0.00043003
1815	0.01130260	0.01087250	0.00043011
1816	0.01130660	0.01087640	0.00043020
1817	0.01130850	0.01087820	0.00043030
1818	0.01130810	0.01087760	0.00043040
1819	0.01130580	0.01087530	0.00043052
1820	0.01130190	0.01087130	0.00043063
1821	0.01129670	0.01086600	0.00043075
1822	0.01129030	0.01085940	0.00043087
1823	0.01128290	0.01085190	0.00043100
1824	0.01127480	0.01084370	0.00043114
1825	0.01126670	0.01083540	0.00043127
1826	0.01125870	0.01082730	0.00043142
1827	0.01125130	0.01081980	0.00043157
1828	0.01124480	0.01081310	0.00043172
1829	0.01123980	0.01080790	0.00043189
1830	0.01123650	0.01080440	0.00043207
1831	0.01123530	0.01080310	0.00043225
1832	0.01123660	0.01080420	0.00043245
1833	0.01124060	0.01080790	0.00043266
1834	0.01124740	0.01081450	0.00043288
1835	0.01125750	0.01082440	0.00043313
1836	0.01127130	0.01083790	0.00043338
1837	0.01128910	0.01085540	0.00043367
1838	0.01131160	0.01087770	0.00043397
1839	0.01133940	0.01090510	0.00043430
1840	0.01137270	0.01093800	0.00043466
1841	0.01141160	0.01097650	0.00043505
1842	0.01145570	0.01102020	0.00043547
1843	0.01150470	0.01106880	0.00043593
1844	0.01155820	0.01112180	0.00043641
1845	0.01161520	0.01117830	0.00043693
1846	0.01167420	0.01123680	0.00043747
1847	0.01173390	0.01129590	0.00043805
1848	0.01179340	0.01135480	0.00043863
1849	0.01185180	0.01141250	0.00043924
1850	0.01190740	0.01146760	0.00043985
1851	0.01196000	0.01151960	0.00044046
1852	0.01200850	0.01156750	0.00044106
1853	0.01205260	0.01161090	0.00044166
1854	0.01209160	0.01164930	0.00044224
1855	0.01212570	0.01168290	0.00044280
1856	0.01215440	0.01171110	0.00044333
1857	0.01217830	0.01173440	0.00044383
1858	0.01219720	0.01175290	0.00044431
1859	0.01221170	0.01176690	0.00044474
1860	0.01222180	0.01177670	0.00044515
1861	0.01222810	0.01178260	0.00044551
1862	0.01223080	0.01178500	0.00044584
1863	0.01223050	0.01178440	0.00044615
1864	0.01222760	0.01178110	0.00044642
1865	0.01222250	0.01177580	0.00044667
1866	0.01221590	0.01176900	0.00044691
1867	0.01220830	0.01176120	0.00044713
1868	0.01220050	0.01175310	0.00044733
1869	0.01219280	0.01174530	0.00044754
1870	0.01218590	0.01173820	0.00044775
1871	0.01218020	0.01173230	0.00044796
1872	0.01217600	0.01172790	0.00044818
1873	0.01217360	0.01172520	0.00044842
1874	0.01217320	0.01172450	0.00044868
1875	0.01217520	0.01172620	0.00044896
1876	0.01217960	0.01173040	0.00044926
1877	0.01218650	0.01173690	0.00044958
1878	0.01219590	0.01174600	0.00044993
1879	0.01220800	0.01175770	0.00045030
1880	0.01222290	0.01177220	0.00045069
1881	0.01224050	0.01178950	0.00045109
1882	0.01226100	0.01180950	0.00045150
1883	0.01228430	0.01183230	0.00045192
1884	0.01231020	0.01185780	0.00045235
1885	0.01233850	0.01188570	0.00045277
1886	0.01236860	0.01191540	0.00045319
1887	0.01240030	0.01194670	0.00045360
1888	0.01243300	0.01197900	0.00045400
1889	0.01246580	0.01201140	0.00045439
1890	0.01249810	0.01204330	0.00045476
1891	0.01252960	0.01207450	0.00045512
1892	0.01255930	0.01210390	0.00045547
1893	0.01258690	0.01213110	0.00045581
1894	0.01261120	0.01215500	0.00045614
1895	0.01263200	0.01217560	0.00045646
1896	0.01264890	0.01219210	0.00045679
1897	0.01266130	0.01220420	0.00045711
1898	0.01266910	0.01221160	0.00045742
1899	0.01267270	0.01221500	0.00045774
1900	0.01267250	0.01221440	0.00045806
1901	0.01266890	0.01221050	0.00045837
1902	0.01266260	0.01220390	0.00045869
1903	0.01265510	0.01219610	0.00045902
1904	0.01264710	0.01218770	0.00045935
1905	0.01263940	0.01217970	0.00045970
1906	0.01263200	0.01217190	0.00046006
1907	0.01262590	0.01216540	0.00046043
1908	0.01262060	0.01215980	0.00046082
1909	0.01261700	0.01215570	0.00046122
1910	0.01261460	0.01215300	0.00046163
1911	0.01261440	0.01215230	0.00046206
1912	0.01261600	0.01215350	0.00046250
1913	0.01262020	0.01215730	0.00046295
1914	0.01262670	0.01216330	0.00046341
1915	0.01263600	0.01217210	0.00046387
1916	0.01264740	0.01218310	0.00046432
1917	0.01266150	0.01219670	0.00046478
1918	0.01267730	0.01221200	0.00046523
1919	0.01269490	0.01222920	0.00046567
1920	0.01271380	0.01224760	0.00046611
1921	0.01273410	0.01226750	0.00046654
1922	0.01275550	0.01228850	0.00046696
1923	0.01277840	0.01231100	0.00046738
1924	0.01280220	0.01233440	0.00046779
1925	0.01282730	0.01235910	0.00046819
1926	0.01285330	0.01238470	0.00046859
1927	0.01288050	0.01241150	0.00046898
1928	0.01290860	0.01243920	0.00046937
1929	0.01293780	0.01246810	0.00046975
1930	0.01296790	0.01249780	0.00047013
1931	0.01299900	0.01252850	0.00047049
1932	0.01303060	0.01255980	0.00047085
1933	0.01306260	0.01259140	0.00047120
1934	0.01309440	0.01262290	0.00047153
1935	0.01312590	0.01265400	0.00047186
1936	0.01315640	0.01268430	0.00047217
1937	0.01318560	0.01271310	0.00047246
1938	0.01321280	0.01274010	0.00047275
1939	0.01323770	0.01276470	0.00047301
1940	0.01325940	0.01278620	0.00047326
1941	0.01327790	0.01280440	0.00047350
1942	0.01329220	0.01281850	0.00047371
1943	0.01330290	0.01282900	0.00047391
1944	0.01330970	0.01283560	0.00047410
1945	0.01331280	0.01283860	0.00047426
1946	0.01331250	0.01283800	0.00047442
1947	0.01330900	0.01283440	0.00047456
1948	0.01330220	0.01282750	0.00047469
1949	0.01329250	0.01281770	0.00047481
1950	0.01327970	0.01280480	0.00047492
1951	0.01326410	0.01278910	0.00047503
1952	0.01324620	0.01277110	0.00047512
1953	0.01322670	0.01275150	0.00047522
1954	0.01320560	0.01273030	0.00047530
1955	0.01318330	0.01270790	0.00047539
1956	0.01315990	0.01268440	0.00047547
1957	0.01313520	0.01265960	0.00047555
1958	0.01310880	0.01263320	0.00047562
1959	0.01308120	0.01260550	0.00047570
1960	0.01305250	0.01257670	0.00047577
1961	0.01302260	0.01254670	0.00047583
1962	0.01299170	0.01251580	0.00047589
1963	0.01295970	0.01248380	0.00047594
1964	0.01292690	0.01245090	0.00047599
1965	0.01289290	0.01241680	0.00047603
1966	0.01285810	0.01238210	0.00047606
1967	0.01282210	0.01234610	0.00047609
1968	0.01278540	0.01230930	0.00047610
1969	0.01274750	0.01227140	0.00047611
1970	0.01270910	0.01223300	0.00047610
1971	0.01266960	0.01219350	0.00047609
1972	0.01262970	0.01215370	0.00047606
1973	0.01258900	0.01211300	0.00047602
1974	0.01254860	0.01207260	0.00047597
1975	0.01250810	0.01203220	0.00047590
1976	0.01246870	0.01199290	0.00047582
1977	0.01242960	0.01195390	0.00047572
1978	0.01239220	0.01191660	0.00047561
1979	0.01235590	0.01188040	0.00047548
1980	0.01232190	0.01184660	0.00047535
1981	0.01229040	0.01181520	0.00047519
1982	0.01226240	0.01178730	0.00047503
1983	0.01223780	0.01176300	0.00047485
1984	0.01221760	0.01174290	0.00047467
1985	0.01220230	0.01172790	0.00047447
1986	0.01219250	0.01171820	0.00047428
1987	0.01218810	0.01171410	0.00047408
1988	0.01218920	0.01171530	0.00047388
1989	0.01219570	0.01172200	0.00047368
1990	0.01220710	0.01173370	0.00047348
1991	0.01222340	0.01175010	0.00047328
1992	0.01224370	0.01177070	0.00047308
1993	0.01226810	0.01179520	0.00047289
1994	0.01229570	0.01182300	0.00047271
1995	0.01232620	0.01185360	0.00047253
1996	0.01235900	0.01188660	0.00047236
1997	0.01239380	0.01192160	0.00047220
1998	0.01243020	0.01195810	0.00047205
1999	0.01246780	0.01199590	0.00047192
2000	0.01250660	0.01203480	0.00047180
2001	0.01254660	0.01207490	0.00047170
2002	0.01258710	0.01211550	0.00047162
2003	0.01262800	0.01215640	0.00047156
2004	0.01266850	0.01219700	0.00047152
2005	0.01270890	0.01223740	0.00047150
2006	0.01274880	0.01227730	0.00047150
2007	0.01278840	0.01231680	0.00047152
2008	0.01282670	0.01235510	0.00047156
2009	0.01286360	0.01239200	0.00047162
2010	0.01289810	0.01242640	0.00047169
2011	0.01293060	0.01245880	0.00047179
2012	0.01296010	0.01248820	0.00047190
2013	0.01298620	0.01251420	0.00047203
2014	0.01300830	0.01253620	0.00047217
2015	0.01302630	0.01255400	0.00047231
2016	0.01303970	0.01256730	0.00047247
2017	0.01304950	0.01257690	0.00047263
2018	0.01305620	0.01258340	0.00047279
2019	0.01306080	0.01258780	0.00047296
2020	0.01306400	0.01259080	0.00047312
2021	0.01306680	0.01259350	0.00047328
2022	0.01307010	0.01259660	0.00047345
2023	0.01307490	0.01260130	0.00047361
2024	0.01308080	0.01260700	0.00047377
2025	0.01308780	0.01261380	0.00047393
2026	0.01309450	0.01262040	0.00047408
2027	0.01310110	0.01262690	0.00047423
2028	0.01310650	0.01263210	0.00047437
2029	0.01311080	0.01263630	0.00047450
2030	0.01311320	0.01263850	0.00047462
2031	0.01311400	0.01263930	0.00047473
2032	0.01311330	0.01263850	0.00047483
2033	0.01311170	0.01263680	0.00047491
2034	0.01310940	0.01263440	0.00047499
2035	0.01310690	0.01263180	0.00047505
2036	0.01310390	0.01262880	0.00047510
2037	0.01310050	0.01262540	0.00047513
2038	0.01309680	0.01262160	0.00047516
2039	0.01309300	0.01261780	0.00047516
2040	0.01308900	0.01261390	0.00047516
2041	0.01308420	0.01260910	0.00047513
2042	0.01307790	0.01260280	0.00047510
2043	0.01306920	0.01259420	0.00047504
2044	0.01305780	0.01258280	0.00047496
2045	0.01304340	0.01256850	0.00047487
2046	0.01302630	0.01255150	0.00047475
2047	0.01300690	0.01253230	0.00047460
2048	0.01298590	0.01251150	0.00047444
2049	0.01296370	0.01248940	0.00047425
2050	0.01294070	0.01246660	0.00047404
2051	0.01291710	0.01244330	0.00047381
2052	0.01289300	0.01241950	0.00047356
2053	0.01286820	0.01239490	0.00047329
2054	0.01284250	0.01236950	0.00047300
2055	0.01281590	0.01234320	0.00047269
2056	0.01278850	0.01231610	0.00047237
2057	0.01276000	0.01228800	0.00047203
2058	0.01273070	0.01225900	0.00047167
2059	0.01270060	0.01222930	0.00047130
2060	0.01266960	0.01219870	0.00047090
2061	0.01263760	0.01216710	0.00047050
2062	0.01260430	0.01213420	0.00047007
2063	0.01256960	0.01209990	0.00046964
2064	0.01253360	0.01206440	0.00046918
2065	0.01249640	0.01202770	0.00046871
2066	0.01245840	0.01199020	0.00046823
2067	0.01241960	0.01195190	0.00046772
2068	0.01237980	0.01191260	0.00046720
2069	0.01233950	0.01187290	0.00046667
2070	0.01229900	0.01183280	0.00046612
2071	0.01225860	0.01179310	0.00046556
2072	0.01221870	0.01175370	0.00046499
2073	0.01217930	0.01171490	0.00046440
2074	0.01214060	0.01167680	0.00046382
2075	0.01210190	0.01163870	0.00046322
2076	0.01206290	0.01160030	0.00046262
2077	0.01202400	0.01156200	0.00046202
2078	0.01198550	0.01152410	0.00046142
2079	0.01194750	0.01148670	0.00046082
2080	0.01190990	0.01144970	0.00046022
2081	0.01187280	0.01141310	0.00045963
2082	0.01183590	0.01137690	0.00045905
2083	0.01179900	0.01134060	0.00045847
2084	0.01176250	0.01130460	0.00045790
2085	0.01172620	0.01126890	0.00045735
2086	0.01169060	0.01123380	0.00045680
2087	0.01165560	0.01119930	0.00045627
2088	0.01162180	0.01116610	0.00045575
2089	0.01158910	0.01113380	0.00045524
2090	0.01155770	0.01110290	0.00045475
2091	0.01152770	0.01107350	0.00045428
2092	0.01150030	0.01104650	0.00045382
2093	0.01147530	0.01102190	0.00045338
2094	0.01145350	0.01100060	0.00045296
2095	0.01143480	0.01098220	0.00045256
2096	0.01141950	0.01096730	0.00045217
2097	0.01140720	0.01095540	0.00045180
2098	0.01139800	0.01094660	0.00045145
2099	0.01139170	0.01094060	0.00045112
2100	0.01138810	0.01093730	0.00045079
2101	0.01138680	0.01093630	0.00045047
2102	0.01138760	0.01093750	0.00045016
2103	0.01139100	0.01094110	0.00044986
2104	0.01139630	0.01094670	0.00044955
2105	0.01140320	0.01095400	0.00044925
2106	0.01141240	0.01096340	0.00044895
2107	0.01142430	0.01097560	0.00044864
2108	0.01143800	0.01098970	0.00044833
2109	0.01145370	0.01100570	0.00044802
2110	0.01147130	0.01102360	0.00044769
2111	0.01149040	0.01104300	0.00044737
2112	0.01151040	0.01106330	0.00044703
2113	0.01153130	0.01108460	0.00044670
2114	0.01155270	0.01110630	0.00044636
2115	0.01157390	0.01112790	0.00044602
2116	0.01159440	0.01114870	0.00044568
2117	0.01161400	0.01116860	0.00044535
2118	0.01163240	0.01118730	0.00044502
2119	0.01164930	0.01120460	0.00044470
2120	0.01166490	0.01122050	0.00044439
2121	0.01167900	0.01123490	0.00044410
2122	0.01169170	0.01124790	0.00044382
2123	0.01170290	0.01125940	0.00044356
2124	0.01171250	0.01126910	0.00044332
2125	0.01172040	0.01127730	0.00044310
2126	0.01172650	0.01128360	0.00044290
2127	0.01173110	0.01128840	0.00044272
2128	0.01173410	0.01129150	0.00044258
2129	0.01173570	0.01129330	0.00044245
2130	0.01173630	0.01129400	0.00044235
2131	0.01173640	0.01129410	0.00044228
2132	0.01173660	0.01129430	0.00044223
2133	0.01173720	0.01129500	0.00044220
2134	0.01173880	0.01129660	0.00044220
2135	0.01174150	0.01129920	0.00044222
2136	0.01174530	0.01130300	0.00044226
2137	0.01175040	0.01130800	0.00044232
2138	0.01175670	0.01131430	0.00044240
2139	0.01176420	0.01132170	0.00044249
2140	0.01177260	0.01133000	0.00044260
2141	0.01178220	0.01133950	0.00044272
2142	0.01179250	0.01134970	0.00044286
2143	0.01180360	0.01136060	0.00044301
2144	0.01181490	0.01137170	0.00044316
2145	0.01182630	0.01138290	0.00044333
2146	0.01183730	0.01139380	0.00044350
2147	0.01184790	0.01140420	0.00044367
2148	0.01185750	0.01141360	0.00044385
2149	0.01186590	0.01142190	0.00044403
2150	0.01187300	0.01142880	0.00044421
2151	0.01187900	0.01143460	0.00044439
2152	0.01188380	0.01143920	0.00044457
2153	0.01188720	0.01144250	0.00044475
2154	0.01188910	0.01144420	0.00044493
2155	0.01188960	0.01144460	0.00044510
2156	0.01188870	0.01144350	0.00044526
2157	0.01188630	0.01144080	0.00044542
2158	0.01188240	0.01143680	0.00044558
2159	0.01187720	0.01143150	0.00044573
2160	0.01187080	0.01142490	0.00044588
2161	0.01186340	0.01141740	0.00044602
2162	0.01185510	0.01140890	0.00044616
2163	0.01184600	0.01139970	0.00044628
2164	0.01183610	0.01138970	0.00044641
2165	0.01182530	0.01137880	0.00044652
2166	0.01181380	0.01136710	0.00044663
2167	0.01180130	0.01135460	0.00044674
2168	0.01178820	0.01134140	0.00044684
2169	0.01177460	0.01132770	0.00044693
2170	0.01176060	0.01131360	0.00044701
2171	0.01174610	0.01129900	0.00044709
2172	0.01173130	0.01128420	0.00044717
2173	0.01171630	0.01126910	0.00044723
2174	0.01170120	0.01125390	0.00044729
2175	0.01168590	0.01123860	0.00044734
2176	0.01167070	0.01122330	0.00044739
2177	0.01165500	0.01120760	0.00044743
2178	0.01163920	0.01119180	0.00044746
2179	0.01162310	0.01117570	0.00044748
2180	0.01160680	0.01115930	0.00044750
2181	0.01159020	0.01114260	0.00044751
2182	0.01157330	0.01112570	0.00044751
2183	0.01155610	0.01110860	0.00044751
2184	0.01153880	0.01109130	0.00044749
2185	0.01152160	0.01107410	0.00044748
2186	0.01150430	0.01105690	0.00044745
2187	0.01148740	0.01104000	0.00044743
2188	0.01147080	0.01102340	0.00044741
2189	0.01145470	0.01100740	0.00044738
2190	0.01143930	0.01099190	0.00044735
2191	0.01142450	0.01097710	0.00044733
2192	0.01141030	0.01096300	0.00044732
2193	0.01139680	0.01094950	0.00044731
2194	0.01138400	0.01093670	0.00044731
2195	0.01137190	0.01092460	0.00044732
2196	0.01136060	0.01091330	0.00044734
2197	0.01135020	0.01090280	0.00044738
2198	0.01134080	0.01089330	0.00044743
2199	0.01133210	0.01088460	0.00044749
2200	0.01132380	0.01087620	0.00044758
2201	0.01131540	0.01086780	0.00044768
2202	0.01130700	0.01085920	0.00044779
2203	0.01129810	0.01085020	0.00044793
2204	0.01128880	0.01084070	0.00044807
2205	0.01127850	0.01083030	0.00044822
2206	0.01126720	0.01081880	0.00044838
2207	0.01125450	0.01080590	0.00044855
2208	0.01124040	0.01079160	0.00044873
2209	0.01122450	0.01077560	0.00044891
2210	0.01120760	0.01075850	0.00044909
2211	0.01118960	0.01074030	0.00044926
2212	0.01117120	0.01072180	0.00044943
2213	0.01115250	0.01070290	0.00044960
2214	0.01113400	0.01068420	0.00044976
2215	0.01111610	0.01066610	0.00044992
2216	0.01109910	0.01064900	0.00045007
2217	0.01108330	0.01063310	0.00045022
2218	0.01106930	0.01061890	0.00045037
2219	0.01105760	0.01060710	0.00045051
2220	0.01104850	0.01059790	0.00045065
2221	0.01104260	0.01059180	0.00045079
2222	0.01103960	0.01058860	0.00045093
2223	0.01103950	0.01058840	0.00045108
2224	0.01104210	0.01059090	0.00045123
2225	0.01104770	0.01059630	0.00045139
2226	0.01105630	0.01060480	0.00045156
2227	0.01106770	0.01061590	0.00045174
2228	0.01108180	0.01062980	0.00045194
2229	0.01109870	0.01064650	0.00045215
2230	0.01111790	0.01066550	0.00045237
2231	0.01113880	0.01068620	0.00045261
2232	0.01116120	0.01070830	0.00045287
2233	0.01118470	0.01073160	0.00045315
2234	0.01120910	0.01075560	0.00045345
2235	0.01123440	0.01078060	0.00045377
2236	0.01126040	0.01080630	0.00045410
2237	0.01128700	0.01083260	0.00045446
2238	0.01131400	0.01085920	0.00045483
2239	0.01134120	0.01088590	0.00045522
2240	0.01136820	0.01091250	0.00045563
2241	0.01139540	0.01093930	0.00045605
2242	0.01142190	0.01096550	0.00045648
2243	0.01144780	0.01099090	0.00045692
2244	0.01147310	0.01101570	0.00045736
2245	0.01149780	0.01104000	0.00045780
2246	0.01152150	0.01106330	0.00045824
2247	0.01154420	0.01108550	0.00045868
2248	0.01156560	0.01110640	0.00045911
2249	0.01158550	0.01112600	0.00045953
2250	0.01160400	0.01114400	0.00045994
2251	0.01162090	0.01116060	0.00046034
2252	0.01163620	0.01117550	0.00046072
2253	0.01164980	0.01118870	0.00046108
2254	0.01166160	0.01120020	0.00046142
2255	0.01167170	0.01121000	0.00046175
2256	0.01168030	0.01121820	0.00046205
2257	0.01168760	0.01122520	0.00046234
2258	0.01169350	0.01123090	0.00046261
2259	0.01169870	0.01123590	0.00046287
2260	0.01170320	0.01124010	0.00046311
2261	0.01170790	0.01124450	0.00046335
2262	0.01171230	0.01124870	0.00046357
2263	0.01171720	0.01125340	0.00046379
2264	0.01172230	0.01125820	0.00046400
2265	0.01172810	0.01126380	0.00046422
2266	0.01173420	0.01126970	0.00046443
2267	0.01174110	0.01127640	0.00046465
2268	0.01174850	0.01128360	0.00046488
2269	0.01175660	0.01129150	0.00046510
2270	0.01176510	0.01129980	0.00046534
2271	0.01177420	0.01130870	0.00046558
2272	0.01178360	0.01131770	0.00046584
2273	0.01179360	0.01132750	0.00046610
2274	0.01180380	0.01133750	0.00046636
2275	0.01181450	0.01134780	0.00046664
2276	0.01182510	0.01135810	0.00046693
2277	0.01183580	0.01136850	0.00046722
2278	0.01184600	0.01137850	0.00046752
2279	0.01185550	0.01138770	0.00046782
2280	0.01186350	0.01139540	0.00046812
2281	0.01186970	0.01140130	0.00046842
2282	0.01187360	0.01140490	0.00046871
2283	0.01187530	0.01140630	0.00046900
2284	0.01187420	0.01140490	0.00046928
2285	0.01187040	0.01140080	0.00046954
2286	0.01186350	0.01139370	0.00046979
2287	0.01185400	0.01138400	0.00047002
2288	0.01184210	0.01137180	0.00047023
2289	0.01182820	0.01135780	0.00047041
2290	0.01181270	0.01134210	0.00047058
2291	0.01179600	0.01132530	0.00047072
2292	0.01177850	0.01130760	0.00047084
2293	0.01176040	0.01128950	0.00047094
2294	0.01174200	0.01127100	0.00047102
2295	0.01172310	0.01125200	0.00047107
2296	0.01170360	0.01123240	0.00047111
2297	0.01168320	0.01121210	0.00047113
2298	0.01166210	0.01119100	0.00047113
2299	0.01164020	0.01116910	0.00047111
2300	0.01161740	0.01114630	0.00047107
2301	0.01159360	0.01112260	0.00047102
2302	0.01156880	0.01109780	0.00047094
2303	0.01154270	0.01107190	0.00047086
2304	0.01151570	0.01104490	0.00047075
2305	0.01148750	0.01101690	0.00047063
2306	0.01145850	0.01098800	0.00047050
2307	0.01142850	0.01095810	0.00047035
2308	0.01139790	0.01092770	0.00047019
2309	0.01136660	0.01089660	0.00047002
2310	0.01133510	0.01086530	0.00046984
2311	0.01130330	0.01083360	0.00046965
2312	0.01127130	0.01080190	0.00046945
2313	0.01123890	0.01076970	0.00046924
2314	0.01120640	0.01073740	0.00046903
2315	0.01117350	0.01070460	0.00046882
2316	0.01114040	0.01067180	0.00046860
2317	0.01110710	0.01063870	0.00046838
2318	0.01107390	0.01060580	0.00046816
2319	0.01104050	0.01057260	0.00046794
2320	0.01100710	0.01053940	0.00046772
2321	0.01097360	0.01050610	0.00046750
2322	0.01094020	0.01047290	0.00046728
2323	0.01090670	0.01043960	0.00046707
2324	0.01087360	0.01040670	0.00046685
2325	0.01084050	0.01037390	0.00046664
2326	0.01080800	0.01034150	0.00046642
2327	0.01077560	0.01030940	0.00046621
2328	0.01074360	0.01027760	0.00046599
2329	0.01071190	0.01024620	0.00046577
2330	0.01068120	0.01021560	0.00046555
2331	0.01065150	0.01018620	0.00046533
2332	0.01062350	0.01015840	0.00046510
2333	0.01059710	0.01013220	0.00046488
2334	0.01057280	0.01010810	0.00046465
2335	0.01055030	0.01008590	0.00046442
2336	0.01052980	0.01006560	0.00046419
2337	0.01051140	0.01004750	0.00046396
2338	0.01049550	0.01003170	0.00046373
2339	0.01048190	0.01001840	0.00046351
2340	0.01047110	0.01000780	0.00046328
2341	0.01046250	0.00999943	0.00046307
2342	0.01045670	0.00999385	0.00046286
2343	0.01045330	0.00999069	0.00046265
2344	0.01045240	0.00998993	0.00046246
2345	0.01045380	0.00999151	0.00046227
2346	0.01045760	0.00999551	0.00046209
2347	0.01046400	0.01000210	0.00046192
2348	0.01047280	0.01001100	0.00046176
2349	0.01048410	0.01002250	0.00046161
2350	0.01049770	0.01003630	0.00046146
2351	0.01051380	0.01005240	0.00046133
2352	0.01053180	0.01007060	0.00046121
2353	0.01055210	0.01009100	0.00046109
2354	0.01057430	0.01011330	0.00046099
2355	0.01059850	0.01013760	0.00046089
2356	0.01062400	0.01016320	0.00046080
2357	0.01065060	0.01018990	0.00046071
2358	0.01067780	0.01021720	0.00046063
2359	0.01070580	0.01024520	0.00046056
2360	0.01073460	0.01027410	0.00046048
2361	0.01076410	0.01030370	0.00046041
2362	0.01079430	0.01033400	0.00046034
2363	0.01082480	0.01036460	0.00046027
2364	0.01085540	0.01039520	0.00046021
2365	0.01088550	0.01042530	0.00046015
2366	0.01091510	0.01045500	0.00046008
2367	0.01094420	0.01048410	0.00046002
2368	0.01097250	0.01051260	0.00045996
2369	0.01100010	0.01054020	0.00045989
2370	0.01102680	0.01056700	0.00045982
2371	0.01105250	0.01059270	0.00045975
2372	0.01107720	0.01061750	0.00045967
2373	0.01110070	0.01064110	0.00045958
2374	0.01112310	0.01066360	0.00045950
2375	0.01114420	0.01068480	0.00045940
2376	0.01116370	0.01070440	0.00045930
2377	0.01118180	0.01072260	0.00045919
2378	0.01119840	0.01073930	0.00045907
2379	0.01121340	0.01075450	0.00045894
2380	0.01122660	0.01076780	0.00045881
2381	0.01123800	0.01077930	0.00045866
2382	0.01124730	0.01078880	0.00045850
2383	0.01125460	0.01079630	0.00045833
2384	0.01125980	0.01080160	0.00045815
2385	0.01126310	0.01080510	0.00045796
2386	0.01126430	0.01080660	0.00045775
2387	0.01126400	0.01080640	0.00045753
2388	0.01126200	0.01080470	0.00045730
2389	0.01125880	0.01080170	0.00045706
2390	0.01125440	0.01079750	0.00045682
2391	0.01124900	0.01079240	0.00045657
2392	0.01124270	0.01078640	0.00045631
2393	0.01123580	0.01077980	0.00045604
2394	0.01122860	0.01077280	0.00045578
2395	0.01122130	0.01076570	0.00045551
2396	0.01121410	0.01075880	0.00045524
2397	0.01120740	0.01075240	0.00045497
2398	0.01120140	0.01074670	0.00045471
2399	0.01119610	0.01074170	0.00045445
2400	0.01119180	0.01073760	0.00045419
2401	0.01118830	0.01073430	0.00045395
2402	0.01118570	0.01073200	0.00045371
2403	0.01118390	0.01073040	0.00045348
2404	0.01118300	0.01072970	0.00045325
2405	0.01118280	0.01072980	0.00045304
2406	0.01118370	0.01073080	0.00045283
2407	0.01118530	0.01073260	0.00045264
2408	0.01118790	0.01073550	0.00045245
2409	0.01119140	0.01073910	0.00045227
2410	0.01119580	0.01074370	0.00045211
2411	0.01120100	0.01074910	0.00045195
2412	0.01120700	0.01075510	0.00045181
2413	0.01121350	0.01076180	0.00045167
2414	0.01122050	0.01076900	0.00045154
2415	0.01122770	0.01077630	0.00045143
2416	0.01123510	0.01078370	0.00045132
2417	0.01124210	0.01079080	0.00045121
2418	0.01124870	0.01079760	0.00045111
2419	0.01125470	0.01080370	0.00045101
2420	0.01125990	0.01080900	0.00045092
2421	0.01126410	0.01081330	0.00045083
2422	0.01126750	0.01081670	0.00045073
2423	0.01126990	0.01081920	0.00045063
2424	0.01127140	0.01082090	0.00045053
2425	0.01127170	0.01082130	0.00045042
2426	0.01127070	0.01082040	0.00045031
2427	0.01126840	0.01081820	0.00045018
2428	0.01126490	0.01081490	0.00045005
2429	0.01126030	0.01081040	0.00044990
2430	0.01125450	0.01080480	0.00044974
2431	0.01124750	0.01079790	0.00044957
2432	0.01123910	0.01078970	0.00044938
2433	0.01122960	0.01078040	0.00044918
2434	0.01121910	0.01077020	0.00044895
2435	0.01120770	0.01075900	0.00044872
2436	0.01119550	0.01074700	0.00044846
2437	0.01118250	0.01073430	0.00044819
2438	0.01116900	0.01072110	0.00044790
2439	0.01115510	0.01070750	0.00044759
2440	0.01114100	0.01069370	0.00044727
2441	0.01112650	0.01067950	0.00044693
2442	0.01111190	0.01066530	0.00044657
2443	0.01109710	0.01065090	0.00044620
2444	0.01108280	0.01063690	0.00044582
2445	0.01106890	0.01062350	0.00044542
2446	0.01105580	0.01061080	0.00044501
2447	0.01104360	0.01059900	0.00044459
2448	0.01103230	0.01058810	0.00044416
2449	0.01102200	0.01057820	0.00044373
2450	0.01101260	0.01056930	0.00044329
2451	0.01100420	0.01056140	0.00044284
2452	0.01099680	0.01055440	0.00044239
2453	0.01099020	0.01054830	0.00044194
2454	0.01098450	0.01054300	0.00044148
2455	0.01097960	0.01053860	0.00044103
2456	0.01097590	0.01053530	0.00044059
2457	0.01097340	0.01053330	0.00044015
2458	0.01097210	0.01053240	0.00043972
2459	0.01097210	0.01053280	0.00043930
2460	0.01097310	0.01053420	0.00043889
2461	0.01097530	0.01053680	0.00043850
2462	0.01097820	0.01054010	0.00043811
2463	0.01098210	0.01054430	0.00043775
2464	0.01098640	0.01054900	0.00043740
2465	0.01099120	0.01055420	0.00043706
2466	0.01099630	0.01055960	0.00043674
2467	0.01100160	0.01056520	0.00043644
2468	0.01100690	0.01057080	0.00043615
2469	0.01101250	0.01057660	0.00043588
2470	0.01101820	0.01058260	0.00043563
2471	0.01102420	0.01058880	0.00043538
2472	0.01103010	0.01059500	0.00043516
2473	0.01103660	0.01060170	0.00043495
2474	0.01104380	0.01060910	0.00043475
2475	0.01105190	0.01061730	0.00043457
2476	0.01106110	0.01062670	0.00043440
2477	0.01107150	0.01063730	0.00043425
2478	0.01108320	0.01064910	0.00043411
2479	0.01109610	0.01066210	0.00043399
2480	0.01110990	0.01067600	0.00043388
2481	0.01112450	0.01069070	0.00043379
2482	0.01113930	0.01070560	0.00043371
2483	0.01115410	0.01072050	0.00043364
2484	0.01116850	0.01073490	0.00043359
2485	0.01118250	0.01074890	0.00043355
2486	0.01119590	0.01076240	0.00043351
2487	0.01120920	0.01077570	0.00043349
2488	0.01122230	0.01078880	0.00043348
2489	0.01123560	0.01080220	0.00043347
2490	0.01124910	0.01081560	0.00043348
2491	0.01126280	0.01082930	0.00043349
2492	0.01127690	0.01084340	0.00043351
2493	0.01129140	0.01085790	0.00043355
2494	0.01130630	0.01087270	0.00043359
2495	0.01132160	0.01088790	0.00043364
2496	0.01133690	0.01090330	0.00043370
2497	0.01135280	0.01091900	0.00043377
2498	0.01136860	0.01093470	0.00043384
2499	0.01138460	0.01095060	0.00043393
2500	0.01140020	0.01096620	0.00043402
