Time	Cd Total	Cd Pressure	Cd Viscous
1	-0.00455684	-0.01364870	0.00909183
2	0.04765080	0.03591580	0.01173510
3	0.10369900	0.08903180	0.01466710
4	0.13744700	0.11995800	0.01748900
5	0.13997400	0.12007900	0.01989570
6	0.11619700	0.09445840	0.02173880
7	0.07995440	0.05694590	0.02300850
8	0.04573790	0.02199870	0.02373920
9	0.02525920	0.00126756	0.02399170
10	0.02309790	-0.00078724	0.02388510
11	0.03658140	0.01308490	0.02349650
12	0.05887230	0.03596680	0.02290560
13	0.08182030	0.05964030	0.02218000
14	0.09889710	0.07751720	0.02137980
15	0.10697400	0.08642410	0.02054990
16	0.10639600	0.08667040	0.01972570
17	0.10001100	0.08107730	0.01893360
18	0.09138410	0.07320010	0.01818400
19	0.08389990	0.06640540	0.01749450
20	0.07977730	0.06290240	0.01687490
21	0.07958440	0.06325890	0.01632550
22	0.08268510	0.06684190	0.01584320
23	0.08769730	0.07227380	0.01542360
24	0.09317850	0.07811890	0.01505960
25	0.09810700	0.08335810	0.01474880
26	0.10188400	0.08739790	0.01448610
27	0.10448900	0.09022470	0.01426460
28	0.10639700	0.09231990	0.01407720
29	0.10811700	0.09419790	0.01391890
30	0.11013900	0.09635420	0.01378480
31	0.11272100	0.09905120	0.01366970
32	0.11593700	0.10236800	0.01356880
33	0.11954900	0.10606900	0.01347940
34	0.12318000	0.10978300	0.01339720
35	0.12650300	0.11318300	0.01332030
36	0.12932300	0.11607400	0.01324870
37	0.13160100	0.11841900	0.01318150
38	0.13344800	0.12033100	0.01311770
39	0.13500700	0.12195100	0.01305680
40	0.13646800	0.12347000	0.01299740
41	0.13796900	0.12503100	0.01293760
42	0.13961700	0.12674100	0.01287640
43	0.14149100	0.12867700	0.01281350
44	0.14358500	0.13083700	0.01274790
45	0.14587600	0.13319600	0.01268030
46	0.14834800	0.13573600	0.01261150
47	0.15094700	0.13840600	0.01254120
48	0.15364300	0.14117300	0.01246970
49	0.15637200	0.14397400	0.01239790
50	0.15910200	0.14677400	0.01232770
51	0.16180200	0.14954100	0.01226100
52	0.16447000	0.15227200	0.01219880
53	0.16712400	0.15498300	0.01214100
54	0.16974300	0.15765600	0.01208720
55	0.17237100	0.16033400	0.01203680
56	0.17496200	0.16297300	0.01198890
57	0.17753700	0.16559300	0.01194410
58	0.18006300	0.16816000	0.01190220
59	0.18254300	0.17068100	0.01186140
60	0.18489900	0.17307900	0.01182020
61	0.18710000	0.17532200	0.01177760
62	0.18912500	0.17739300	0.01173290
63	0.19101900	0.17933200	0.01168610
64	0.19281700	0.18117900	0.01163750
65	0.19455900	0.18297200	0.01158710
66	0.19626300	0.18472900	0.01153470
67	0.19798400	0.18650400	0.01148000
68	0.19972500	0.18830200	0.01142340
69	0.20152400	0.19015900	0.01136500
70	0.20338000	0.19207400	0.01130550
71	0.20530300	0.19405700	0.01124590
72	0.20730500	0.19611900	0.01118630
73	0.20937000	0.19824300	0.01112720
74	0.21145400	0.20038400	0.01106970
75	0.21353800	0.20252300	0.01101470
76	0.21557200	0.20460800	0.01096370
77	0.21753700	0.20662000	0.01091680
78	0.21938500	0.20851000	0.01087470
79	0.22112900	0.21029000	0.01083850
80	0.22273500	0.21192700	0.01080820
81	0.22418000	0.21339600	0.01078360
82	0.22546200	0.21469800	0.01076450
83	0.22661500	0.21586400	0.01075080
84	0.22764700	0.21690400	0.01074230
85	0.22851300	0.21777400	0.01073880
86	0.22919200	0.21845300	0.01073990
87	0.22968400	0.21893900	0.01074520
88	0.22997600	0.21922200	0.01075410
89	0.23005900	0.21929400	0.01076540
90	0.22991500	0.21913700	0.01077850
91	0.22954900	0.21875600	0.01079250
92	0.22896300	0.21815600	0.01080700
93	0.22820600	0.21738400	0.01082190
94	0.22729800	0.21646200	0.01083680
95	0.22625600	0.21540500	0.01085110
96	0.22510100	0.21423700	0.01086390
97	0.22388100	0.21300600	0.01087460
98	0.22264400	0.21176100	0.01088300
99	0.22143100	0.21054200	0.01088850
100	0.22026400	0.20937200	0.01089170
101	0.21915900	0.20826600	0.01089250
102	0.21810000	0.20721100	0.01088990
103	0.21706300	0.20617900	0.01088400
104	0.21605500	0.20518000	0.01087520
105	0.21507600	0.20421200	0.01086340
106	0.21411300	0.20326400	0.01084900
107	0.21315400	0.20232200	0.01083210
108	0.21216200	0.20134900	0.01081270
109	0.21114100	0.20034900	0.01079170
110	0.21009800	0.19932800	0.01076970
111	0.20903200	0.19828500	0.01074710
112	0.20794500	0.19721900	0.01072520
113	0.20684300	0.19613800	0.01070500
114	0.20575300	0.19506600	0.01068710
115	0.20470700	0.19403500	0.01067180
116	0.20375900	0.19310000	0.01065910
117	0.20296700	0.19231700	0.01064970
118	0.20236600	0.19172300	0.01064320
119	0.20198400	0.19134300	0.01064030
120	0.20180400	0.19116200	0.01064200
121	0.20181100	0.19116400	0.01064770
122	0.20197400	0.19131700	0.01065710
123	0.20229000	0.19162000	0.01066960
124	0.20272700	0.19204200	0.01068450
125	0.20326500	0.19256400	0.01070090
126	0.20387800	0.19316000	0.01071810
127	0.20455400	0.19381800	0.01073560
128	0.20526100	0.19450800	0.01075230
129	0.20597700	0.19521200	0.01076540
130	0.20663900	0.19585800	0.01078060
131	0.20722100	0.19642600	0.01079520
132	0.20770000	0.19689200	0.01080800
133	0.20803400	0.19721700	0.01081710
134	0.20817900	0.19735600	0.01082310
135	0.20813800	0.19731200	0.01082550
136	0.20790800	0.19708300	0.01082490
137	0.20747800	0.19665800	0.01082060
138	0.20688400	0.19607000	0.01081400
139	0.20613200	0.19532700	0.01080510
140	0.20523900	0.19444500	0.01079380
141	0.20421600	0.19343500	0.01078130
142	0.20308200	0.19231400	0.01076830
143	0.20185700	0.19110000	0.01075650
144	0.20054500	0.18979900	0.01074560
145	0.19916200	0.18842500	0.01073760
146	0.19769000	0.18695700	0.01073220
147	0.19616500	0.18543600	0.01072920
148	0.19463600	0.18390800	0.01072770
149	0.19315900	0.18243200	0.01072690
150	0.19175800	0.18103200	0.01072610
151	0.19046300	0.17973800	0.01072540
152	0.18927000	0.17854500	0.01072410
153	0.18819500	0.17747300	0.01072210
154	0.18724000	0.17652000	0.01071940
155	0.18641200	0.17569600	0.01071600
156	0.18571200	0.17500200	0.01071040
157	0.18513100	0.17443000	0.01070160
158	0.18465800	0.17396800	0.01069000
159	0.18427500	0.17359900	0.01067570
160	0.18396100	0.17330200	0.01065950
161	0.18370500	0.17306300	0.01064190
162	0.18349100	0.17286800	0.01062310
163	0.18329200	0.17268900	0.01060300
164	0.18307800	0.17249600	0.01058170
165	0.18284600	0.17228800	0.01055860
166	0.18261400	0.17208100	0.01053350
167	0.18239600	0.17189000	0.01050650
168	0.18214800	0.17167100	0.01047720
169	0.18189700	0.17145200	0.01044570
170	0.18164200	0.17123000	0.01041250
171	0.18140400	0.17102600	0.01037810
172	0.18116500	0.17082200	0.01034310
173	0.18093800	0.17063000	0.01030790
174	0.18070000	0.17042700	0.01027280
175	0.18042500	0.17018600	0.01023820
176	0.18010500	0.16990000	0.01020470
177	0.17978800	0.16961600	0.01017240
178	0.17947800	0.16933600	0.01014180
179	0.17920400	0.16909100	0.01011260
180	0.17895100	0.16886600	0.01008520
181	0.17876100	0.16870200	0.01005940
182	0.17860800	0.16857200	0.01003560
183	0.17852500	0.16851100	0.01001360
184	0.17848300	0.16848900	0.00999351
185	0.17849100	0.16851600	0.00997512
186	0.17854200	0.16858300	0.00995845
187	0.17864600	0.16870200	0.00994346
188	0.17878700	0.16885600	0.00993015
189	0.17896700	0.16904900	0.00991843
190	0.17917000	0.16926200	0.00990816
191	0.17937600	0.16947700	0.00989926
192	0.17954100	0.16965000	0.00989164
193	0.17966600	0.16978100	0.00988552
194	0.17975200	0.16987100	0.00988103
195	0.17978700	0.16990900	0.00987782
196	0.17977400	0.16989800	0.00987585
197	0.17970500	0.16983000	0.00987509
198	0.17959500	0.16972000	0.00987545
199	0.17944900	0.16957200	0.00987695
200	0.17928000	0.16940100	0.00987929
201	0.17909100	0.16920800	0.00988248
202	0.17890100	0.16901500	0.00988608
203	0.17870600	0.16881600	0.00988979
204	0.17851600	0.16862300	0.00989316
205	0.17830200	0.16840600	0.00989571
206	0.17806600	0.16816900	0.00989711
207	0.17778200	0.16788500	0.00989703
208	0.17743500	0.16754000	0.00989485
209	0.17697500	0.16708500	0.00989005
210	0.17639100	0.16650800	0.00988238
211	0.17567300	0.16580100	0.00987171
212	0.17484600	0.16498700	0.00985809
213	0.17392200	0.16408000	0.00984159
214	0.17292200	0.16309900	0.00982264
215	0.17187500	0.16207300	0.00980174
216	0.17080800	0.16102900	0.00977932
217	0.16975300	0.15999700	0.00975577
218	0.16872400	0.15899200	0.00973148
219	0.16773800	0.15803100	0.00970692
220	0.16680100	0.15711800	0.00968255
221	0.16591600	0.15625700	0.00965850
222	0.16508700	0.15545200	0.00963497
223	0.16431500	0.15470300	0.00961213
224	0.16361700	0.15402700	0.00958985
225	0.16299500	0.15342700	0.00956795
226	0.16246900	0.15292200	0.00954610
227	0.16204800	0.15252400	0.00952428
228	0.16173100	0.15222900	0.00950202
229	0.16152100	0.15204200	0.00947917
230	0.16139700	0.15194200	0.00945530
231	0.16135500	0.15192500	0.00943018
232	0.16138900	0.15198500	0.00940365
233	0.16149800	0.15212300	0.00937573
234	0.16166900	0.15232300	0.00934637
235	0.16190600	0.15259100	0.00931571
236	0.16218700	0.15290300	0.00928385
237	0.16250200	0.15325100	0.00925118
238	0.16282300	0.15360500	0.00921840
239	0.16313800	0.15395100	0.00918614
240	0.16341900	0.15426400	0.00915495
241	0.16364900	0.15452400	0.00912501
242	0.16381500	0.15471800	0.00909681
243	0.16392900	0.15485800	0.00907095
244	0.16400000	0.15495200	0.00904759
245	0.16403900	0.15501300	0.00902646
246	0.16406300	0.15505600	0.00900719
247	0.16409900	0.15510900	0.00898991
248	0.16417000	0.15519500	0.00897476
249	0.16431600	0.15535400	0.00896154
250	0.16454500	0.15559500	0.00895018
251	0.16487000	0.15592900	0.00894066
252	0.16527900	0.15634700	0.00893294
253	0.16576900	0.15684200	0.00892703
254	0.16630700	0.15738400	0.00892319
255	0.16689300	0.15797200	0.00892135
256	0.16751000	0.15858900	0.00892155
257	0.16816400	0.15924000	0.00892363
258	0.16884700	0.15991900	0.00892739
259	0.16956700	0.16063400	0.00893264
260	0.17030700	0.16136700	0.00893932
261	0.17106200	0.16211500	0.00894721
262	0.17181400	0.16285800	0.00895616
263	0.17255200	0.16358600	0.00896610
264	0.17325600	0.16427900	0.00897691
265	0.17393200	0.16494300	0.00898820
266	0.17457600	0.16557700	0.00899942
267	0.17520200	0.16619200	0.00901037
268	0.17580900	0.16678800	0.00902079
269	0.17639800	0.16736800	0.00903037
270	0.17696700	0.16792800	0.00903896
271	0.17752800	0.16848200	0.00904629
272	0.17807300	0.16902100	0.00905238
273	0.17861000	0.16955300	0.00905729
274	0.17913400	0.17007300	0.00906108
275	0.17966300	0.17059900	0.00906373
276	0.18018900	0.17112400	0.00906521
277	0.18071500	0.17164900	0.00906560
278	0.18121500	0.17214900	0.00906513
279	0.18168500	0.17262100	0.00906398
280	0.18209400	0.17303200	0.00906209
281	0.18245800	0.17339800	0.00905993
282	0.18277900	0.17372100	0.00905784
283	0.18307100	0.17401600	0.00905558
284	0.18334400	0.17429100	0.00905321
285	0.18360000	0.17454900	0.00905073
286	0.18384500	0.17479700	0.00904827
287	0.18408300	0.17503700	0.00904589
288	0.18432000	0.17527600	0.00904348
289	0.18455000	0.17551000	0.00904075
290	0.18478900	0.17575200	0.00903754
291	0.18503500	0.17600100	0.00903320
292	0.18528200	0.17625500	0.00902731
293	0.18553400	0.17651400	0.00901945
294	0.18580200	0.17679300	0.00900934
295	0.18611400	0.17711700	0.00899673
296	0.18647400	0.17749300	0.00898147
297	0.18688500	0.17792200	0.00896353
298	0.18734600	0.17840300	0.00894315
299	0.18786100	0.17894000	0.00892058
300	0.18843300	0.17953700	0.00889600
301	0.18905500	0.18018500	0.00886986
302	0.18971200	0.18086900	0.00884270
303	0.19038100	0.18156600	0.00881498
304	0.19103500	0.18224800	0.00878713
305	0.19165300	0.18289300	0.00875958
306	0.19220400	0.18347200	0.00873245
307	0.19267000	0.18396400	0.00870570
308	0.19303100	0.18435200	0.00867953
309	0.19328100	0.18462700	0.00865372
310	0.19339800	0.18477000	0.00862822
311	0.19338600	0.18478400	0.00860292
312	0.19323800	0.18466000	0.00857779
313	0.19296100	0.18440800	0.00855278
314	0.19255200	0.18402400	0.00852784
315	0.19202100	0.18351800	0.00850296
316	0.19138600	0.18290800	0.00847815
317	0.19066000	0.18220700	0.00845333
318	0.18986000	0.18143100	0.00842838
319	0.18898500	0.18058200	0.00840310
320	0.18805200	0.17967500	0.00837739
321	0.18706200	0.17871000	0.00835130
322	0.18603600	0.17771100	0.00832481
323	0.18497400	0.17667600	0.00829797
324	0.18389500	0.17562400	0.00827093
325	0.18280200	0.17455800	0.00824387
326	0.18171200	0.17349500	0.00821696
327	0.18063100	0.17244100	0.00819060
328	0.17958500	0.17141900	0.00816519
329	0.17856300	0.17042200	0.00814094
330	0.17757000	0.16945100	0.00811808
331	0.17659300	0.16849600	0.00809680
332	0.17563300	0.16755500	0.00807722
333	0.17468600	0.16662700	0.00805925
334	0.17376600	0.16572300	0.00804297
335	0.17287500	0.16484600	0.00802850
336	0.17201700	0.16400100	0.00801591
337	0.17120400	0.16319800	0.00800535
338	0.17045500	0.16245800	0.00799692
339	0.16977300	0.16178200	0.00799064
340	0.16915200	0.16116600	0.00798645
341	0.16856600	0.16058100	0.00798426
342	0.16798600	0.16000200	0.00798391
343	0.16738900	0.15940400	0.00798507
344	0.16675000	0.15876300	0.00798743
345	0.16606400	0.15807300	0.00799061
346	0.16532400	0.15733000	0.00799455
347	0.16453700	0.15653800	0.00799915
348	0.16370200	0.15569700	0.00800443
349	0.16283100	0.15482100	0.00801055
350	0.16193700	0.15391900	0.00801762
351	0.16101400	0.15298800	0.00802563
352	0.16004800	0.15201300	0.00803439
353	0.15903200	0.15098800	0.00804394
354	0.15797500	0.14992100	0.00805445
355	0.15686100	0.14879500	0.00806575
356	0.15571800	0.14764000	0.00807818
357	0.15457100	0.14647900	0.00809196
358	0.15342800	0.14532000	0.00810701
359	0.15228200	0.14415900	0.00812313
360	0.15116800	0.14302800	0.00814030
361	0.15010700	0.14194900	0.00815838
362	0.14909800	0.14092100	0.00817706
363	0.14813200	0.13993500	0.00819612
364	0.14718200	0.13896600	0.00821547
365	0.14624600	0.13801100	0.00823499
366	0.14532500	0.13707000	0.00825453
367	0.14442400	0.13615100	0.00827390
368	0.14355900	0.13526600	0.00829279
369	0.14273400	0.13442300	0.00831111
370	0.14194600	0.13361700	0.00832888
371	0.14120900	0.13286300	0.00834617
372	0.14053200	0.13216900	0.00836305
373	0.13991600	0.13153700	0.00837959
374	0.13935400	0.13095800	0.00839576
375	0.13883000	0.13041900	0.00841158
376	0.13835100	0.12992500	0.00842678
377	0.13789600	0.12945500	0.00844132
378	0.13743200	0.12897700	0.00845490
379	0.13692100	0.12845400	0.00846711
380	0.13634200	0.12786400	0.00847821
381	0.13569100	0.12720200	0.00848858
382	0.13495800	0.12645900	0.00849841
383	0.13414400	0.12563600	0.00850794
384	0.13325600	0.12473900	0.00851718
385	0.13231700	0.12379000	0.00852640
386	0.13133600	0.12280000	0.00853533
387	0.13031500	0.12177100	0.00854398
388	0.12926100	0.12070900	0.00855187
389	0.12816900	0.11961000	0.00855873
390	0.12703700	0.11847300	0.00856399
391	0.12586500	0.11729700	0.00856756
392	0.12467900	0.11611000	0.00856923
393	0.12349300	0.11492500	0.00856881
394	0.12231400	0.11374800	0.00856638
395	0.12114600	0.11258400	0.00856218
396	0.12000700	0.11145000	0.00855699
397	0.11891200	0.11036000	0.00855153
398	0.11787600	0.10933000	0.00854631
399	0.11690400	0.10836200	0.00854198
400	0.11598500	0.10744600	0.00853885
401	0.11511200	0.10657500	0.00853723
402	0.11428500	0.10574800	0.00853762
403	0.11349300	0.10495300	0.00854001
404	0.11273600	0.10419100	0.00854427
405	0.11201300	0.10346300	0.00855026
406	0.11133600	0.10277900	0.00855776
407	0.11070800	0.10214200	0.00856665
408	0.11013900	0.10156200	0.00857659
409	0.10961400	0.10102600	0.00858741
410	0.10913300	0.10053400	0.00859879
411	0.10868200	0.10007200	0.00861050
412	0.10825400	0.09963150	0.00862237
413	0.10783800	0.09920440	0.00863403
414	0.10742300	0.09877780	0.00864529
415	0.10699000	0.09833380	0.00865600
416	0.10652800	0.09786240	0.00866601
417	0.10603000	0.09735470	0.00867517
418	0.10550600	0.09682290	0.00868352
419	0.10494100	0.09624930	0.00869136
420	0.10432700	0.09562880	0.00869850
421	0.10364800	0.09494320	0.00870470
422	0.10290600	0.09419610	0.00870997
423	0.10209200	0.09337800	0.00871418
424	0.10120800	0.09249050	0.00871728
425	0.10024600	0.09152670	0.00871908
426	0.09920830	0.09048900	0.00871932
427	0.09810580	0.08938780	0.00871798
428	0.09695570	0.08824100	0.00871463
429	0.09576110	0.08705160	0.00870947
430	0.09452710	0.08582500	0.00870212
431	0.09325320	0.08456040	0.00869284
432	0.09194510	0.08326310	0.00868199
433	0.09061180	0.08194150	0.00867027
434	0.08926850	0.08061070	0.00865778
435	0.08794620	0.07930220	0.00864407
436	0.08664490	0.07801500	0.00862987
437	0.08535190	0.07673620	0.00861572
438	0.08405560	0.07545350	0.00860210
439	0.08274710	0.07415800	0.00858904
440	0.08141600	0.07283900	0.00857698
441	0.08004700	0.07148120	0.00856586
442	0.07864420	0.07008860	0.00855560
443	0.07720790	0.06866190	0.00854601
444	0.07574890	0.06721180	0.00853713
445	0.07426460	0.06573610	0.00852858
446	0.07277200	0.06425180	0.00852027
447	0.07127830	0.06276600	0.00851229
448	0.06978500	0.06128080	0.00850428
449	0.06828930	0.05979310	0.00849618
450	0.06680120	0.05831330	0.00848786
451	0.06533150	0.05685200	0.00847955
452	0.06390030	0.05542970	0.00847055
453	0.06250090	0.05403990	0.00846100
454	0.06114070	0.05268980	0.00845091
455	0.05984000	0.05140000	0.00843995
456	0.05863130	0.05020300	0.00842828
457	0.05753630	0.04912020	0.00841606
458	0.05655850	0.04815500	0.00840356
459	0.05569410	0.04730300	0.00839108
460	0.05495270	0.04657380	0.00837896
461	0.05433640	0.04596880	0.00836753
462	0.05386350	0.04550660	0.00835683
463	0.05353720	0.04519040	0.00834684
464	0.05336390	0.04502620	0.00833774
465	0.05334780	0.04501850	0.00832923
466	0.05347800	0.04515660	0.00832144
467	0.05373750	0.04542300	0.00831445
468	0.05409800	0.04578960	0.00830840
469	0.05452240	0.04621930	0.00830316
470	0.05497780	0.04667930	0.00829847
471	0.05547860	0.04718460	0.00829402
472	0.05600180	0.04771210	0.00828973
473	0.05654570	0.04826020	0.00828542
474	0.05706040	0.04877980	0.00828066
475	0.05763120	0.04935580	0.00827535
476	0.05823960	0.04997040	0.00826917
477	0.05887230	0.05061040	0.00826188
478	0.05951810	0.05126450	0.00825359
479	0.06022220	0.05197790	0.00824434
480	0.06102230	0.05278830	0.00823397
481	0.06198580	0.05376320	0.00822263
482	0.06315640	0.05494630	0.00821011
483	0.06458310	0.05638680	0.00819630
484	0.06630440	0.05812330	0.00818112
485	0.06837530	0.06021150	0.00816384
486	0.07081510	0.06267110	0.00814404
487	0.07362900	0.06550670	0.00812234
488	0.07674000	0.06864120	0.00809874
489	0.08004140	0.07196840	0.00807295
490	0.08338960	0.07534430	0.00804532
491	0.08665190	0.07863600	0.00801588
492	0.08970760	0.08172270	0.00798496
493	0.09248890	0.08453620	0.00795271
494	0.09499210	0.08707190	0.00792022
495	0.09726690	0.08937870	0.00788817
496	0.09939360	0.09153640	0.00785727
497	0.10141000	0.09358180	0.00782807
498	0.10331900	0.09551770	0.00780118
499	0.10509200	0.09731560	0.00777655
500	0.10670100	0.09894660	0.00775465
501	0.10813500	0.10039900	0.00773548
502	0.10938300	0.10166400	0.00771910
503	0.11046900	0.10276400	0.00770532
504	0.11142100	0.10372700	0.00769398
505	0.11227100	0.10458700	0.00768464
506	0.11301900	0.10534200	0.00767715
507	0.11367800	0.10600700	0.00767157
508	0.11427900	0.10661200	0.00766775
509	0.11483200	0.10716600	0.00766589
510	0.11535300	0.10768700	0.00766588
511	0.11582300	0.10815600	0.00766759
512	0.11623300	0.10856200	0.00767079
513	0.11655600	0.10888100	0.00767527
514	0.11678200	0.10910100	0.00768090
515	0.11691100	0.10922300	0.00768770
516	0.11696700	0.10927100	0.00769594
517	0.11697500	0.10926900	0.00770587
518	0.11695800	0.10924000	0.00771710
519	0.11696700	0.10923800	0.00772929
520	0.11702700	0.10928500	0.00774239
521	0.11714500	0.10938800	0.00775659
522	0.11731400	0.10954200	0.00777189
523	0.11755300	0.10976500	0.00778801
524	0.11784400	0.11004000	0.00780449
525	0.11819700	0.11037700	0.00782078
526	0.11859000	0.11075300	0.00783706
527	0.11903100	0.11117800	0.00785324
528	0.11950400	0.11163400	0.00786975
529	0.12002100	0.11213400	0.00788698
530	0.12058200	0.11267700	0.00790586
531	0.12119600	0.11326900	0.00792641
532	0.12186000	0.11391200	0.00794850
533	0.12257500	0.11460300	0.00797187
534	0.12333300	0.11533700	0.00799636
535	0.12414400	0.11612100	0.00802232
536	0.12497200	0.11692200	0.00805006
537	0.12581700	0.11773700	0.00807969
538	0.12667800	0.11856700	0.00811138
539	0.12756000	0.11941500	0.00814470
540	0.12844800	0.12026800	0.00817963
541	0.12934200	0.12112600	0.00821605
542	0.13022900	0.12197600	0.00825381
543	0.13110600	0.12281400	0.00829248
544	0.13195700	0.12362500	0.00833156
545	0.13277500	0.12440500	0.00837060
546	0.13356300	0.12515400	0.00840941
547	0.13431100	0.12586300	0.00844769
548	0.13499300	0.12650800	0.00848547
549	0.13561400	0.12709100	0.00852295
550	0.13616000	0.12760000	0.00855997
551	0.13668700	0.12809000	0.00859634
552	0.13720300	0.12857200	0.00863176
553	0.13772100	0.12905400	0.00866640
554	0.13822600	0.12952600	0.00870006
555	0.13873100	0.12999900	0.00873219
556	0.13921600	0.13045300	0.00876264
557	0.13965900	0.13086800	0.00879130
558	0.14004100	0.13122300	0.00881768
559	0.14032800	0.13148600	0.00884209
560	0.14050900	0.13164400	0.00886449
561	0.14057000	0.13168600	0.00888474
562	0.14050500	0.13160200	0.00890270
563	0.14031300	0.13139400	0.00891866
564	0.14001900	0.13108600	0.00893277
565	0.13962700	0.13068200	0.00894489
566	0.13914300	0.13018800	0.00895533
567	0.13856900	0.12960500	0.00896393
568	0.13792600	0.12895500	0.00897065
569	0.13723800	0.12826200	0.00897539
570	0.13653100	0.12755300	0.00897805
571	0.13582900	0.12685000	0.00897861
572	0.13518000	0.12620300	0.00897712
573	0.13463900	0.12566500	0.00897371
574	0.13424900	0.12528100	0.00896855
575	0.13402100	0.12505900	0.00896186
576	0.13395400	0.12500000	0.00895390
577	0.13403700	0.12509200	0.00894493
578	0.13423800	0.12530300	0.00893522
579	0.13453500	0.12561000	0.00892514
580	0.13490500	0.12599000	0.00891509
581	0.13532900	0.12642400	0.00890558
582	0.13579500	0.12689700	0.00889703
583	0.13629200	0.12740200	0.00888959
584	0.13682100	0.12793700	0.00888361
585	0.13736600	0.12848700	0.00887935
586	0.13792600	0.12904900	0.00887687
587	0.13848600	0.12961000	0.00887596
588	0.13903800	0.13016100	0.00887637
589	0.13957500	0.13069800	0.00887787
590	0.14007400	0.13119400	0.00888022
591	0.14053300	0.13165000	0.00888316
592	0.14093900	0.13205200	0.00888655
593	0.14129900	0.13240900	0.00889018
594	0.14159800	0.13270500	0.00889359
595	0.14185100	0.13295400	0.00889665
596	0.14204500	0.13314600	0.00889918
597	0.14220600	0.13330500	0.00890133
598	0.14232500	0.13342200	0.00890325
599	0.14241200	0.13350700	0.00890501
600	0.14246800	0.13356100	0.00890688
601	0.14250200	0.13359300	0.00890907
602	0.14250900	0.13359700	0.00891168
603	0.14249500	0.13358100	0.00891482
604	0.14245700	0.13353900	0.00891856
605	0.14239200	0.13346900	0.00892312
606	0.14231100	0.13338300	0.00892872
607	0.14221200	0.13327600	0.00893557
608	0.14210100	0.13315700	0.00894405
609	0.14197700	0.13302300	0.00895463
610	0.14182900	0.13286100	0.00896739
611	0.14164900	0.13266700	0.00898232
612	0.14144000	0.13244000	0.00899936
613	0.14120700	0.13218900	0.00901834
614	0.14097100	0.13193200	0.00903916
615	0.14074800	0.13168700	0.00906148
616	0.14053300	0.13144800	0.00908483
617	0.14033200	0.13122300	0.00910889
618	0.14015500	0.13102200	0.00913352
619	0.14000600	0.13084700	0.00915841
620	0.13988600	0.13070300	0.00918348
621	0.13979500	0.13058700	0.00920849
622	0.13974600	0.13051200	0.00923318
623	0.13973400	0.13047700	0.00925724
624	0.13978000	0.13049900	0.00928034
625	0.13987700	0.13057500	0.00930213
626	0.14004300	0.13072000	0.00932271
627	0.14026200	0.13092000	0.00934219
628	0.14055000	0.13119000	0.00936036
629	0.14089000	0.13151300	0.00937726
630	0.14127100	0.13187900	0.00939275
631	0.14167100	0.13226400	0.00940713
632	0.14207000	0.13265000	0.00942049
633	0.14245400	0.13302100	0.00943312
634	0.14281400	0.13336900	0.00944506
635	0.14312500	0.13366900	0.00945626
636	0.14339700	0.13393000	0.00946712
637	0.14363700	0.13415900	0.00947763
638	0.14384700	0.13436000	0.00948768
639	0.14402600	0.13452900	0.00949732
640	0.14418200	0.13467500	0.00950646
641	0.14431100	0.13479700	0.00951490
642	0.14441500	0.13489300	0.00952256
643	0.14449600	0.13496700	0.00952935
644	0.14456300	0.13502800	0.00953497
645	0.14461900	0.13507900	0.00953956
646	0.14467800	0.13513500	0.00954297
647	0.14475200	0.13520700	0.00954510
648	0.14485200	0.13530600	0.00954613
649	0.14496900	0.13542200	0.00954632
650	0.14510400	0.13555800	0.00954567
651	0.14527300	0.13572900	0.00954414
652	0.14547200	0.13593100	0.00954139
653	0.14570500	0.13616800	0.00953714
654	0.14596500	0.13643300	0.00953123
655	0.14625800	0.13673400	0.00952342
656	0.14656700	0.13705400	0.00951335
657	0.14689600	0.13739500	0.00950075
658	0.14721800	0.13773200	0.00948556
659	0.14752300	0.13805500	0.00946768
660	0.14781200	0.13836500	0.00944730
661	0.14810000	0.13867600	0.00942449
662	0.14838500	0.13898600	0.00939940
663	0.14869300	0.13932100	0.00937224
664	0.14902600	0.13968300	0.00934321
665	0.14939500	0.14008200	0.00931250
666	0.14979100	0.14051100	0.00928028
667	0.15021900	0.14097300	0.00924673
668	0.15067000	0.14145800	0.00921196
669	0.15113300	0.14195700	0.00917611
670	0.15160200	0.14246300	0.00913924
671	0.15208500	0.14298300	0.00910153
672	0.15256300	0.14350000	0.00906317
673	0.15302100	0.14399600	0.00902429
674	0.15345000	0.14446500	0.00898504
675	0.15384900	0.14490400	0.00894539
676	0.15421600	0.14531000	0.00890537
677	0.15454900	0.14568400	0.00886509
678	0.15486500	0.14604100	0.00882450
679	0.15515800	0.14637400	0.00878360
680	0.15542200	0.14667900	0.00874238
681	0.15564400	0.14694300	0.00870064
682	0.15581800	0.14715900	0.00865836
683	0.15593000	0.14731500	0.00861556
684	0.15597800	0.14740600	0.00857231
685	0.15594600	0.14741800	0.00852864
686	0.15584700	0.14736200	0.00848480
687	0.15568200	0.14724100	0.00844102
688	0.15545900	0.14706100	0.00839756
689	0.15517900	0.14682500	0.00835456
690	0.15484600	0.14653300	0.00831235
691	0.15446200	0.14619100	0.00827128
692	0.15404900	0.14581700	0.00823142
693	0.15361000	0.14541700	0.00819295
694	0.15315400	0.14499700	0.00815612
695	0.15268600	0.14456500	0.00812130
696	0.15222200	0.14413400	0.00808861
697	0.15175900	0.14370100	0.00805807
698	0.15130600	0.14327600	0.00802977
699	0.15086700	0.14286300	0.00800391
700	0.15045300	0.14247200	0.00798078
701	0.15006900	0.14210800	0.00796080
702	0.14972900	0.14178400	0.00794449
703	0.14944600	0.14151400	0.00793244
704	0.14922200	0.14129700	0.00792512
705	0.14906600	0.14114400	0.00792263
706	0.14898400	0.14106000	0.00792475
707	0.14896600	0.14103500	0.00793101
708	0.14899200	0.14105100	0.00794064
709	0.14902800	0.14107600	0.00795287
710	0.14904400	0.14107700	0.00796721
711	0.14902600	0.14104300	0.00798337
712	0.14895600	0.14095500	0.00800095
713	0.14882700	0.14080700	0.00801976
714	0.14861400	0.14057500	0.00803949
715	0.14831900	0.14025900	0.00805995
716	0.14792100	0.13983900	0.00808124
717	0.14742800	0.13932400	0.00810361
718	0.14682000	0.13869300	0.00812718
719	0.14607600	0.13792400	0.00815205
720	0.14520700	0.13702900	0.00817843
721	0.14421000	0.13600400	0.00820633
722	0.14306400	0.13482900	0.00823577
723	0.14176400	0.13349700	0.00826681
724	0.14029500	0.13199600	0.00829945
725	0.13864400	0.13031100	0.00833352
726	0.13680800	0.12843900	0.00836885
727	0.13479800	0.12639200	0.00840545
728	0.13262900	0.12418600	0.00844322
729	0.13030900	0.12182700	0.00848169
730	0.12784600	0.11932500	0.00852054
731	0.12525500	0.11669600	0.00855955
732	0.12257400	0.11397600	0.00859840
733	0.11981300	0.11117600	0.00863675
734	0.11699600	0.10832100	0.00867462
735	0.11413600	0.10542400	0.00871231
736	0.11126200	0.10251300	0.00874977
737	0.10838300	0.09959640	0.00878670
738	0.10552000	0.09669700	0.00882338
739	0.10267200	0.09381220	0.00885949
740	0.09983830	0.09094260	0.00889564
741	0.09701950	0.08808850	0.00893108
742	0.09422600	0.08525980	0.00896619
743	0.09145370	0.08245300	0.00900073
744	0.08871860	0.07968390	0.00903474
745	0.08603060	0.07696220	0.00906835
746	0.08341510	0.07431300	0.00910209
747	0.08088730	0.07175220	0.00913514
748	0.07844970	0.06928200	0.00916769
749	0.07610690	0.06690800	0.00919893
750	0.07386650	0.06463940	0.00922714
751	0.07170420	0.06245240	0.00925184
752	0.06963780	0.06036450	0.00927334
753	0.06768850	0.05839680	0.00929177
754	0.06589120	0.05658330	0.00930791
755	0.06422690	0.05490480	0.00932210
756	0.06263310	0.05329900	0.00933405
757	0.06110350	0.05175940	0.00934414
758	0.05962330	0.05027080	0.00935250
759	0.05819910	0.04883950	0.00935963
760	0.05683910	0.04747300	0.00936612
761	0.05554420	0.04617230	0.00937196
762	0.05434660	0.04497010	0.00937656
763	0.05323330	0.04385230	0.00938096
764	0.05214090	0.04275540	0.00938541
765	0.05107830	0.04168930	0.00938899
766	0.05003500	0.04064310	0.00939191
767	0.04903160	0.03963690	0.00939466
768	0.04804690	0.03864920	0.00939776
769	0.04708770	0.03768750	0.00940021
770	0.04615520	0.03675240	0.00940282
771	0.04528570	0.03588200	0.00940368
772	0.04447710	0.03507560	0.00940147
773	0.04376680	0.03436960	0.00939718
774	0.04316460	0.03377200	0.00939262
775	0.04269440	0.03330820	0.00938625
776	0.04232440	0.03294720	0.00937711
777	0.04210240	0.03273740	0.00936502
778	0.04199030	0.03263870	0.00935160
779	0.04200980	0.03267230	0.00933746
780	0.04213350	0.03281150	0.00932204
781	0.04237520	0.03307030	0.00930489
782	0.04273900	0.03345330	0.00928574
783	0.04324350	0.03397810	0.00926544
784	0.04389080	0.03464660	0.00924419
785	0.04466820	0.03544590	0.00922231
786	0.04558110	0.03638100	0.00920005
787	0.04661910	0.03744140	0.00917766
788	0.04772410	0.03856870	0.00915546
789	0.04890440	0.03977070	0.00913374
790	0.05022080	0.04110790	0.00911284
791	0.05165870	0.04256590	0.00909281
792	0.05321240	0.04413890	0.00907347
793	0.05489880	0.04584390	0.00905488
794	0.05668690	0.04764980	0.00903713
795	0.05859290	0.04957250	0.00902040
796	0.06060000	0.05159520	0.00900479
797	0.06269570	0.05370530	0.00899039
798	0.06484510	0.05586780	0.00897727
799	0.06700770	0.05804250	0.00896516
800	0.06917810	0.06022470	0.00895338
801	0.07133450	0.06239290	0.00894159
802	0.07345940	0.06452990	0.00892946
803	0.07554290	0.06662610	0.00891680
804	0.07758610	0.06868290	0.00890313
805	0.07955660	0.07066810	0.00888846
806	0.08144350	0.07257090	0.00887266
807	0.08324260	0.07438680	0.00885573
808	0.08497070	0.07613300	0.00883775
809	0.08664930	0.07783020	0.00881909
810	0.08833270	0.07953280	0.00879989
811	0.09004100	0.08126050	0.00878042
812	0.09177910	0.08301810	0.00876094
813	0.09352770	0.08478640	0.00874132
814	0.09521490	0.08649350	0.00872140
815	0.09677800	0.08807650	0.00870147
816	0.09815970	0.08947790	0.00868181
817	0.09931370	0.09065100	0.00866277
818	0.10023800	0.09159290	0.00864499
819	0.10093600	0.09230760	0.00862877
820	0.10145200	0.09283820	0.00861416
821	0.10188700	0.09328600	0.00860086
822	0.10223400	0.09364570	0.00858851
823	0.10252500	0.09394830	0.00857666
824	0.10276500	0.09420050	0.00856494
825	0.10296100	0.09440810	0.00855317
826	0.10311600	0.09457460	0.00854145
827	0.10323000	0.09469970	0.00852998
828	0.10332100	0.09480230	0.00851913
829	0.10338300	0.09487330	0.00850922
830	0.10343800	0.09493780	0.00850056
831	0.10351300	0.09502000	0.00849324
832	0.10363600	0.09514910	0.00848735
833	0.10382100	0.09533740	0.00848314
834	0.10402900	0.09554800	0.00848059
835	0.10429000	0.09581060	0.00847970
836	0.10463700	0.09615620	0.00848038
837	0.10512000	0.09663710	0.00848243
838	0.10575700	0.09727220	0.00848526
839	0.10656300	0.09807570	0.00848761
840	0.10751400	0.09902540	0.00848867
841	0.10860500	0.10011700	0.00848826
842	0.10979300	0.10130600	0.00848675
843	0.11104900	0.10256400	0.00848486
844	0.11232500	0.10384200	0.00848292
845	0.11362100	0.10514000	0.00848113
846	0.11492900	0.10644900	0.00847981
847	0.11625700	0.10777800	0.00847891
848	0.11759800	0.10911900	0.00847846
849	0.11896400	0.11048500	0.00847864
850	0.12034900	0.11187000	0.00847916
851	0.12175400	0.11327400	0.00848033
852	0.12317200	0.11469100	0.00848175
853	0.12461000	0.11612700	0.00848321
854	0.12604700	0.11756300	0.00848445
855	0.12749400	0.11900900	0.00848551
856	0.12894300	0.12045600	0.00848637
857	0.13036200	0.12187600	0.00848683
858	0.13172300	0.12323600	0.00848667
859	0.13301900	0.12453300	0.00848602
860	0.13424300	0.12575800	0.00848493
861	0.13537600	0.12689300	0.00848338
862	0.13642700	0.12794600	0.00848170
863	0.13741200	0.12893200	0.00848020
864	0.13834700	0.12986800	0.00847900
865	0.13928500	0.13080700	0.00847833
866	0.14021700	0.13173900	0.00847828
867	0.14113100	0.13265200	0.00847894
868	0.14199600	0.13351600	0.00848052
869	0.14279300	0.13431000	0.00848300
870	0.14351500	0.13502800	0.00848655
871	0.14415900	0.13566800	0.00849135
872	0.14473300	0.13623600	0.00849729
873	0.14522200	0.13671800	0.00850420
874	0.14560600	0.13709500	0.00851178
875	0.14586100	0.13734100	0.00851974
876	0.14598600	0.13745800	0.00852790
877	0.14599600	0.13746000	0.00853588
878	0.14591300	0.13737000	0.00854370
879	0.14576600	0.13721500	0.00855100
880	0.14557800	0.13702000	0.00855753
881	0.14537400	0.13681000	0.00856311
882	0.14516800	0.13660000	0.00856772
883	0.14497200	0.13640100	0.00857132
884	0.14478800	0.13621500	0.00857395
885	0.14464000	0.13606400	0.00857581
886	0.14452500	0.13594800	0.00857712
887	0.14446800	0.13589000	0.00857820
888	0.14448800	0.13590900	0.00857934
889	0.14461300	0.13603200	0.00858080
890	0.14484900	0.13626600	0.00858284
891	0.14520100	0.13661600	0.00858554
892	0.14565300	0.13706400	0.00858900
893	0.14619300	0.13760000	0.00859332
894	0.14677700	0.13817900	0.00859840
895	0.14740800	0.13880400	0.00860450
896	0.14804200	0.13943000	0.00861174
897	0.14866900	0.14004900	0.00861998
898	0.14926400	0.14063400	0.00862935
899	0.14982900	0.14118900	0.00863989
900	0.15035800	0.14170700	0.00865160
901	0.15085700	0.14219300	0.00866467
902	0.15133200	0.14265200	0.00867931
903	0.15177600	0.14308000	0.00869571
904	0.15220200	0.14348900	0.00871376
905	0.15259900	0.14386500	0.00873355
906	0.15297500	0.14422000	0.00875506
907	0.15332900	0.14455100	0.00877840
908	0.15367500	0.14487100	0.00880370
909	0.15401200	0.14518100	0.00883075
910	0.15434600	0.14548700	0.00885954
911	0.15467000	0.14578000	0.00889033
912	0.15499600	0.14607300	0.00892321
913	0.15531900	0.14636100	0.00895792
914	0.15564100	0.14664700	0.00899431
915	0.15596300	0.14693100	0.00903217
916	0.15629100	0.14722000	0.00907114
917	0.15662500	0.14751400	0.00911094
918	0.15697600	0.14782400	0.00915140
919	0.15734600	0.14815300	0.00919250
920	0.15774300	0.14850900	0.00923390
921	0.15817000	0.14889500	0.00927517
922	0.15862500	0.14930900	0.00931608
923	0.15911300	0.14975700	0.00935629
924	0.15963200	0.15023600	0.00939540
925	0.16018300	0.15075000	0.00943328
926	0.16075200	0.15128200	0.00946977
927	0.16134800	0.15184300	0.00950485
928	0.16195100	0.15241200	0.00953846
929	0.16256700	0.15299700	0.00957041
930	0.16318800	0.15358700	0.00960056
931	0.16382900	0.15420000	0.00962900
932	0.16446400	0.15480800	0.00965570
933	0.16509600	0.15541600	0.00968036
934	0.16570300	0.15600000	0.00970296
935	0.16627900	0.15655500	0.00972335
936	0.16681800	0.15707700	0.00974133
937	0.16732400	0.15756800	0.00975664
938	0.16778000	0.15801100	0.00976951
939	0.16819000	0.15841000	0.00978008
940	0.16855600	0.15876800	0.00978846
941	0.16889200	0.15909800	0.00979464
942	0.16919800	0.15940000	0.00979843
943	0.16945300	0.15965400	0.00979984
944	0.16965900	0.15986000	0.00979893
945	0.16979600	0.16000000	0.00979565
946	0.16986400	0.16007400	0.00978988
947	0.16983800	0.16005700	0.00978162
948	0.16971700	0.15994600	0.00977070
949	0.16950500	0.15974700	0.00975725
950	0.16920600	0.15946500	0.00974123
951	0.16883100	0.15910800	0.00972252
952	0.16838600	0.15868400	0.00970111
953	0.16788700	0.15821000	0.00967718
954	0.16734800	0.15769700	0.00965079
955	0.16677000	0.15714800	0.00962206
956	0.16617500	0.15658400	0.00959088
957	0.16555200	0.15599400	0.00955750
958	0.16491000	0.15538900	0.00952198
959	0.16425800	0.15477300	0.00948455
960	0.16360000	0.15415400	0.00944541
961	0.16293600	0.15353100	0.00940487
962	0.16225200	0.15288800	0.00936314
963	0.16154900	0.15222900	0.00932044
964	0.16082300	0.15154600	0.00927711
965	0.16006700	0.15083400	0.00923350
966	0.15927100	0.15008100	0.00918977
967	0.15843300	0.14928700	0.00914588
968	0.15755200	0.14845000	0.00910178
969	0.15663500	0.14757800	0.00905741
970	0.15568400	0.14667200	0.00901271
971	0.15471300	0.14574600	0.00896762
972	0.15372500	0.14480300	0.00892207
973	0.15273700	0.14386000	0.00887609
974	0.15177100	0.14294100	0.00882972
975	0.15083500	0.14205200	0.00878313
976	0.14994000	0.14120300	0.00873651
977	0.14907400	0.14038400	0.00868997
978	0.14823100	0.13958700	0.00864341
979	0.14740500	0.13880800	0.00859693
980	0.14658200	0.13803200	0.00855071
981	0.14575200	0.13724700	0.00850488
982	0.14492000	0.13646000	0.00845976
983	0.14409800	0.13568200	0.00841560
984	0.14330900	0.13493600	0.00837273
985	0.14256800	0.13423700	0.00833146
986	0.14188300	0.13359100	0.00829218
987	0.14126100	0.13300600	0.00825501
988	0.14069800	0.13247700	0.00822013
989	0.14017400	0.13198600	0.00818764
990	0.13967700	0.13151900	0.00815764
991	0.13918600	0.13105600	0.00813010
992	0.13869600	0.13059100	0.00810490
993	0.13819800	0.13011600	0.00808179
994	0.13770200	0.12964200	0.00806082
995	0.13721900	0.12917700	0.00804172
996	0.13675400	0.12873000	0.00802451
997	0.13629900	0.12828900	0.00800921
998	0.13585100	0.12785500	0.00799575
999	0.13540300	0.12741900	0.00798401
1000	0.13496800	0.12699400	0.00797378
1001	0.13454300	0.12657800	0.00796463
1002	0.13413000	0.12617300	0.00795628
1003	0.13371100	0.12576200	0.00794868
1004	0.13328300	0.12534000	0.00794220
1005	0.13284800	0.12491100	0.00793712
1006	0.13242000	0.12448700	0.00793316
1007	0.13201400	0.12408400	0.00793028
1008	0.13164600	0.12371700	0.00792845
1009	0.13132300	0.12339500	0.00792769
1010	0.13105900	0.12313100	0.00792819
1011	0.13085200	0.12292200	0.00792996
1012	0.13070800	0.12277500	0.00793303
1013	0.13061800	0.12268000	0.00793775
1014	0.13058100	0.12263700	0.00794406
1015	0.13057500	0.12262300	0.00795201
1016	0.13058900	0.12262800	0.00796139
1017	0.13059900	0.12262700	0.00797201
1018	0.13058800	0.12260400	0.00798354
1019	0.13052000	0.12252500	0.00799566
1020	0.13039700	0.12238800	0.00800827
1021	0.13019000	0.12216900	0.00802125
1022	0.12990600	0.12187200	0.00803463
1023	0.12952900	0.12148100	0.00804824
1024	0.12906200	0.12100000	0.00806219
1025	0.12850300	0.12042600	0.00807650
1026	0.12786900	0.11977800	0.00809125
1027	0.12717700	0.11907000	0.00810648
1028	0.12644100	0.11831900	0.00812232
1029	0.12567900	0.11754000	0.00813867
1030	0.12489200	0.11673700	0.00815554
1031	0.12407500	0.11590200	0.00817313
1032	0.12323400	0.11504400	0.00819033
1033	0.12235500	0.11414800	0.00820696
1034	0.12144300	0.11321900	0.00822351
1035	0.12050800	0.11226900	0.00823926
1036	0.11955500	0.11130100	0.00825401
1037	0.11859700	0.11032800	0.00826844
1038	0.11763200	0.10935000	0.00828244
1039	0.11667000	0.10837500	0.00829466
1040	0.11570000	0.10739400	0.00830555
1041	0.11473500	0.10641900	0.00831602
1042	0.11377300	0.10544800	0.00832566
1043	0.11282600	0.10449200	0.00833356
1044	0.11188200	0.10354200	0.00834020
1045	0.11094700	0.10260100	0.00834663
1046	0.11001200	0.10165800	0.00835363
1047	0.10908200	0.10072000	0.00836169
1048	0.10814800	0.09977720	0.00837102
1049	0.10720900	0.09882660	0.00838202
1050	0.10625100	0.09785590	0.00839465
1051	0.10527200	0.09686280	0.00840885
1052	0.10426800	0.09584410	0.00842430
1053	0.10324200	0.09480130	0.00844057
1054	0.10219800	0.09374080	0.00845714
1055	0.10115100	0.09267750	0.00847391
1056	0.10011300	0.09162250	0.00849075
1057	0.09909720	0.09059010	0.00850710
1058	0.09810090	0.08957850	0.00852244
1059	0.09711690	0.08858040	0.00853652
1060	0.09614020	0.08759080	0.00854935
1061	0.09516640	0.08660540	0.00856096
1062	0.09419290	0.08562130	0.00857153
1063	0.09322920	0.08464810	0.00858108
1064	0.09227710	0.08368730	0.00858979
1065	0.09133790	0.08274030	0.00859757
1066	0.09040440	0.08179990	0.00860452
1067	0.08946940	0.08085880	0.00861055
1068	0.08853320	0.07991760	0.00861559
1069	0.08760850	0.07898900	0.00861956
1070	0.08669650	0.07807400	0.00862255
1071	0.08578980	0.07716520	0.00862464
1072	0.08485880	0.07623270	0.00862604
1073	0.08390940	0.07528270	0.00862668
1074	0.08292690	0.07430030	0.00862662
1075	0.08192210	0.07329620	0.00862588
1076	0.08086970	0.07224490	0.00862472
1077	0.07977920	0.07115610	0.00862315
1078	0.07865440	0.07003330	0.00862111
1079	0.07750200	0.06888340	0.00861857
1080	0.07632960	0.06771430	0.00861532
1081	0.07513940	0.06652780	0.00861164
1082	0.07390220	0.06529420	0.00860806
1083	0.07262720	0.06402190	0.00860526
1084	0.07131650	0.06271330	0.00860317
1085	0.06998600	0.06138460	0.00860138
1086	0.06864290	0.06004370	0.00859922
1087	0.06732240	0.05872610	0.00859626
1088	0.06604350	0.05745090	0.00859261
1089	0.06483110	0.05624310	0.00858807
1090	0.06368740	0.05510520	0.00858221
1091	0.06263300	0.05405840	0.00857460
1092	0.06166920	0.05310420	0.00856508
1093	0.06081390	0.05225990	0.00855399
1094	0.06005360	0.05151220	0.00854141
1095	0.05940110	0.05087360	0.00852749
1096	0.05883950	0.05032730	0.00851225
1097	0.05838400	0.04988840	0.00849554
1098	0.05801970	0.04954230	0.00847741
1099	0.05775320	0.04929510	0.00845803
1100	0.05755600	0.04911850	0.00843744
1101	0.05744270	0.04902730	0.00841541
1102	0.05738430	0.04899230	0.00839203
1103	0.05735760	0.04899000	0.00836763
1104	0.05735700	0.04901460	0.00834237
1105	0.05737850	0.04906230	0.00831624
1106	0.05742120	0.04913190	0.00828940
1107	0.05747800	0.04921610	0.00826192
1108	0.05756540	0.04933130	0.00823411
1109	0.05767840	0.04947240	0.00820597
1110	0.05781850	0.04964070	0.00817773
1111	0.05798940	0.04984000	0.00814940
1112	0.05818630	0.05006540	0.00812093
1113	0.05839420	0.05030190	0.00809230
1114	0.05861030	0.05054670	0.00806358
1115	0.05883400	0.05079920	0.00803473
1116	0.05906150	0.05105600	0.00800558
1117	0.05927760	0.05130140	0.00797619
1118	0.05948040	0.05153370	0.00794665
1119	0.05965890	0.05174180	0.00791718
1120	0.05980910	0.05192120	0.00788788
1121	0.05992250	0.05206370	0.00785882
1122	0.05996940	0.05213940	0.00782998
1123	0.05995580	0.05215410	0.00780172
1124	0.05986680	0.05209260	0.00777423
1125	0.05971090	0.05196320	0.00774762
1126	0.05946210	0.05174010	0.00772200
1127	0.05912050	0.05142320	0.00769734
1128	0.05867250	0.05099890	0.00767365
1129	0.05813990	0.05048900	0.00765093
1130	0.05754480	0.04991560	0.00762915
1131	0.05690670	0.04929830	0.00760838
1132	0.05625920	0.04867060	0.00758868
1133	0.05565130	0.04808130	0.00757000
1134	0.05510540	0.04755300	0.00755232
1135	0.05463810	0.04710220	0.00753588
1136	0.05426990	0.04674910	0.00752087
1137	0.05405230	0.04654500	0.00750730
1138	0.05399130	0.04649640	0.00749486
1139	0.05410770	0.04662440	0.00748329
1140	0.05439000	0.04691760	0.00747237
1141	0.05481830	0.04735640	0.00746190
1142	0.05535730	0.04790550	0.00745182
1143	0.05600190	0.04855990	0.00744207
1144	0.05674030	0.04930750	0.00743279
1145	0.05757770	0.05015370	0.00742407
1146	0.05850570	0.05108960	0.00741607
1147	0.05953000	0.05212110	0.00740891
1148	0.06064190	0.05323910	0.00740275
1149	0.06183510	0.05443760	0.00739750
1150	0.06309160	0.05569830	0.00739334
1151	0.06439870	0.05700840	0.00739025
1152	0.06575780	0.05836950	0.00738830
1153	0.06717530	0.05978780	0.00738748
1154	0.06865510	0.06126750	0.00738762
1155	0.07021020	0.06282150	0.00738864
1156	0.07185050	0.06446000	0.00739044
1157	0.07357580	0.06618300	0.00739281
1158	0.07537550	0.06797990	0.00739561
1159	0.07722340	0.06982490	0.00739843
1160	0.07908670	0.07168570	0.00740104
1161	0.08095430	0.07355110	0.00740314
1162	0.08279850	0.07539420	0.00740435
1163	0.08459070	0.07718640	0.00740438
1164	0.08629160	0.07888860	0.00740295
1165	0.08789110	0.08049110	0.00739999
1166	0.08937840	0.08198290	0.00739545
1167	0.09074940	0.08335990	0.00738946
1168	0.09200500	0.08462290	0.00738207
1169	0.09314920	0.08577550	0.00737366
1170	0.09418550	0.08682110	0.00736439
1171	0.09512940	0.08777480	0.00735466
1172	0.09597140	0.08862640	0.00734491
1173	0.09671180	0.08937630	0.00733543
1174	0.09735980	0.09003320	0.00732658
1175	0.09794690	0.09062820	0.00731878
1176	0.09847930	0.09116710	0.00731219
1177	0.09896870	0.09166180	0.00730687
1178	0.09942560	0.09212270	0.00730284
1179	0.09985060	0.09255040	0.00730017
1180	0.10024000	0.09294090	0.00729895
1181	0.10061700	0.09331790	0.00729903
1182	0.10097900	0.09367900	0.00730034
1183	0.10133400	0.09403090	0.00730273
1184	0.10167000	0.09436410	0.00730626
1185	0.10198900	0.09467810	0.00731104
1186	0.10227000	0.09495270	0.00731715
1187	0.10251600	0.09519180	0.00732460
1188	0.10272000	0.09538660	0.00733323
1189	0.10289500	0.09555160	0.00734301
1190	0.10303800	0.09568370	0.00735384
1191	0.10316200	0.09579620	0.00736569
1192	0.10326600	0.09588790	0.00737842
1193	0.10336400	0.09597170	0.00739194
1194	0.10345400	0.09604780	0.00740619
1195	0.10355600	0.09613460	0.00742111
1196	0.10366600	0.09622890	0.00743667
1197	0.10379900	0.09634620	0.00745280
1198	0.10395000	0.09648040	0.00746955
1199	0.10412800	0.09664130	0.00748687
1200	0.10433300	0.09682840	0.00750482
1201	0.10456600	0.09704250	0.00752333
1202	0.10481400	0.09727120	0.00754243
1203	0.10507300	0.09751090	0.00756207
1204	0.10531400	0.09773140	0.00758219
1205	0.10554300	0.09794020	0.00760271
1206	0.10573400	0.09811030	0.00762352
1207	0.10587200	0.09822720	0.00764447
1208	0.10592700	0.09826160	0.00766542
1209	0.10590600	0.09821990	0.00768622
1210	0.10579400	0.09808730	0.00770677
1211	0.10558900	0.09786230	0.00772695
1212	0.10528200	0.09753520	0.00774662
1213	0.10487700	0.09711100	0.00776572
1214	0.10436600	0.09658140	0.00778417
1215	0.10375700	0.09595540	0.00780205
1216	0.10304600	0.09522670	0.00781934
1217	0.10222700	0.09439060	0.00783605
1218	0.10129400	0.09344240	0.00785191
1219	0.10025100	0.09238380	0.00786678
1220	0.09909210	0.09121160	0.00788048
1221	0.09781890	0.08992600	0.00789296
1222	0.09644200	0.08853760	0.00790442
1223	0.09496300	0.08704820	0.00791483
1224	0.09338870	0.08546440	0.00792421
1225	0.09171600	0.08378330	0.00793272
1226	0.08996670	0.08202640	0.00794028
1227	0.08814840	0.08020150	0.00794684
1228	0.08630000	0.07834780	0.00795216
1229	0.08443920	0.07648310	0.00795607
1230	0.08260860	0.07465010	0.00795848
1231	0.08083380	0.07287430	0.00795949
1232	0.07915440	0.07119520	0.00795918
1233	0.07758810	0.06963090	0.00795723
1234	0.07616520	0.06821160	0.00795362
1235	0.07489530	0.06694700	0.00794827
1236	0.07377120	0.06583000	0.00794119
1237	0.07278040	0.06484810	0.00793229
1238	0.07190670	0.06398510	0.00792161
1239	0.07114060	0.06323140	0.00790924
1240	0.07047250	0.06257720	0.00789532
1241	0.06990260	0.06202250	0.00788008
1242	0.06942960	0.06156580	0.00786377
1243	0.06905810	0.06121150	0.00784654
1244	0.06878310	0.06095450	0.00782854
1245	0.06859700	0.06078700	0.00781001
1246	0.06849720	0.06070600	0.00779118
1247	0.06847400	0.06070170	0.00777226
1248	0.06852570	0.06077230	0.00775339
1249	0.06863940	0.06090480	0.00773465
1250	0.06880910	0.06109300	0.00771611
1251	0.06902190	0.06132400	0.00769784
1252	0.06926980	0.06158990	0.00767989
1253	0.06954090	0.06187870	0.00766220
1254	0.06983090	0.06218610	0.00764480
1255	0.07013100	0.06250330	0.00762767
1256	0.07043660	0.06282580	0.00761079
1257	0.07074140	0.06314730	0.00759411
1258	0.07104960	0.06347210	0.00757757
1259	0.07136360	0.06380240	0.00756120
1260	0.07167580	0.06413080	0.00754497
1261	0.07197560	0.06444670	0.00752889
1262	0.07225990	0.06474690	0.00751295
1263	0.07254310	0.06504600	0.00749713
1264	0.07283710	0.06535570	0.00748143
1265	0.07315950	0.06569360	0.00746588
1266	0.07351580	0.06606530	0.00745052
1267	0.07391440	0.06647900	0.00743540
1268	0.07435000	0.06692940	0.00742058
1269	0.07481530	0.06740920	0.00740603
1270	0.07530070	0.06790890	0.00739181
1271	0.07580330	0.06842520	0.00737802
1272	0.07631430	0.06894950	0.00736474
1273	0.07682840	0.06947640	0.00735202
1274	0.07733750	0.06999760	0.00733996
1275	0.07783190	0.07050330	0.00732863
1276	0.07829620	0.07097820	0.00731798
1277	0.07871710	0.07140900	0.00730807
1278	0.07907630	0.07177740	0.00729896
1279	0.07936100	0.07207030	0.00729077
1280	0.07956460	0.07228120	0.00728349
1281	0.07968540	0.07240830	0.00727711
1282	0.07970400	0.07243230	0.00727165
1283	0.07961870	0.07235160	0.00726709
1284	0.07943570	0.07217230	0.00726346
1285	0.07917660	0.07191590	0.00726069
1286	0.07886160	0.07160290	0.00725874
1287	0.07851210	0.07125450	0.00725762
1288	0.07816190	0.07090450	0.00725739
1289	0.07785000	0.07059190	0.00725808
1290	0.07758880	0.07032910	0.00725969
1291	0.07738080	0.07011850	0.00726226
1292	0.07723610	0.06997040	0.00726575
1293	0.07714580	0.06987570	0.00727017
1294	0.07709380	0.06981830	0.00727545
1295	0.07707070	0.06978920	0.00728155
1296	0.07707160	0.06978310	0.00728850
1297	0.07708620	0.06978990	0.00729628
1298	0.07711030	0.06980550	0.00730479
1299	0.07712930	0.06981530	0.00731395
1300	0.07713310	0.06980940	0.00732370
1301	0.07711650	0.06978250	0.00733400
1302	0.07706940	0.06972460	0.00734480
1303	0.07698330	0.06962730	0.00735604
1304	0.07683950	0.06947180	0.00736772
1305	0.07664420	0.06926440	0.00737979
1306	0.07639160	0.06899940	0.00739222
1307	0.07608350	0.06867850	0.00740503
1308	0.07571240	0.06829420	0.00741817
1309	0.07527800	0.06784650	0.00743159
1310	0.07477480	0.06732940	0.00744532
1311	0.07420250	0.06674320	0.00745931
1312	0.07355700	0.06608350	0.00747351
1313	0.07283880	0.06535090	0.00748790
1314	0.07204690	0.06454440	0.00750245
1315	0.07118810	0.06367090	0.00751716
1316	0.07026430	0.06273240	0.00753196
1317	0.06927840	0.06173170	0.00754665
1318	0.06822790	0.06066680	0.00756112
1319	0.06712180	0.05954640	0.00757539
1320	0.06596680	0.05837750	0.00758937
1321	0.06477900	0.05717590	0.00760309
1322	0.06356220	0.05594580	0.00761641
1323	0.06232010	0.05469070	0.00762945
1324	0.06106020	0.05341810	0.00764213
1325	0.05978360	0.05212940	0.00765422
1326	0.05849960	0.05083390	0.00766569
1327	0.05721390	0.04953740	0.00767656
1328	0.05594210	0.04825530	0.00768684
1329	0.05467750	0.04698090	0.00769654
1330	0.05343220	0.04572670	0.00770553
1331	0.05221110	0.04449740	0.00771379
1332	0.05103890	0.04331770	0.00772123
1333	0.04990850	0.04218080	0.00772764
1334	0.04882790	0.04109490	0.00773298
1335	0.04778820	0.04005090	0.00773724
1336	0.04679650	0.03905600	0.00774053
1337	0.04584440	0.03810150	0.00774286
1338	0.04493040	0.03718620	0.00774424
1339	0.04404550	0.03630070	0.00774477
1340	0.04319600	0.03545150	0.00774444
1341	0.04238460	0.03464140	0.00774321
1342	0.04161680	0.03387570	0.00774109
1343	0.04088670	0.03314860	0.00773814
1344	0.04020800	0.03247360	0.00773439
1345	0.03959430	0.03186430	0.00772993
1346	0.03905000	0.03132520	0.00772475
1347	0.03859600	0.03087710	0.00771891
1348	0.03824780	0.03053530	0.00771249
1349	0.03801120	0.03030560	0.00770559
1350	0.03788610	0.03018780	0.00769831
1351	0.03787270	0.03018200	0.00769073
1352	0.03795520	0.03027220	0.00768292
1353	0.03813470	0.03045980	0.00767490
1354	0.03840860	0.03074200	0.00766666
1355	0.03877030	0.03111210	0.00765821
1356	0.03921210	0.03156250	0.00764957
1357	0.03972420	0.03208350	0.00764073
1358	0.04029690	0.03266510	0.00763179
1359	0.04092330	0.03330060	0.00762279
1360	0.04159010	0.03397640	0.00761371
1361	0.04228800	0.03468340	0.00760455
1362	0.04300310	0.03540780	0.00759534
1363	0.04372140	0.03613540	0.00758601
1364	0.04442150	0.03684490	0.00757657
1365	0.04509230	0.03752540	0.00756695
1366	0.04571990	0.03816280	0.00755718
1367	0.04629970	0.03875250	0.00754723
1368	0.04682190	0.03928480	0.00753710
1369	0.04729120	0.03976430	0.00752685
1370	0.04771320	0.04019660	0.00751664
1371	0.04809880	0.04059220	0.00750658
1372	0.04845580	0.04095900	0.00749684
1373	0.04878250	0.04129500	0.00748752
1374	0.04908410	0.04160540	0.00747876
1375	0.04937230	0.04190170	0.00747063
1376	0.04965480	0.04219160	0.00746322
1377	0.04994500	0.04248830	0.00745669
1378	0.05025140	0.04280020	0.00745112
1379	0.05057820	0.04313170	0.00744653
1380	0.05092440	0.04348140	0.00744300
1381	0.05128330	0.04384270	0.00744051
1382	0.05164760	0.04420860	0.00743903
1383	0.05200800	0.04456960	0.00743840
1384	0.05235350	0.04491500	0.00743846
1385	0.05267580	0.04523660	0.00743923
1386	0.05296680	0.04552620	0.00744060
1387	0.05322210	0.04577970	0.00744245
1388	0.05342570	0.04598110	0.00744464
1389	0.05356830	0.04612110	0.00744720
1390	0.05364000	0.04619000	0.00745008
1391	0.05364730	0.04619400	0.00745330
1392	0.05359520	0.04613850	0.00745665
1393	0.05349270	0.04603270	0.00746000
1394	0.05333730	0.04587410	0.00746322
1395	0.05313310	0.04566690	0.00746621
1396	0.05287940	0.04541050	0.00746885
1397	0.05259240	0.04512130	0.00747115
1398	0.05227170	0.04479860	0.00747308
1399	0.05193320	0.04445850	0.00747464
1400	0.05158550	0.04410960	0.00747587
1401	0.05124480	0.04376800	0.00747682
1402	0.05091860	0.04344110	0.00747756
1403	0.05062570	0.04314750	0.00747818
1404	0.05037550	0.04289680	0.00747873
1405	0.05017730	0.04269800	0.00747927
1406	0.05003710	0.04255720	0.00747985
1407	0.04996140	0.04248080	0.00748061
1408	0.04995890	0.04247740	0.00748157
1409	0.05004080	0.04255800	0.00748278
1410	0.05021220	0.04272790	0.00748430
1411	0.05047170	0.04298540	0.00748622
1412	0.05081220	0.04332360	0.00748858
1413	0.05122520	0.04373380	0.00749144
1414	0.05170570	0.04421090	0.00749480
1415	0.05223600	0.04473730	0.00749870
1416	0.05280670	0.04530350	0.00750320
1417	0.05339070	0.04588230	0.00750835
1418	0.05397420	0.04646000	0.00751420
1419	0.05453070	0.04701000	0.00752068
1420	0.05504460	0.04751690	0.00752772
1421	0.05550120	0.04796610	0.00753517
1422	0.05588760	0.04834470	0.00754286
1423	0.05620260	0.04865190	0.00755069
1424	0.05644040	0.04888180	0.00755857
1425	0.05660820	0.04904180	0.00756639
1426	0.05671190	0.04913790	0.00757403
1427	0.05676870	0.04918730	0.00758142
1428	0.05679920	0.04921070	0.00758852
1429	0.05682660	0.04923130	0.00759529
1430	0.05685830	0.04925660	0.00760170
1431	0.05691580	0.04930810	0.00760773
1432	0.05701230	0.04939890	0.00761339
1433	0.05716400	0.04954530	0.00761872
1434	0.05737060	0.04974690	0.00762374
1435	0.05764370	0.05001520	0.00762848
1436	0.05799170	0.05035860	0.00763305
1437	0.05842180	0.05078440	0.00763747
1438	0.05893110	0.05128930	0.00764180
1439	0.05951260	0.05186650	0.00764607
1440	0.06015870	0.05250840	0.00765035
1441	0.06086030	0.05320570	0.00765465
1442	0.06160240	0.05394340	0.00765898
1443	0.06237210	0.05470880	0.00766329
1444	0.06315070	0.05548310	0.00766760
1445	0.06392010	0.05624820	0.00767181
1446	0.06466140	0.05698550	0.00767589
1447	0.06536060	0.05768080	0.00767981
1448	0.06599900	0.05831550	0.00768350
1449	0.06656440	0.05887750	0.00768690
1450	0.06703650	0.05934660	0.00768998
1451	0.06741080	0.05971800	0.00769274
1452	0.06768830	0.05999300	0.00769522
1453	0.06788450	0.06018700	0.00769749
1454	0.06801100	0.06031140	0.00769960
1455	0.06808960	0.06038800	0.00770159
1456	0.06813430	0.06043070	0.00770354
1457	0.06816710	0.06046160	0.00770555
1458	0.06819290	0.06048520	0.00770770
1459	0.06822320	0.06051320	0.00771003
1460	0.06826200	0.06054940	0.00771259
1461	0.06831630	0.06060090	0.00771539
1462	0.06838530	0.06066680	0.00771849
1463	0.06846980	0.06074780	0.00772196
1464	0.06856330	0.06083750	0.00772575
1465	0.06866750	0.06093770	0.00772979
1466	0.06878540	0.06105140	0.00773400
1467	0.06891560	0.06117730	0.00773837
1468	0.06906120	0.06131830	0.00774293
1469	0.06922140	0.06147370	0.00774766
1470	0.06939320	0.06164070	0.00775252
1471	0.06957430	0.06181690	0.00775745
1472	0.06975340	0.06199110	0.00776233
1473	0.06992910	0.06216200	0.00776707
1474	0.07009800	0.06232640	0.00777158
1475	0.07026250	0.06248680	0.00777572
1476	0.07041800	0.06263860	0.00777934
1477	0.07056560	0.06278330	0.00778237
1478	0.07070400	0.06291930	0.00778474
1479	0.07083850	0.06305210	0.00778640
1480	0.07097700	0.06318970	0.00778728
1481	0.07113060	0.06334320	0.00778737
1482	0.07130510	0.06351850	0.00778661
1483	0.07151180	0.06372680	0.00778507
1484	0.07175490	0.06397210	0.00778280
1485	0.07204760	0.06426770	0.00777987
1486	0.07238610	0.06460970	0.00777638
1487	0.07278360	0.06501120	0.00777243
1488	0.07323350	0.06546540	0.00776814
1489	0.07375440	0.06599080	0.00776359
1490	0.07433760	0.06657870	0.00775884
1491	0.07499060	0.06723660	0.00775397
1492	0.07570170	0.06795270	0.00774905
1493	0.07646880	0.06872460	0.00774417
1494	0.07727760	0.06953820	0.00773940
1495	0.07811970	0.07038490	0.00773482
1496	0.07897980	0.07124930	0.00773051
1497	0.07984630	0.07211990	0.00772645
1498	0.08069970	0.07297720	0.00772255
1499	0.08153530	0.07381660	0.00771874
1500	0.08234070	0.07462580	0.00771497
1501	0.08310730	0.07539610	0.00771118
1502	0.08381950	0.07611220	0.00770731
1503	0.08447040	0.07676710	0.00770326
1504	0.08505290	0.07735400	0.00769895
1505	0.08557570	0.07788150	0.00769425
1506	0.08603890	0.07834990	0.00768903
1507	0.08645680	0.07877360	0.00768323
1508	0.08683150	0.07915470	0.00767676
1509	0.08717340	0.07950350	0.00766991
1510	0.08748640	0.07982390	0.00766251
1511	0.08778140	0.08012680	0.00765464
1512	0.08806180	0.08041550	0.00764640
1513	0.08833560	0.08069780	0.00763785
1514	0.08861060	0.08098150	0.00762907
1515	0.08888470	0.08126460	0.00762005
1516	0.08916260	0.08155160	0.00761096
1517	0.08943680	0.08183490	0.00760191
1518	0.08971470	0.08212170	0.00759301
1519	0.08998930	0.08240490	0.00758441
1520	0.09026620	0.08269000	0.00757620
1521	0.09054460	0.08297620	0.00756844
1522	0.09082460	0.08326340	0.00756119
1523	0.09110090	0.08354640	0.00755447
1524	0.09136420	0.08381590	0.00754829
1525	0.09160930	0.08406670	0.00754264
1526	0.09182880	0.08429120	0.00753757
1527	0.09202350	0.08449030	0.00753317
1528	0.09218330	0.08465380	0.00752944
1529	0.09229980	0.08477340	0.00752638
1530	0.09236960	0.08484570	0.00752389
1531	0.09240000	0.08487820	0.00752185
1532	0.09239860	0.08487840	0.00752014
1533	0.09238070	0.08486210	0.00751862
1534	0.09235820	0.08484110	0.00751709
1535	0.09234760	0.08483210	0.00751543
1536	0.09235370	0.08484010	0.00751362
1537	0.09239620	0.08488460	0.00751155
1538	0.09247610	0.08496690	0.00750918
1539	0.09260460	0.08509820	0.00750643
1540	0.09277840	0.08527510	0.00750334
1541	0.09300440	0.08550440	0.00750002
1542	0.09328080	0.08578420	0.00749661
1543	0.09361810	0.08612480	0.00749327
1544	0.09401370	0.08652360	0.00749018
1545	0.09447250	0.08698500	0.00748753
1546	0.09498110	0.08749560	0.00748549
1547	0.09553850	0.08805430	0.00748415
1548	0.09612040	0.08863680	0.00748358
1549	0.09672200	0.08923820	0.00748376
1550	0.09731760	0.08983290	0.00748468
1551	0.09789630	0.09041000	0.00748632
1552	0.09842920	0.09094050	0.00748867
1553	0.09890600	0.09141430	0.00749169
1554	0.09930970	0.09181440	0.00749533
1555	0.09964130	0.09214180	0.00749954
1556	0.09988970	0.09238550	0.00750414
1557	0.10005600	0.09254720	0.00750900
1558	0.10013000	0.09261610	0.00751403
1559	0.10011800	0.09259890	0.00751904
1560	0.10002000	0.09249620	0.00752385
1561	0.09984860	0.09232040	0.00752827
1562	0.09960930	0.09207710	0.00753214
1563	0.09931850	0.09178300	0.00753544
1564	0.09898390	0.09144570	0.00753817
1565	0.09861900	0.09107860	0.00754043
1566	0.09823320	0.09069090	0.00754229
1567	0.09783640	0.09029260	0.00754385
1568	0.09743800	0.08989280	0.00754521
1569	0.09704300	0.08949660	0.00754646
1570	0.09666900	0.08912140	0.00754767
1571	0.09632010	0.08877120	0.00754888
1572	0.09600790	0.08845770	0.00755012
1573	0.09572720	0.08817570	0.00755144
1574	0.09548990	0.08793700	0.00755295
1575	0.09528680	0.08773210	0.00755467
1576	0.09512310	0.08756650	0.00755664
1577	0.09498550	0.08742670	0.00755886
1578	0.09487480	0.08731350	0.00756132
1579	0.09477250	0.08720860	0.00756395
1580	0.09467940	0.08711270	0.00756668
1581	0.09457930	0.08700980	0.00756947
1582	0.09447420	0.08690190	0.00757231
1583	0.09435480	0.08677960	0.00757515
1584	0.09421660	0.08663860	0.00757792
1585	0.09405240	0.08647190	0.00758050
1586	0.09386380	0.08628110	0.00758277
1587	0.09366260	0.08607790	0.00758468
1588	0.09344910	0.08586300	0.00758612
1589	0.09322730	0.08564010	0.00758718
1590	0.09298600	0.08539810	0.00758790
1591	0.09272800	0.08513970	0.00758827
1592	0.09244990	0.08486150	0.00758840
1593	0.09215230	0.08456400	0.00758829
1594	0.09182790	0.08424000	0.00758790
1595	0.09147970	0.08389240	0.00758738
1596	0.09110060	0.08351370	0.00758689
1597	0.09069170	0.08310520	0.00758653
1598	0.09025400	0.08266760	0.00758640
1599	0.08978560	0.08219900	0.00758653
1600	0.08928260	0.08169550	0.00758707
1601	0.08874330	0.08115540	0.00758788
1602	0.08817430	0.08058540	0.00758885
1603	0.08758210	0.07999220	0.00758988
1604	0.08697490	0.07938390	0.00759100
1605	0.08635750	0.07876520	0.00759231
1606	0.08573610	0.07814240	0.00759371
1607	0.08511230	0.07751710	0.00759522
1608	0.08449850	0.07690170	0.00759680
1609	0.08389080	0.07629250	0.00759831
1610	0.08329820	0.07569850	0.00759964
1611	0.08271600	0.07511520	0.00760078
1612	0.08215740	0.07455570	0.00760168
1613	0.08161560	0.07401330	0.00760231
1614	0.08110620	0.07350350	0.00760270
1615	0.08062890	0.07302600	0.00760287
1616	0.08019060	0.07258780	0.00760285
1617	0.07979490	0.07219230	0.00760264
1618	0.07945080	0.07184860	0.00760222
1619	0.07915970	0.07155810	0.00760160
1620	0.07892660	0.07132580	0.00760075
1621	0.07875090	0.07115130	0.00759965
1622	0.07862870	0.07103040	0.00759833
1623	0.07855600	0.07095920	0.00759677
1624	0.07853280	0.07093770	0.00759502
1625	0.07855810	0.07096500	0.00759314
1626	0.07861850	0.07102730	0.00759117
1627	0.07870500	0.07111590	0.00758907
1628	0.07880660	0.07121980	0.00758682
1629	0.07891790	0.07133350	0.00758442
1630	0.07902700	0.07144520	0.00758183
1631	0.07913880	0.07155970	0.00757909
1632	0.07924220	0.07166620	0.00757608
1633	0.07933600	0.07176320	0.00757272
1634	0.07940760	0.07183850	0.00756911
1635	0.07945830	0.07189300	0.00756525
1636	0.07947650	0.07191520	0.00756123
1637	0.07946080	0.07190380	0.00755700
1638	0.07939630	0.07184380	0.00755255
1639	0.07928360	0.07173570	0.00754792
1640	0.07911350	0.07157040	0.00754316
1641	0.07889110	0.07135280	0.00753830
1642	0.07860490	0.07107130	0.00753357
1643	0.07826610	0.07073700	0.00752915
1644	0.07788110	0.07035600	0.00752511
1645	0.07746760	0.06994620	0.00752144
1646	0.07703900	0.06952080	0.00751826
1647	0.07661020	0.06909460	0.00751558
1648	0.07619180	0.06867840	0.00751344
1649	0.07579730	0.06828550	0.00751176
1650	0.07544310	0.06793250	0.00751053
1651	0.07513360	0.06762390	0.00750975
1652	0.07487860	0.06736920	0.00750938
1653	0.07468110	0.06717170	0.00750942
1654	0.07454140	0.06703160	0.00750979
1655	0.07445770	0.06694720	0.00751045
1656	0.07442200	0.06691070	0.00751130
1657	0.07442050	0.06690820	0.00751228
1658	0.07444990	0.06693660	0.00751333
1659	0.07450310	0.06698880	0.00751429
1660	0.07457650	0.06706150	0.00751508
1661	0.07466710	0.06715150	0.00751560
1662	0.07477010	0.06725430	0.00751579
1663	0.07488330	0.06736780	0.00751557
1664	0.07499460	0.06747970	0.00751489
1665	0.07510560	0.06759190	0.00751374
1666	0.07520190	0.06768990	0.00751203
1667	0.07527830	0.06776860	0.00750973
1668	0.07531720	0.06781040	0.00750681
1669	0.07532910	0.06782580	0.00750328
1670	0.07530610	0.06780700	0.00749911
1671	0.07524640	0.06775210	0.00749431
1672	0.07513660	0.06764770	0.00748892
1673	0.07497780	0.06749490	0.00748288
1674	0.07475980	0.06728360	0.00747622
1675	0.07449020	0.06702120	0.00746902
1676	0.07417300	0.06671170	0.00746132
1677	0.07382030	0.06636700	0.00745328
1678	0.07344670	0.06600160	0.00744501
1679	0.07305570	0.06561900	0.00743670
1680	0.07265470	0.06522610	0.00742852
1681	0.07224980	0.06482910	0.00742069
1682	0.07184580	0.06443240	0.00741335
1683	0.07144110	0.06403460	0.00740656
1684	0.07103130	0.06363100	0.00740034
1685	0.07061440	0.06321980	0.00739462
1686	0.07018680	0.06279730	0.00738944
1687	0.06974200	0.06235720	0.00738478
1688	0.06927480	0.06189410	0.00738065
1689	0.06878430	0.06140730	0.00737701
1690	0.06826110	0.06088730	0.00737385
1691	0.06769880	0.06032750	0.00737122
1692	0.06708570	0.05971660	0.00736911
1693	0.06641900	0.05905140	0.00736757
1694	0.06569990	0.05833320	0.00736664
1695	0.06493200	0.05756560	0.00736637
1696	0.06412130	0.05675450	0.00736680
1697	0.06327400	0.05590610	0.00736789
1698	0.06239950	0.05502980	0.00736965
1699	0.06149940	0.05412730	0.00737210
1700	0.06058510	0.05320980	0.00737528
1701	0.05966760	0.05228830	0.00737932
1702	0.05876280	0.05137850	0.00738426
1703	0.05788240	0.05049220	0.00739024
1704	0.05704840	0.04965120	0.00739727
1705	0.05627510	0.04886970	0.00740541
1706	0.05557710	0.04816240	0.00741465
1707	0.05496060	0.04753570	0.00742498
1708	0.05443130	0.04699500	0.00743631
1709	0.05398250	0.04653400	0.00744852
1710	0.05360860	0.04614710	0.00746147
1711	0.05329730	0.04582220	0.00747507
1712	0.05304240	0.04555330	0.00748912
1713	0.05283250	0.04532900	0.00750345
1714	0.05266580	0.04514800	0.00751779
1715	0.05253540	0.04500350	0.00753192
1716	0.05243920	0.04489360	0.00754564
1717	0.05237340	0.04481470	0.00755874
1718	0.05233790	0.04476680	0.00757106
1719	0.05233440	0.04475200	0.00758247
1720	0.05236190	0.04476900	0.00759291
1721	0.05241720	0.04481490	0.00760235
1722	0.05249270	0.04488200	0.00761073
1723	0.05258010	0.04496200	0.00761811
1724	0.05267540	0.04505090	0.00762451
1725	0.05277170	0.04514170	0.00763000
1726	0.05286640	0.04523170	0.00763467
1727	0.05295540	0.04531680	0.00763857
1728	0.05303690	0.04539520	0.00764175
1729	0.05311100	0.04546670	0.00764428
1730	0.05317150	0.04552530	0.00764621
1731	0.05321720	0.04556960	0.00764759
1732	0.05324520	0.04559680	0.00764840
1733	0.05325740	0.04560880	0.00764865
1734	0.05324830	0.04560000	0.00764835
1735	0.05322040	0.04557290	0.00764756
1736	0.05316800	0.04552170	0.00764633
1737	0.05309200	0.04544740	0.00764463
1738	0.05299070	0.04534820	0.00764247
1739	0.05286810	0.04522820	0.00763987
1740	0.05273250	0.04509560	0.00763686
1741	0.05258660	0.04495320	0.00763343
1742	0.05244440	0.04481480	0.00762962
1743	0.05231610	0.04469060	0.00762547
1744	0.05222010	0.04459910	0.00762102
1745	0.05217070	0.04455440	0.00761632
1746	0.05217670	0.04456530	0.00761143
1747	0.05224080	0.04463440	0.00760637
1748	0.05236710	0.04476600	0.00760118
1749	0.05255270	0.04495680	0.00759592
1750	0.05279650	0.04520590	0.00759062
1751	0.05309050	0.04550520	0.00758534
1752	0.05343090	0.04585080	0.00758013
1753	0.05380810	0.04623300	0.00757502
1754	0.05421320	0.04664310	0.00757004
1755	0.05463460	0.04706940	0.00756517
1756	0.05505750	0.04749710	0.00756040
1757	0.05546440	0.04790870	0.00755572
1758	0.05584200	0.04829090	0.00755103
1759	0.05617610	0.04862980	0.00754630
1760	0.05645960	0.04891820	0.00754139
1761	0.05669510	0.04915880	0.00753637
1762	0.05688570	0.04935440	0.00753129
1763	0.05704650	0.04952030	0.00752621
1764	0.05718070	0.04965950	0.00752114
1765	0.05730220	0.04978610	0.00751608
1766	0.05741450	0.04990350	0.00751106
1767	0.05753510	0.05002890	0.00750616
1768	0.05766160	0.05016020	0.00750148
1769	0.05780560	0.05030860	0.00749706
1770	0.05796350	0.05047060	0.00749290
1771	0.05814440	0.05065540	0.00748901
1772	0.05834220	0.05085680	0.00748540
1773	0.05856500	0.05108290	0.00748207
1774	0.05881040	0.05133130	0.00747909
1775	0.05908600	0.05160950	0.00747647
1776	0.05938760	0.05191340	0.00747423
1777	0.05972260	0.05225010	0.00747248
1778	0.06008020	0.05260910	0.00747119
1779	0.06045840	0.05298800	0.00747036
1780	0.06085040	0.05338040	0.00746999
1781	0.06126290	0.05379280	0.00747010
1782	0.06169500	0.05422440	0.00747068
1783	0.06214350	0.05467170	0.00747173
1784	0.06259530	0.05512210	0.00747320
1785	0.06305270	0.05557770	0.00747506
1786	0.06350620	0.05602890	0.00747729
1787	0.06396430	0.05648450	0.00747986
1788	0.06441750	0.05693480	0.00748272
1789	0.06487190	0.05738610	0.00748580
1790	0.06532170	0.05783260	0.00748905
1791	0.06577070	0.05827830	0.00749245
1792	0.06621670	0.05872080	0.00749595
1793	0.06666270	0.05916310	0.00749953
1794	0.06710480	0.05960170	0.00750313
1795	0.06754260	0.06003590	0.00750671
1796	0.06797000	0.06045980	0.00751023
1797	0.06838490	0.06087130	0.00751360
1798	0.06878320	0.06126640	0.00751682
1799	0.06916050	0.06164060	0.00751988
1800	0.06951820	0.06199550	0.00752268
1801	0.06985530	0.06233010	0.00752523
1802	0.07016940	0.06264190	0.00752751
1803	0.07046050	0.06293100	0.00752952
1804	0.07072970	0.06319840	0.00753131
1805	0.07097790	0.06344490	0.00753293
1806	0.07120520	0.06367070	0.00753445
1807	0.07141500	0.06387910	0.00753591
1808	0.07160650	0.06406910	0.00753732
1809	0.07178350	0.06424480	0.00753872
1810	0.07194480	0.06440470	0.00754010
1811	0.07209490	0.06455340	0.00754150
1812	0.07222970	0.06468680	0.00754292
1813	0.07235280	0.06480840	0.00754435
1814	0.07246100	0.06491520	0.00754580
1815	0.07255890	0.06501170	0.00754727
1816	0.07264500	0.06509620	0.00754872
1817	0.07272040	0.06517030	0.00755013
1818	0.07278430	0.06523280	0.00755146
1819	0.07284500	0.06529240	0.00755265
1820	0.07290020	0.06534650	0.00755366
1821	0.07295460	0.06540020	0.00755442
1822	0.07300800	0.06545300	0.00755493
1823	0.07306350	0.06550830	0.00755519
1824	0.07311920	0.06556410	0.00755515
1825	0.07318150	0.06562670	0.00755481
1826	0.07325130	0.06569710	0.00755422
1827	0.07333820	0.06578470	0.00755349
1828	0.07344630	0.06589360	0.00755270
1829	0.07358360	0.06603170	0.00755191
1830	0.07375240	0.06620120	0.00755121
1831	0.07395330	0.06640270	0.00755056
1832	0.07418780	0.06663790	0.00754993
1833	0.07445510	0.06690580	0.00754931
1834	0.07475410	0.06720540	0.00754872
1835	0.07509100	0.06754280	0.00754824
1836	0.07546650	0.06791860	0.00754794
1837	0.07588700	0.06833910	0.00754791
1838	0.07635030	0.06880210	0.00754823
1839	0.07685540	0.06930650	0.00754891
1840	0.07739540	0.06984540	0.00754997
1841	0.07796450	0.07041310	0.00755141
1842	0.07855350	0.07100020	0.00755321
1843	0.07915440	0.07159900	0.00755531
1844	0.07976150	0.07220380	0.00755769
1845	0.08036420	0.07280390	0.00756030
1846	0.08095050	0.07338740	0.00756309
1847	0.08150960	0.07394350	0.00756605
1848	0.08204010	0.07447100	0.00756914
1849	0.08253850	0.07496620	0.00757233
1850	0.08299980	0.07542420	0.00757559
1851	0.08342600	0.07584720	0.00757884
1852	0.08381420	0.07623210	0.00758212
1853	0.08416660	0.07658120	0.00758534
1854	0.08448440	0.07689590	0.00758841
1855	0.08477370	0.07718240	0.00759130
1856	0.08503150	0.07743750	0.00759406
1857	0.08526870	0.07767210	0.00759661
1858	0.08548960	0.07789070	0.00759887
1859	0.08569830	0.07809740	0.00760085
1860	0.08589730	0.07829470	0.00760264
1861	0.08609260	0.07848830	0.00760428
1862	0.08628490	0.07867920	0.00760579
1863	0.08647770	0.07887040	0.00760723
1864	0.08667290	0.07906430	0.00760860
1865	0.08687130	0.07926140	0.00760990
1866	0.08706930	0.07945820	0.00761114
1867	0.08727130	0.07965900	0.00761229
1868	0.08747600	0.07986260	0.00761339
1869	0.08768550	0.08007100	0.00761449
1870	0.08790460	0.08028900	0.00761565
1871	0.08813250	0.08051560	0.00761689
1872	0.08836910	0.08075090	0.00761822
1873	0.08861310	0.08099350	0.00761965
1874	0.08886340	0.08124220	0.00762121
1875	0.08912100	0.08149810	0.00762288
1876	0.08938840	0.08176370	0.00762469
1877	0.08966250	0.08203580	0.00762666
1878	0.08994510	0.08231640	0.00762877
1879	0.09023780	0.08260680	0.00763103
1880	0.09053880	0.08290530	0.00763341
1881	0.09084620	0.08321030	0.00763590
1882	0.09115450	0.08351600	0.00763851
1883	0.09146080	0.08381950	0.00764125
1884	0.09176390	0.08411980	0.00764410
1885	0.09206530	0.08441820	0.00764704
1886	0.09236050	0.08471040	0.00765007
1887	0.09264760	0.08499450	0.00765313
1888	0.09291850	0.08526220	0.00765626
1889	0.09317010	0.08551050	0.00765953
1890	0.09339580	0.08573290	0.00766293
1891	0.09359350	0.08592700	0.00766651
1892	0.09375470	0.08608440	0.00767028
1893	0.09388190	0.08620770	0.00767416
1894	0.09397450	0.08629640	0.00767818
1895	0.09403700	0.08635460	0.00768231
1896	0.09406870	0.08638210	0.00768658
1897	0.09407320	0.08638220	0.00769105
1898	0.09405720	0.08636160	0.00769566
1899	0.09402500	0.08632470	0.00770033
1900	0.09398560	0.08628060	0.00770498
1901	0.09395230	0.08624280	0.00770950
1902	0.09393070	0.08621690	0.00771384
1903	0.09392980	0.08621180	0.00771792
1904	0.09394870	0.08622700	0.00772163
1905	0.09399450	0.08626960	0.00772494
1906	0.09406540	0.08633760	0.00772780
1907	0.09416460	0.08643440	0.00773017
1908	0.09428550	0.08655330	0.00773212
1909	0.09443330	0.08669960	0.00773373
1910	0.09460050	0.08686550	0.00773504
1911	0.09479270	0.08705660	0.00773609
1912	0.09499850	0.08726170	0.00773679
1913	0.09522000	0.08748290	0.00773710
1914	0.09544850	0.08771160	0.00773699
1915	0.09569160	0.08795520	0.00773647
1916	0.09593990	0.08820440	0.00773550
1917	0.09620370	0.08846950	0.00773415
1918	0.09647370	0.08874130	0.00773244
1919	0.09675480	0.08902440	0.00773039
1920	0.09703620	0.08930810	0.00772805
1921	0.09731760	0.08959200	0.00772554
1922	0.09758920	0.08986630	0.00772284
1923	0.09785600	0.09013600	0.00771996
1924	0.09810930	0.09039240	0.00771688
1925	0.09835840	0.09064480	0.00771356
1926	0.09859240	0.09088240	0.00770994
1927	0.09881070	0.09110470	0.00770600
1928	0.09900960	0.09130790	0.00770171
1929	0.09919360	0.09149660	0.00769703
1930	0.09935800	0.09166600	0.00769199
1931	0.09950860	0.09182200	0.00768661
1932	0.09964500	0.09196400	0.00768100
1933	0.09977100	0.09209580	0.00767518
1934	0.09988220	0.09221310	0.00766910
1935	0.09997920	0.09231650	0.00766274
1936	0.10005700	0.09240100	0.00765608
1937	0.10011600	0.09246660	0.00764917
1938	0.10014900	0.09250730	0.00764206
1939	0.10016100	0.09252610	0.00763483
1940	0.10014600	0.09251830	0.00762759
1941	0.10010800	0.09248780	0.00762042
1942	0.10004400	0.09243070	0.00761344
1943	0.09996150	0.09235470	0.00760675
1944	0.09985150	0.09225100	0.00760053
1945	0.09971990	0.09212490	0.00759505
1946	0.09956350	0.09197310	0.00759038
1947	0.09938830	0.09180180	0.00758652
1948	0.09918890	0.09160540	0.00758354
1949	0.09897240	0.09139080	0.00758158
1950	0.09873540	0.09115460	0.00758077
1951	0.09848400	0.09090290	0.00758112
1952	0.09822120	0.09063850	0.00758267
1953	0.09795460	0.09036930	0.00758523
1954	0.09767960	0.09009080	0.00758877
1955	0.09740300	0.08980980	0.00759324
1956	0.09712020	0.08952170	0.00759852
1957	0.09682450	0.08922010	0.00760447
1958	0.09651210	0.08890110	0.00761097
1959	0.09618460	0.08856670	0.00761789
1960	0.09584360	0.08821840	0.00762515
1961	0.09548880	0.08785620	0.00763262
1962	0.09512280	0.08748270	0.00764015
1963	0.09474310	0.08709550	0.00764759
1964	0.09435100	0.08669610	0.00765486
1965	0.09393800	0.08627610	0.00766191
1966	0.09350720	0.08583860	0.00766864
1967	0.09305270	0.08537770	0.00767501
1968	0.09258120	0.08490010	0.00768104
1969	0.09208980	0.08440310	0.00768670
1970	0.09159050	0.08389850	0.00769203
1971	0.09108200	0.08338500	0.00769702
1972	0.09057950	0.08287780	0.00770170
1973	0.09008260	0.08237650	0.00770617
1974	0.08960520	0.08189460	0.00771055
1975	0.08914620	0.08143130	0.00771490
1976	0.08871510	0.08099580	0.00771924
1977	0.08830310	0.08057960	0.00772357
1978	0.08792440	0.08019650	0.00772791
1979	0.08757440	0.07984210	0.00773229
1980	0.08726050	0.07952400	0.00773659
1981	0.08698320	0.07924250	0.00774071
1982	0.08674710	0.07900250	0.00774456
1983	0.08655070	0.07880270	0.00774806
1984	0.08639240	0.07864120	0.00775112
1985	0.08627540	0.07852180	0.00775368
1986	0.08619680	0.07844110	0.00775569
1987	0.08615230	0.07839520	0.00775711
1988	0.08613760	0.07837970	0.00775793
1989	0.08615270	0.07839450	0.00775818
1990	0.08619030	0.07843240	0.00775783
1991	0.08624740	0.07849050	0.00775694
1992	0.08631790	0.07856230	0.00775556
1993	0.08640470	0.07865100	0.00775369
1994	0.08650300	0.07875150	0.00775149
1995	0.08661410	0.07886530	0.00774882
1996	0.08673540	0.07898960	0.00774580
1997	0.08685830	0.07911590	0.00774246
1998	0.08697890	0.07924010	0.00773887
1999	0.08709310	0.07935800	0.00773507
2000	0.08720390	0.07947280	0.00773110
2001	0.08731000	0.07958300	0.00772702
2002	0.08741330	0.07969040	0.00772286
2003	0.08750560	0.07978710	0.00771855
2004	0.08758340	0.07986930	0.00771410
2005	0.08764000	0.07993050	0.00770951
2006	0.08767350	0.07996860	0.00770483
2007	0.08767250	0.07997250	0.00770003
2008	0.08763470	0.07993950	0.00769518
2009	0.08755990	0.07986970	0.00769018
2010	0.08745340	0.07976850	0.00768491
2011	0.08732640	0.07964720	0.00767921
2012	0.08718260	0.07950960	0.00767308
2013	0.08702180	0.07935540	0.00766643
2014	0.08684730	0.07918810	0.00765925
2015	0.08665970	0.07900820	0.00765150
2016	0.08645710	0.07881390	0.00764315
2017	0.08623950	0.07860530	0.00763422
2018	0.08601540	0.07839070	0.00762467
2019	0.08579470	0.07818010	0.00761462
2020	0.08557930	0.07797540	0.00760394
2021	0.08537480	0.07778210	0.00759267
2022	0.08518380	0.07760300	0.00758083
2023	0.08502170	0.07745310	0.00756864
2024	0.08488280	0.07732640	0.00755637
2025	0.08476910	0.07722520	0.00754390
2026	0.08465970	0.07712820	0.00753146
2027	0.08455480	0.07703560	0.00751920
2028	0.08442460	0.07691750	0.00750715
2029	0.08425390	0.07675850	0.00749538
2030	0.08402060	0.07653650	0.00748407
2031	0.08372050	0.07624710	0.00747339
2032	0.08335390	0.07589050	0.00746344
2033	0.08293390	0.07547970	0.00745426
2034	0.08247650	0.07503040	0.00744602
2035	0.08199790	0.07455890	0.00743901
2036	0.08151200	0.07407860	0.00743342
2037	0.08102690	0.07359760	0.00742932
2038	0.08055780	0.07313100	0.00742685
2039	0.08011280	0.07268660	0.00742620
2040	0.07970210	0.07227460	0.00742749
2041	0.07931980	0.07188910	0.00743068
2042	0.07896240	0.07152670	0.00743571
2043	0.07861720	0.07117470	0.00744257
2044	0.07828270	0.07083150	0.00745125
2045	0.07795290	0.07049130	0.00746161
2046	0.07763180	0.07015820	0.00747351
2047	0.07732260	0.06983580	0.00748686
2048	0.07703070	0.06952930	0.00750138
2049	0.07675340	0.06923650	0.00751684
2050	0.07649220	0.06895920	0.00753299
2051	0.07624110	0.06869150	0.00754958
2052	0.07599850	0.06843220	0.00756636
2053	0.07575540	0.06817240	0.00758304
2054	0.07550900	0.06790960	0.00759942
2055	0.07525780	0.06764250	0.00761525
2056	0.07500600	0.06737560	0.00763033
2057	0.07475940	0.06711500	0.00764446
2058	0.07452090	0.06686340	0.00765748
2059	0.07429460	0.06662540	0.00766923
2060	0.07407500	0.06639540	0.00767959
2061	0.07386020	0.06617170	0.00768850
2062	0.07364310	0.06594720	0.00769592
2063	0.07342430	0.06572250	0.00770183
2064	0.07320190	0.06549570	0.00770625
2065	0.07298050	0.06527130	0.00770926
2066	0.07276210	0.06505110	0.00771100
2067	0.07255460	0.06484300	0.00771159
2068	0.07235810	0.06464700	0.00771116
2069	0.07218290	0.06447300	0.00770987
2070	0.07202520	0.06431740	0.00770785
2071	0.07189220	0.06418690	0.00770530
2072	0.07177840	0.06407610	0.00770234
2073	0.07168490	0.06398580	0.00769911
2074	0.07160610	0.06391040	0.00769573
2075	0.07153800	0.06384560	0.00769235
2076	0.07147790	0.06378880	0.00768908
2077	0.07142780	0.06374180	0.00768598
2078	0.07138450	0.06370140	0.00768308
2079	0.07134300	0.06366250	0.00768046
2080	0.07129660	0.06361850	0.00767813
2081	0.07123960	0.06356350	0.00767608
2082	0.07116480	0.06349060	0.00767425
2083	0.07107030	0.06339770	0.00767260
2084	0.07095840	0.06328730	0.00767110
2085	0.07082750	0.06315770	0.00766973
2086	0.07068420	0.06301570	0.00766847
2087	0.07053350	0.06286620	0.00766731
2088	0.07038700	0.06272080	0.00766626
2089	0.07024880	0.06258340	0.00766531
2090	0.07013090	0.06246650	0.00766448
2091	0.07003520	0.06237150	0.00766370
2092	0.06997320	0.06231020	0.00766295
2093	0.06994790	0.06228570	0.00766228
2094	0.06996270	0.06230100	0.00766169
2095	0.07001890	0.06235770	0.00766120
2096	0.07012160	0.06246080	0.00766083
2097	0.07026510	0.06260450	0.00766059
2098	0.07044920	0.06278880	0.00766049
2099	0.07066690	0.06300640	0.00766054
2100	0.07092010	0.06325940	0.00766075
2101	0.07120520	0.06354410	0.00766113
2102	0.07152320	0.06386150	0.00766170
2103	0.07186870	0.06420620	0.00766246
2104	0.07223720	0.06457380	0.00766338
2105	0.07262460	0.06496010	0.00766445
2106	0.07302200	0.06535630	0.00766567
2107	0.07343100	0.06576390	0.00766708
2108	0.07384590	0.06617720	0.00766868
2109	0.07426160	0.06659110	0.00767052
2110	0.07466640	0.06699380	0.00767260
2111	0.07505610	0.06738110	0.00767494
2112	0.07542300	0.06774540	0.00767757
2113	0.07576380	0.06808320	0.00768051
2114	0.07607620	0.06839240	0.00768380
2115	0.07635770	0.06867030	0.00768748
2116	0.07660630	0.06891480	0.00769155
2117	0.07682480	0.06912880	0.00769602
2118	0.07701580	0.06931500	0.00770087
2119	0.07717930	0.06947330	0.00770608
2120	0.07731930	0.06960770	0.00771160
2121	0.07743240	0.06971500	0.00771739
2122	0.07752030	0.06979690	0.00772341
2123	0.07758160	0.06985200	0.00772958
2124	0.07761900	0.06988310	0.00773588
2125	0.07763540	0.06989310	0.00774230
2126	0.07763600	0.06988720	0.00774878
2127	0.07762370	0.06986840	0.00775527
2128	0.07760540	0.06984370	0.00776168
2129	0.07758210	0.06981420	0.00776796
2130	0.07756750	0.06979350	0.00777403
2131	0.07756390	0.06978410	0.00777982
2132	0.07758500	0.06979980	0.00778523
2133	0.07764120	0.06985100	0.00779023
2134	0.07774020	0.06994540	0.00779473
2135	0.07788340	0.07008470	0.00779870
2136	0.07807380	0.07027180	0.00780202
2137	0.07831050	0.07050580	0.00780469
2138	0.07859190	0.07078520	0.00780672
2139	0.07891530	0.07110720	0.00780813
2140	0.07927880	0.07146990	0.00780892
2141	0.07967940	0.07187030	0.00780910
2142	0.08010580	0.07229710	0.00780872
2143	0.08055110	0.07274320	0.00780781
2144	0.08100210	0.07319560	0.00780642
2145	0.08145360	0.07364910	0.00780454
2146	0.08189310	0.07409090	0.00780219
2147	0.08232540	0.07452600	0.00779944
2148	0.08273780	0.07494150	0.00779629
2149	0.08313060	0.07533780	0.00779281
2150	0.08349840	0.07570940	0.00778903
2151	0.08384720	0.07606220	0.00778496
2152	0.08417140	0.07639070	0.00778071
2153	0.08447490	0.07669850	0.00777635
2154	0.08475970	0.07698780	0.00777198
2155	0.08503580	0.07726820	0.00776764
2156	0.08530280	0.07753930	0.00776342
2157	0.08555870	0.07779940	0.00775932
2158	0.08579730	0.07804190	0.00775533
2159	0.08601700	0.07826550	0.00775146
2160	0.08621790	0.07847010	0.00774773
2161	0.08640360	0.07865940	0.00774418
2162	0.08656550	0.07882460	0.00774083
2163	0.08670670	0.07896890	0.00773779
2164	0.08682580	0.07909070	0.00773513
2165	0.08692320	0.07919030	0.00773286
2166	0.08699650	0.07926550	0.00773097
2167	0.08704990	0.07932040	0.00772949
2168	0.08708540	0.07935700	0.00772840
2169	0.08710440	0.07937670	0.00772770
2170	0.08710860	0.07938120	0.00772735
2171	0.08710290	0.07937560	0.00772735
2172	0.08709440	0.07936670	0.00772765
2173	0.08708870	0.07936050	0.00772824
2174	0.08708950	0.07936040	0.00772909
2175	0.08710420	0.07937400	0.00773021
2176	0.08713470	0.07940300	0.00773165
2177	0.08718000	0.07944660	0.00773338
2178	0.08724200	0.07950660	0.00773540
2179	0.08732080	0.07958310	0.00773769
2180	0.08741560	0.07967540	0.00774026
2181	0.08752760	0.07978450	0.00774311
2182	0.08765650	0.07991030	0.00774623
2183	0.08780240	0.08005280	0.00774960
2184	0.08796280	0.08020960	0.00775320
2185	0.08813860	0.08038160	0.00775697
2186	0.08832450	0.08056360	0.00776088
2187	0.08852230	0.08075730	0.00776495
2188	0.08872930	0.08096020	0.00776913
2189	0.08894510	0.08117170	0.00777341
2190	0.08916310	0.08138540	0.00777776
2191	0.08938010	0.08159800	0.00778214
2192	0.08959070	0.08180420	0.00778654
2193	0.08979370	0.08200270	0.00779096
2194	0.08998620	0.08219090	0.00779537
2195	0.09016930	0.08236950	0.00779979
2196	0.09034470	0.08254040	0.00780423
2197	0.09051460	0.08270590	0.00780868
2198	0.09067650	0.08286340	0.00781311
2199	0.09082610	0.08300850	0.00781754
2200	0.09095610	0.08313410	0.00782197
2201	0.09106390	0.08323750	0.00782641
2202	0.09114900	0.08331820	0.00783079
2203	0.09121160	0.08337660	0.00783505
2204	0.09125680	0.08341760	0.00783920
2205	0.09128220	0.08343900	0.00784325
2206	0.09129140	0.08344430	0.00784715
2207	0.09128800	0.08343710	0.00785087
2208	0.09127810	0.08342370	0.00785448
2209	0.09126100	0.08340300	0.00785796
2210	0.09124300	0.08338160	0.00786135
2211	0.09122720	0.08336260	0.00786469
2212	0.09121950	0.08335160	0.00786799
2213	0.09122230	0.08335110	0.00787128
2214	0.09124220	0.08336760	0.00787461
2215	0.09128380	0.08340590	0.00787797
2216	0.09135180	0.08347050	0.00788134
2217	0.09145250	0.08356780	0.00788472
2218	0.09158700	0.08369890	0.00788810
2219	0.09176440	0.08387300	0.00789140
2220	0.09198120	0.08408660	0.00789458
2221	0.09224080	0.08434320	0.00789755
2222	0.09253540	0.08463530	0.00790016
2223	0.09286640	0.08496410	0.00790233
2224	0.09322510	0.08532110	0.00790402
2225	0.09361140	0.08570630	0.00790516
2226	0.09401400	0.08610830	0.00790572
2227	0.09442930	0.08652350	0.00790572
2228	0.09484680	0.08694170	0.00790514
2229	0.09526150	0.08735750	0.00790398
2230	0.09566010	0.08775790	0.00790228
2231	0.09603380	0.08813370	0.00790003
2232	0.09637520	0.08847800	0.00789722
2233	0.09668130	0.08878740	0.00789390
2234	0.09694740	0.08905730	0.00789015
2235	0.09717700	0.08929090	0.00788605
2236	0.09736970	0.08948800	0.00788170
2237	0.09753160	0.08965440	0.00787725
2238	0.09766490	0.08979210	0.00787281
2239	0.09777170	0.08990320	0.00786850
2240	0.09785370	0.08998930	0.00786441
2241	0.09791750	0.09005700	0.00786055
2242	0.09796850	0.09011150	0.00785699
2243	0.09800560	0.09015180	0.00785371
2244	0.09802170	0.09017100	0.00785068
2245	0.09801290	0.09016510	0.00784785
2246	0.09797040	0.09012520	0.00784516
2247	0.09789530	0.09005280	0.00784250
2248	0.09778270	0.08994300	0.00783979
2249	0.09763730	0.08980030	0.00783698
2250	0.09746020	0.08962620	0.00783398
2251	0.09726180	0.08943100	0.00783082
2252	0.09704570	0.08921820	0.00782745
2253	0.09681950	0.08899570	0.00782384
2254	0.09659260	0.08877260	0.00781995
2255	0.09636610	0.08855040	0.00781571
2256	0.09615120	0.08834010	0.00781112
2257	0.09595290	0.08814680	0.00780614
2258	0.09577180	0.08797110	0.00780073
2259	0.09561230	0.08781740	0.00779489
2260	0.09547670	0.08768800	0.00778863
2261	0.09537160	0.08758970	0.00778192
2262	0.09529090	0.08751610	0.00777480
2263	0.09523850	0.08747110	0.00776738
2264	0.09520770	0.08744790	0.00775978
2265	0.09520150	0.08744940	0.00775208
2266	0.09520810	0.08746360	0.00774444
2267	0.09522800	0.08749110	0.00773698
2268	0.09524480	0.08751490	0.00772986
2269	0.09525930	0.08753600	0.00772328
2270	0.09526110	0.08754370	0.00771740
2271	0.09525200	0.08753960	0.00771238
2272	0.09522520	0.08751680	0.00770837
2273	0.09518310	0.08747760	0.00770551
2274	0.09512210	0.08741820	0.00770387
2275	0.09504060	0.08733710	0.00770351
2276	0.09494000	0.08723560	0.00770440
2277	0.09482130	0.08711480	0.00770650
2278	0.09468130	0.08697160	0.00770971
2279	0.09452220	0.08680830	0.00771390
2280	0.09433910	0.08662010	0.00771895
2281	0.09413020	0.08640570	0.00772451
2282	0.09389180	0.08616110	0.00773070
2283	0.09362590	0.08588860	0.00773729
2284	0.09332990	0.08558580	0.00774411
2285	0.09300380	0.08525280	0.00775103
2286	0.09264510	0.08488720	0.00775790
2287	0.09225910	0.08449450	0.00776458
2288	0.09184990	0.08407890	0.00777099
2289	0.09142380	0.08364680	0.00777705
2290	0.09098620	0.08320350	0.00778268
2291	0.09054370	0.08275590	0.00778781
2292	0.09010100	0.08230860	0.00779240
2293	0.08966140	0.08186500	0.00779637
2294	0.08923120	0.08143150	0.00779973
2295	0.08881190	0.08100940	0.00780247
2296	0.08840830	0.08060370	0.00780459
2297	0.08802230	0.08021620	0.00780608
2298	0.08765500	0.07984810	0.00780691
2299	0.08730650	0.07949940	0.00780712
2300	0.08697670	0.07917000	0.00780670
2301	0.08666230	0.07885660	0.00780571
2302	0.08635620	0.07855200	0.00780422
2303	0.08605370	0.07825140	0.00780229
2304	0.08574990	0.07794990	0.00779999
2305	0.08544270	0.07764530	0.00779739
2306	0.08512950	0.07733490	0.00779457
2307	0.08480740	0.07701580	0.00779161
2308	0.08447610	0.07668760	0.00778856
2309	0.08413580	0.07635040	0.00778543
2310	0.08378850	0.07600620	0.00778230
2311	0.08343280	0.07565360	0.00777925
2312	0.08306940	0.07529310	0.00777631
2313	0.08269480	0.07492120	0.00777353
2314	0.08231090	0.07454000	0.00777094
2315	0.08192070	0.07415210	0.00776855
2316	0.08152920	0.07376290	0.00776637
2317	0.08113790	0.07337350	0.00776438
2318	0.08074970	0.07298710	0.00776257
2319	0.08035790	0.07259700	0.00776091
2320	0.07996420	0.07220490	0.00775935
2321	0.07956320	0.07180530	0.00775788
2322	0.07915910	0.07140260	0.00775648
2323	0.07874530	0.07099020	0.00775514
2324	0.07832760	0.07057380	0.00775382
2325	0.07789820	0.07014570	0.00775249
2326	0.07746050	0.06970930	0.00775117
2327	0.07700840	0.06925860	0.00774981
2328	0.07654330	0.06879490	0.00774840
2329	0.07606470	0.06831780	0.00774690
2330	0.07558260	0.06783730	0.00774523
2331	0.07510310	0.06735970	0.00774341
2332	0.07463950	0.06689820	0.00774132
2333	0.07419170	0.06645290	0.00773889
2334	0.07377270	0.06603670	0.00773606
2335	0.07337880	0.06564610	0.00773276
2336	0.07301700	0.06528800	0.00772898
2337	0.07268890	0.06496420	0.00772466
2338	0.07240060	0.06468080	0.00771976
2339	0.07214750	0.06443320	0.00771425
2340	0.07193090	0.06422280	0.00770811
2341	0.07174490	0.06404350	0.00770138
2342	0.07159290	0.06389880	0.00769406
2343	0.07147350	0.06378730	0.00768623
2344	0.07138770	0.06370970	0.00767800
2345	0.07133580	0.06366630	0.00766951
2346	0.07131310	0.06365220	0.00766086
2347	0.07132010	0.06366790	0.00765222
2348	0.07134910	0.06370530	0.00764387
2349	0.07140490	0.06376910	0.00763588
2350	0.07147910	0.06385080	0.00762835
2351	0.07157170	0.06395030	0.00762136
2352	0.07167440	0.06405950	0.00761493
2353	0.07178690	0.06417790	0.00760904
2354	0.07189970	0.06429600	0.00760373
2355	0.07200320	0.06440420	0.00759905
2356	0.07208860	0.06449360	0.00759496
2357	0.07215400	0.06456250	0.00759147
2358	0.07218890	0.06460030	0.00758862
2359	0.07220050	0.06461400	0.00758646
2360	0.07218920	0.06460420	0.00758496
2361	0.07215760	0.06457330	0.00758429
2362	0.07210860	0.06452410	0.00758448
2363	0.07204220	0.06445670	0.00758547
2364	0.07195680	0.06436970	0.00758710
2365	0.07184830	0.06425900	0.00758929
2366	0.07172310	0.06413110	0.00759194
2367	0.07158050	0.06398560	0.00759488
2368	0.07142550	0.06382750	0.00759798
2369	0.07125570	0.06365460	0.00760107
2370	0.07107560	0.06347160	0.00760406
2371	0.07088650	0.06327970	0.00760682
2372	0.07069220	0.06308290	0.00760929
2373	0.07049010	0.06287870	0.00761136
2374	0.07028570	0.06267270	0.00761297
2375	0.07007750	0.06246340	0.00761404
2376	0.06986870	0.06225420	0.00761455
2377	0.06966080	0.06204630	0.00761447
2378	0.06945640	0.06184260	0.00761382
2379	0.06925510	0.06164250	0.00761269
2380	0.06905440	0.06144320	0.00761120
2381	0.06885260	0.06124310	0.00760946
2382	0.06864640	0.06103900	0.00760745
2383	0.06843000	0.06082480	0.00760519
2384	0.06819870	0.06059590	0.00760275
2385	0.06795330	0.06035310	0.00760015
2386	0.06769450	0.06009700	0.00759749
2387	0.06742660	0.05983180	0.00759479
2388	0.06714230	0.05955020	0.00759213
2389	0.06685040	0.05926080	0.00758955
2390	0.06655030	0.05896330	0.00758702
2391	0.06624510	0.05866050	0.00758456
2392	0.06593260	0.05835040	0.00758220
2393	0.06561730	0.05803730	0.00758003
2394	0.06529910	0.05772090	0.00757810
2395	0.06498300	0.05740660	0.00757646
2396	0.06467160	0.05709650	0.00757509
2397	0.06437030	0.05679620	0.00757406
2398	0.06407700	0.05650370	0.00757335
2399	0.06379350	0.05622060	0.00757294
2400	0.06351700	0.05594420	0.00757280
2401	0.06324860	0.05567570	0.00757295
2402	0.06299010	0.05541670	0.00757337
2403	0.06274110	0.05516700	0.00757405
2404	0.06250310	0.05492810	0.00757497
2405	0.06227930	0.05470320	0.00757612
2406	0.06207580	0.05449830	0.00757749
2407	0.06189520	0.05431610	0.00757906
2408	0.06174060	0.05415980	0.00758085
2409	0.06161370	0.05403080	0.00758287
2410	0.06151690	0.05393180	0.00758516
2411	0.06145460	0.05386680	0.00758775
2412	0.06143010	0.05383950	0.00759065
2413	0.06144430	0.05385050	0.00759386
2414	0.06150300	0.05390570	0.00759736
2415	0.06160000	0.05399890	0.00760116
2416	0.06173760	0.05413240	0.00760527
2417	0.06190950	0.05429980	0.00760967
2418	0.06211470	0.05450040	0.00761433
2419	0.06234020	0.05472100	0.00761919
2420	0.06258130	0.05495700	0.00762423
2421	0.06282860	0.05519930	0.00762938
2422	0.06307820	0.05544360	0.00763458
2423	0.06332510	0.05568540	0.00763976
2424	0.06356570	0.05592080	0.00764490
2425	0.06379720	0.05614730	0.00764995
2426	0.06401350	0.05635860	0.00765485
2427	0.06421160	0.05655200	0.00765956
2428	0.06438350	0.05671950	0.00766402
2429	0.06452720	0.05685890	0.00766824
2430	0.06463950	0.05696730	0.00767219
2431	0.06471860	0.05704270	0.00767588
2432	0.06476720	0.05708790	0.00767934
2433	0.06478660	0.05710400	0.00768260
2434	0.06478240	0.05709670	0.00768563
2435	0.06475670	0.05706820	0.00768847
2436	0.06471620	0.05702510	0.00769112
2437	0.06466720	0.05697360	0.00769363
2438	0.06461370	0.05691770	0.00769602
2439	0.06455980	0.05686150	0.00769832
2440	0.06450600	0.05680550	0.00770056
2441	0.06445380	0.05675110	0.00770274
2442	0.06440350	0.05669860	0.00770489
2443	0.06435870	0.05665180	0.00770695
2444	0.06432330	0.05661440	0.00770891
2445	0.06429950	0.05658880	0.00771072
2446	0.06428730	0.05657490	0.00771233
2447	0.06428720	0.05657340	0.00771371
2448	0.06430450	0.05658970	0.00771483
2449	0.06434240	0.05662680	0.00771566
2450	0.06440920	0.05669300	0.00771618
2451	0.06450790	0.05679160	0.00771634
2452	0.06464160	0.05692540	0.00771614
2453	0.06480780	0.05709230	0.00771550
2454	0.06500740	0.05729310	0.00771435
2455	0.06524270	0.05753010	0.00771263
2456	0.06551970	0.05780940	0.00771032
2457	0.06583420	0.05812680	0.00770739
2458	0.06618140	0.05847760	0.00770376
2459	0.06655710	0.05885770	0.00769942
2460	0.06694910	0.05925470	0.00769444
2461	0.06735440	0.05966540	0.00768893
2462	0.06775670	0.06007370	0.00768298
2463	0.06814910	0.06047240	0.00767662
2464	0.06851780	0.06084800	0.00766986
2465	0.06886050	0.06119780	0.00766270
2466	0.06917020	0.06151490	0.00765528
2467	0.06944340	0.06179570	0.00764768
2468	0.06967960	0.06203960	0.00764000
2469	0.06988390	0.06225150	0.00763232
2470	0.07005690	0.06243210	0.00762478
2471	0.07020990	0.06259250	0.00761747
2472	0.07034030	0.06272980	0.00761049
2473	0.07046060	0.06285670	0.00760389
2474	0.07057740	0.06297960	0.00759774
2475	0.07069690	0.06310480	0.00759206
2476	0.07081580	0.06322890	0.00758690
2477	0.07093660	0.06335440	0.00758229
2478	0.07105420	0.06347590	0.00757822
2479	0.07117460	0.06360000	0.00757466
2480	0.07129260	0.06372110	0.00757157
2481	0.07140950	0.06384060	0.00756890
2482	0.07152210	0.06395550	0.00756660
2483	0.07163230	0.06406770	0.00756462
2484	0.07174210	0.06417910	0.00756300
2485	0.07185690	0.06429510	0.00756172
2486	0.07197620	0.06441540	0.00756081
2487	0.07210660	0.06454630	0.00756025
2488	0.07224760	0.06468760	0.00756001
2489	0.07240680	0.06484670	0.00756009
2490	0.07258460	0.06502420	0.00756046
2491	0.07278460	0.06522360	0.00756108
2492	0.07300590	0.06544400	0.00756192
2493	0.07325160	0.06568870	0.00756288
2494	0.07352440	0.06596050	0.00756392
2495	0.07382680	0.06626180	0.00756501
2496	0.07415680	0.06659070	0.00756613
2497	0.07452120	0.06695390	0.00756724
2498	0.07491280	0.06734450	0.00756829
2499	0.07533380	0.06776450	0.00756925
2500	0.07577050	0.06820040	0.00757006
