Time	Cd Total	Cd Pressure	Cd Viscous
1	0.27519700	0.25771300	0.01748420
2	0.50148100	0.47959700	0.02188370
3	0.71340100	0.68668200	0.02671910
4	0.82253900	0.79124100	0.03129760
5	0.79379100	0.75862700	0.03516420
6	0.65392900	0.61593400	0.03799520
7	0.46729200	0.42743400	0.03985830
8	0.29924700	0.25831000	0.04093700
9	0.19532500	0.15398000	0.04134410
10	0.17141900	0.13024100	0.04117800
11	0.21574700	0.17512300	0.04062420
12	0.29915100	0.25939900	0.03975220
13	0.38926200	0.35058100	0.03868140
14	0.45902800	0.42156100	0.03746690
15	0.49490300	0.45870700	0.03619540
16	0.49670200	0.46178000	0.03492260
17	0.47456200	0.44087500	0.03368700
18	0.44261300	0.41010100	0.03251270
19	0.41381900	0.38239600	0.03142280
20	0.39685900	0.36643400	0.03042500
21	0.39455500	0.36503700	0.02951780
22	0.40479900	0.37608800	0.02871050
23	0.42250100	0.39449400	0.02800730
24	0.44184500	0.41445400	0.02739040
25	0.45810200	0.43124400	0.02685810
26	0.46902900	0.44263500	0.02639350
27	0.47443400	0.44845000	0.02598450
28	0.47582400	0.45020400	0.02561950
29	0.47548700	0.45019300	0.02529370
30	0.47547700	0.45047600	0.02500110
31	0.47712600	0.45238600	0.02474070
32	0.48105500	0.45654900	0.02450640
33	0.48695700	0.46265700	0.02430090
34	0.49410600	0.46999000	0.02411620
35	0.50166900	0.47771400	0.02395540
36	0.50862700	0.48482400	0.02380280
37	0.51460500	0.49093800	0.02366660
38	0.51947800	0.49593600	0.02354130
39	0.52339300	0.49996800	0.02342480
40	0.52687100	0.50355800	0.02331300
41	0.53029400	0.50708900	0.02320430
42	0.53402500	0.51093400	0.02309080
43	0.53831500	0.51534700	0.02296780
44	0.54319000	0.52035600	0.02283350
45	0.54850700	0.52582100	0.02268630
46	0.55408900	0.53156500	0.02252400
47	0.55974400	0.53739400	0.02234950
48	0.56510800	0.54294100	0.02216680
49	0.57019400	0.54821300	0.02198120
50	0.57502700	0.55323100	0.02179580
51	0.57967400	0.55806400	0.02161050
52	0.58423300	0.56280600	0.02142630
53	0.58867600	0.56743100	0.02124530
54	0.59307500	0.57200800	0.02106770
55	0.59738200	0.57648600	0.02089550
56	0.60170800	0.58097700	0.02073140
57	0.60602700	0.58544800	0.02057880
58	0.61042800	0.58999700	0.02043100
59	0.61493300	0.59463900	0.02029320
60	0.61967200	0.59951000	0.02016250
61	0.62468800	0.60465100	0.02003700
62	0.63006600	0.61015200	0.01991390
63	0.63577200	0.61597900	0.01979330
64	0.64179900	0.62212600	0.01967340
65	0.64806500	0.62851100	0.01955410
66	0.65445100	0.63502100	0.01942990
67	0.66082400	0.64152600	0.01929850
68	0.66718900	0.64803000	0.01915900
69	0.67342200	0.65440800	0.01901400
70	0.67940900	0.66054500	0.01886340
71	0.68499700	0.66629300	0.01870360
72	0.69010100	0.67156400	0.01853730
73	0.69450100	0.67613200	0.01836910
74	0.69809700	0.67989100	0.01820610
75	0.70100100	0.68294900	0.01805180
76	0.70339500	0.68549000	0.01790500
77	0.70537300	0.68760500	0.01776810
78	0.70695400	0.68931400	0.01763960
79	0.70823800	0.69071800	0.01752020
80	0.70918700	0.69178000	0.01740690
81	0.70991200	0.69261200	0.01730020
82	0.71044500	0.69324900	0.01719630
83	0.71095100	0.69385200	0.01709890
84	0.71161900	0.69461300	0.01700590
85	0.71260900	0.69569300	0.01691620
86	0.71400400	0.69717700	0.01682780
87	0.71593100	0.69919000	0.01674160
88	0.71840400	0.70174700	0.01665720
89	0.72139600	0.70482100	0.01657540
90	0.72480700	0.70831100	0.01649570
91	0.72865100	0.71223200	0.01641840
92	0.73286200	0.71651900	0.01634340
93	0.73746000	0.72118900	0.01627160
94	0.74244300	0.72624100	0.01620240
95	0.74780800	0.73167000	0.01613810
96	0.75341200	0.73733300	0.01607840
97	0.75916400	0.74314400	0.01602030
98	0.76486600	0.74890500	0.01596110
99	0.77045400	0.75455700	0.01589690
100	0.77566300	0.75983500	0.01582760
101	0.78041000	0.76465600	0.01575360
102	0.78454300	0.76886800	0.01567570
103	0.78805100	0.77245500	0.01559540
104	0.79095100	0.77543600	0.01551450
105	0.79341800	0.77798700	0.01543130
106	0.79555200	0.78020500	0.01534710
107	0.79755200	0.78228800	0.01526410
108	0.79942100	0.78423900	0.01518190
109	0.80122100	0.78612000	0.01510020
110	0.80288700	0.78786900	0.01501770
111	0.80440200	0.78946700	0.01493490
112	0.80569900	0.79084500	0.01485370
113	0.80680200	0.79202700	0.01477550
114	0.80766000	0.79296100	0.01469920
115	0.80829700	0.79367300	0.01462350
116	0.80871200	0.79416300	0.01454900
117	0.80894500	0.79446700	0.01447780
118	0.80898300	0.79457300	0.01441030
119	0.80886900	0.79452200	0.01434720
120	0.80864600	0.79435700	0.01428870
121	0.80831900	0.79408400	0.01423500
122	0.80789000	0.79370200	0.01418790
123	0.80725800	0.79310900	0.01414830
124	0.80638300	0.79226600	0.01411700
125	0.80515700	0.79106300	0.01409400
126	0.80356900	0.78949100	0.01407810
127	0.80162700	0.78756000	0.01406710
128	0.79932900	0.78527100	0.01405820
129	0.79669600	0.78264600	0.01404910
130	0.79375300	0.77971400	0.01403910
131	0.79059200	0.77656500	0.01402680
132	0.78729100	0.77328100	0.01401020
133	0.78396700	0.76997700	0.01398960
134	0.78068800	0.76672300	0.01396540
135	0.77756800	0.76363100	0.01393670
136	0.77464000	0.76073600	0.01390340
137	0.77189200	0.75802600	0.01386590
138	0.76925700	0.75543200	0.01382520
139	0.76674700	0.75296400	0.01378270
140	0.76434600	0.75060500	0.01374050
141	0.76211200	0.74841100	0.01370140
142	0.76010100	0.74643400	0.01366690
143	0.75843200	0.74479300	0.01363880
144	0.75714700	0.74352800	0.01361860
145	0.75631300	0.74270600	0.01360730
146	0.75589500	0.74229100	0.01360400
147	0.75581000	0.74220300	0.01360710
148	0.75593100	0.74231600	0.01361510
149	0.75615500	0.74252900	0.01362670
150	0.75635300	0.74271100	0.01364250
151	0.75641500	0.74275300	0.01366280
152	0.75627300	0.74258500	0.01368820
153	0.75584800	0.74213100	0.01371690
154	0.75513800	0.74138900	0.01374910
155	0.75413700	0.74035400	0.01378350
156	0.75288500	0.73906800	0.01381680
157	0.75140700	0.73755900	0.01384780
158	0.74969200	0.73581600	0.01387560
159	0.74773500	0.73383600	0.01389910
160	0.74555200	0.73163200	0.01391960
161	0.74319800	0.72926100	0.01393720
162	0.74072300	0.72677100	0.01395200
163	0.73822700	0.72426300	0.01396410
164	0.73577700	0.72180400	0.01397330
165	0.73349700	0.71951800	0.01397890
166	0.73151300	0.71753200	0.01398050
167	0.72989200	0.71591500	0.01397760
168	0.72865400	0.71468300	0.01397030
169	0.72778000	0.71382200	0.01395810
170	0.72723700	0.71329700	0.01394060
171	0.72699400	0.71307500	0.01391880
172	0.72697500	0.71308000	0.01389440
173	0.72712100	0.71325200	0.01386930
174	0.72732400	0.71347800	0.01384700
175	0.72754900	0.71372100	0.01382810
176	0.72781100	0.71400000	0.01381190
177	0.72813900	0.71433900	0.01379970
178	0.72849700	0.71470400	0.01379290
179	0.72892900	0.71513900	0.01379090
180	0.72937600	0.71558500	0.01379140
181	0.72973800	0.71594400	0.01379380
182	0.73001500	0.71621800	0.01379690
183	0.73015700	0.71635500	0.01380210
184	0.73013700	0.71632700	0.01380950
185	0.72991000	0.71609200	0.01381840
186	0.72945600	0.71562700	0.01382920
187	0.72875200	0.71490900	0.01384280
188	0.72779800	0.71393800	0.01385970
189	0.72664000	0.71275900	0.01388070
190	0.72526800	0.71136200	0.01390570
191	0.72369300	0.70975800	0.01393540
192	0.72191700	0.70794700	0.01396930
193	0.71986800	0.70586100	0.01400690
194	0.71758800	0.70354100	0.01404710
195	0.71511500	0.70102600	0.01408930
196	0.71246000	0.69832500	0.01413490
197	0.70970300	0.69551900	0.01418450
198	0.70697100	0.69273300	0.01423760
199	0.70438500	0.69009300	0.01429260
200	0.70204500	0.68769600	0.01434850
201	0.69995400	0.68554700	0.01440680
202	0.69813800	0.68366800	0.01447010
203	0.69652500	0.68198700	0.01453880
204	0.69508600	0.68047400	0.01461150
205	0.69373900	0.67905200	0.01468730
206	0.69242100	0.67765400	0.01476690
207	0.69110500	0.67625700	0.01484830
208	0.68976200	0.67482800	0.01493390
209	0.68835500	0.67333200	0.01502230
210	0.68686400	0.67175000	0.01511380
211	0.68532800	0.67012300	0.01520560
212	0.68374800	0.66844900	0.01529820
213	0.68217600	0.66678600	0.01538960
214	0.68062200	0.66514200	0.01548070
215	0.67912300	0.66355500	0.01556860
216	0.67767000	0.66201700	0.01565340
217	0.67626300	0.66052900	0.01573330
218	0.67489400	0.65908400	0.01581000
219	0.67359300	0.65771200	0.01588160
220	0.67240200	0.65645300	0.01594860
221	0.67134500	0.65533600	0.01600920
222	0.67043700	0.65437200	0.01606460
223	0.66967600	0.65356200	0.01611380
224	0.66905000	0.65289100	0.01615830
225	0.66853000	0.65233200	0.01619770
226	0.66807700	0.65184200	0.01623470
227	0.66766400	0.65139600	0.01626850
228	0.66726000	0.65095900	0.01630050
229	0.66684700	0.65051800	0.01632900
230	0.66641200	0.65005700	0.01635500
231	0.66595300	0.64957700	0.01637650
232	0.66549300	0.64909900	0.01639430
233	0.66502100	0.64861600	0.01640580
234	0.66451800	0.64810600	0.01641250
235	0.66391500	0.64750200	0.01641260
236	0.66313800	0.64673000	0.01640760
237	0.66209700	0.64570000	0.01639660
238	0.66071400	0.64433300	0.01638090
239	0.65895800	0.64259900	0.01635860
240	0.65683400	0.64050300	0.01633160
241	0.65434300	0.63804400	0.01629890
242	0.65156100	0.63529800	0.01626290
243	0.64853600	0.63231300	0.01622300
244	0.64536500	0.62918500	0.01618040
245	0.64207700	0.62594400	0.01613310
246	0.63872600	0.62264400	0.01608250
247	0.63532500	0.61929800	0.01602690
248	0.63190200	0.61593300	0.01596870
249	0.62844100	0.61253500	0.01590650
250	0.62496100	0.60911900	0.01584280
251	0.62145800	0.60568200	0.01577600
252	0.61796000	0.60225000	0.01570970
253	0.61447600	0.59883300	0.01564290
254	0.61106400	0.59548700	0.01557710
255	0.60773700	0.59222600	0.01551040
256	0.60452600	0.58908000	0.01544580
257	0.60144500	0.58606200	0.01538320
258	0.59851600	0.58319300	0.01532310
259	0.59571800	0.58045400	0.01526480
260	0.59305200	0.57783900	0.01521230
261	0.59049100	0.57532700	0.01516370
262	0.58802400	0.57290600	0.01511890
263	0.58562600	0.57055000	0.01507600
264	0.58331600	0.56828000	0.01503560
265	0.58108100	0.56608400	0.01499710
266	0.57892700	0.56396500	0.01496210
267	0.57689800	0.56196900	0.01492970
268	0.57500600	0.56010400	0.01490110
269	0.57327900	0.55840400	0.01487500
270	0.57172200	0.55686900	0.01485270
271	0.57033000	0.55549700	0.01483320
272	0.56908800	0.55427100	0.01481700
273	0.56797900	0.55317400	0.01480470
274	0.56695900	0.55216100	0.01479760
275	0.56598100	0.55118800	0.01479330
276	0.56496800	0.55017500	0.01479210
277	0.56392600	0.54913400	0.01479160
278	0.56284700	0.54805300	0.01479330
279	0.56177900	0.54698300	0.01479530
280	0.56075000	0.54595100	0.01479960
281	0.55978500	0.54498000	0.01480490
282	0.55890100	0.54408800	0.01481270
283	0.55814400	0.54332200	0.01482110
284	0.55748000	0.54264800	0.01483180
285	0.55694400	0.54210100	0.01484300
286	0.55649900	0.54164300	0.01485630
287	0.55611800	0.54125000	0.01486890
288	0.55577800	0.54089600	0.01488130
289	0.55549100	0.54060100	0.01489070
290	0.55524800	0.54034900	0.01489860
291	0.55504900	0.54014700	0.01490230
292	0.55487100	0.53996700	0.01490410
293	0.55465900	0.53975600	0.01490310
294	0.55441900	0.53951800	0.01490140
295	0.55410100	0.53920300	0.01489760
296	0.55367400	0.53878000	0.01489400
297	0.55311900	0.53822900	0.01489030
298	0.55240100	0.53751300	0.01488830
299	0.55149600	0.53660900	0.01488710
300	0.55031300	0.53542400	0.01488960
301	0.54879900	0.53390400	0.01489460
302	0.54687200	0.53196900	0.01490350
303	0.54454800	0.52963500	0.01491380
304	0.54189800	0.52697100	0.01492720
305	0.53895500	0.52401400	0.01494070
306	0.53581200	0.52085600	0.01495580
307	0.53254000	0.51757000	0.01497060
308	0.52920300	0.51421700	0.01498600
309	0.52587400	0.51087500	0.01499840
310	0.52271200	0.50770200	0.01500940
311	0.51981200	0.50479600	0.01501620
312	0.51730600	0.50228500	0.01502040
313	0.51526400	0.50024600	0.01501780
314	0.51379200	0.49878200	0.01501040
315	0.51293900	0.49794100	0.01499760
316	0.51272000	0.49774000	0.01498010
317	0.51313800	0.49818200	0.01495610
318	0.51417800	0.49925000	0.01492780
319	0.51581800	0.50092400	0.01489400
320	0.51802200	0.50316600	0.01485620
321	0.52074300	0.50592900	0.01481400
322	0.52395700	0.50918800	0.01476900
323	0.52757600	0.51285500	0.01472100
324	0.53145800	0.51678700	0.01467100
325	0.53543800	0.52082100	0.01461750
326	0.53933000	0.52476700	0.01456250
327	0.54299100	0.52848700	0.01450360
328	0.54626400	0.53182100	0.01444280
329	0.54909100	0.53471300	0.01437780
330	0.55141800	0.53710900	0.01430960
331	0.55327300	0.53903700	0.01423640
332	0.55463300	0.54047300	0.01416040
333	0.55553600	0.54145700	0.01407920
334	0.55601100	0.54201600	0.01399470
335	0.55608300	0.54217600	0.01390610
336	0.55578300	0.54196800	0.01381440
337	0.55516100	0.54144300	0.01371790
338	0.55429000	0.54067100	0.01361890
339	0.55323800	0.53972100	0.01351740
340	0.55207300	0.53865800	0.01341520
341	0.55085600	0.53754500	0.01331090
342	0.54968300	0.53647700	0.01320660
343	0.54865100	0.53555000	0.01310120
344	0.54782400	0.53482700	0.01299700
345	0.54723400	0.53434100	0.01289290
346	0.54692900	0.53413700	0.01279170
347	0.54695300	0.53426100	0.01269240
348	0.54733300	0.53473500	0.01259800
349	0.54806400	0.53555800	0.01250630
350	0.54911600	0.53669800	0.01241860
351	0.55043200	0.53809900	0.01233230
352	0.55194100	0.53969200	0.01224860
353	0.55358300	0.54141700	0.01216570
354	0.55529600	0.54321100	0.01208470
355	0.55702300	0.54501900	0.01200450
356	0.55870700	0.54678000	0.01192770
357	0.56032000	0.54846700	0.01185310
358	0.56182200	0.55004000	0.01178250
359	0.56324800	0.55153200	0.01171570
360	0.56460200	0.55294700	0.01165450
361	0.56591600	0.55431800	0.01159760
362	0.56720600	0.55566000	0.01154690
363	0.56852700	0.55702600	0.01150120
364	0.56991000	0.55844800	0.01146240
365	0.57137000	0.55994100	0.01142940
366	0.57287300	0.56147000	0.01140380
367	0.57438200	0.56299700	0.01138410
368	0.57587800	0.56450700	0.01137120
369	0.57741500	0.56605200	0.01136230
370	0.57897800	0.56762000	0.01135840
371	0.58059600	0.56923900	0.01135710
372	0.58226700	0.57090700	0.01136000
373	0.58390800	0.57254200	0.01136600
374	0.58547400	0.57409800	0.01137600
375	0.58691900	0.57552900	0.01138980
376	0.58827800	0.57686900	0.01140910
377	0.58965800	0.57822500	0.01143330
378	0.59107000	0.57960600	0.01146460
379	0.59257000	0.58107000	0.01149990
380	0.59413700	0.58259600	0.01154120
381	0.59574000	0.58415300	0.01158680
382	0.59735700	0.58571700	0.01164010
383	0.59895800	0.58726000	0.01169870
384	0.60057600	0.58881100	0.01176450
385	0.60219900	0.59036300	0.01183650
386	0.60380900	0.59189400	0.01191540
387	0.60540700	0.59340800	0.01199930
388	0.60700100	0.59491200	0.01208880
389	0.60851500	0.59633300	0.01218140
390	0.61006700	0.59778800	0.01227810
391	0.61163000	0.59925400	0.01237620
392	0.61315300	0.60067800	0.01247520
393	0.61459400	0.60202100	0.01257300
394	0.61595200	0.60328100	0.01267140
395	0.61715800	0.60439000	0.01276850
396	0.61813000	0.60526500	0.01286550
397	0.61885400	0.60589400	0.01296020
398	0.61930100	0.60624700	0.01305430
399	0.61946700	0.60632000	0.01314640
400	0.61936400	0.60612500	0.01323880
401	0.61900600	0.60567600	0.01333020
402	0.61839400	0.60497200	0.01342280
403	0.61754100	0.60402500	0.01351530
404	0.61647600	0.60286700	0.01360920
405	0.61520700	0.60150300	0.01370370
406	0.61377900	0.59997800	0.01380100
407	0.61222800	0.59832800	0.01390040
408	0.61059600	0.59659300	0.01400310
409	0.60889900	0.59479300	0.01410650
410	0.60714900	0.59293800	0.01421150
411	0.60536700	0.59105100	0.01431630
412	0.60352500	0.58910200	0.01442210
413	0.60165700	0.58713000	0.01452670
414	0.59978700	0.58515700	0.01463010
415	0.59792000	0.58318900	0.01473090
416	0.59608600	0.58125700	0.01482980
417	0.59432600	0.57940100	0.01492430
418	0.59265900	0.57764300	0.01501580
419	0.59110600	0.57600400	0.01510210
420	0.58965000	0.57446600	0.01518470
421	0.58828600	0.57302500	0.01526140
422	0.58698800	0.57165500	0.01533250
423	0.58572100	0.57032400	0.01539610
424	0.58447000	0.56901500	0.01545470
425	0.58317700	0.56767100	0.01550590
426	0.58185000	0.56629900	0.01555160
427	0.58045700	0.56486700	0.01558990
428	0.57902700	0.56340600	0.01562110
429	0.57754300	0.56190000	0.01564380
430	0.57605500	0.56039700	0.01565870
431	0.57456700	0.55890300	0.01566420
432	0.57310600	0.55744500	0.01566170
433	0.57166500	0.55601500	0.01565050
434	0.57023500	0.55460100	0.01563360
435	0.56882200	0.55321200	0.01560990
436	0.56740500	0.55182400	0.01558070
437	0.56598200	0.55043700	0.01554480
438	0.56451000	0.54900600	0.01550380
439	0.56301000	0.54755300	0.01545730
440	0.56147500	0.54606800	0.01540630
441	0.55991900	0.54456900	0.01534990
442	0.55834200	0.54305200	0.01529030
443	0.55675900	0.54153100	0.01522860
444	0.55519000	0.54002300	0.01516700
445	0.55366600	0.53856100	0.01510550
446	0.55220700	0.53716100	0.01504610
447	0.55081600	0.53582800	0.01498760
448	0.54948000	0.53454800	0.01493180
449	0.54817600	0.53329700	0.01487870
450	0.54688000	0.53205000	0.01483010
451	0.54558300	0.53079800	0.01478520
452	0.54428100	0.52953500	0.01474560
453	0.54300000	0.52829000	0.01470920
454	0.54175500	0.52707800	0.01467730
455	0.54058300	0.52593400	0.01464920
456	0.53950300	0.52487700	0.01462630
457	0.53853400	0.52392600	0.01460760
458	0.53767800	0.52308300	0.01459430
459	0.53696900	0.52238400	0.01458480
460	0.53639000	0.52181000	0.01458010
461	0.53594800	0.52137000	0.01457740
462	0.53562200	0.52104300	0.01457890
463	0.53540600	0.52082300	0.01458340
464	0.53528100	0.52068900	0.01459200
465	0.53524800	0.52064600	0.01460240
466	0.53527700	0.52066100	0.01461630
467	0.53534000	0.52070800	0.01463220
468	0.53540400	0.52075200	0.01465130
469	0.53546200	0.52079100	0.01467110
470	0.53544500	0.52075200	0.01469270
471	0.53533800	0.52062400	0.01471440
472	0.53511100	0.52037300	0.01473780
473	0.53474700	0.51998600	0.01476170
474	0.53419300	0.51940500	0.01478790
475	0.53345100	0.51863600	0.01481500
476	0.53250000	0.51765500	0.01484450
477	0.53135200	0.51647800	0.01487440
478	0.52999800	0.51509200	0.01490620
479	0.52846400	0.51352700	0.01493760
480	0.52675100	0.51178200	0.01496960
481	0.52489400	0.50989400	0.01499980
482	0.52289000	0.50786100	0.01502940
483	0.52075700	0.50570100	0.01505630
484	0.51851900	0.50343700	0.01508180
485	0.51620600	0.50110200	0.01510380
486	0.51385400	0.49873000	0.01512370
487	0.51149200	0.49635200	0.01513990
488	0.50922400	0.49407000	0.01515380
489	0.50706400	0.49190000	0.01516430
490	0.50510200	0.48992900	0.01517350
491	0.50335500	0.48817400	0.01518100
492	0.50182700	0.48663800	0.01518860
493	0.50053000	0.48533600	0.01519380
494	0.49942900	0.48423100	0.01519830
495	0.49846900	0.48326900	0.01519980
496	0.49763900	0.48243900	0.01520040
497	0.49691200	0.48171300	0.01519880
498	0.49630000	0.48110300	0.01519680
499	0.49581500	0.48062200	0.01519260
500	0.49546900	0.48028300	0.01518630
501	0.49529200	0.48011600	0.01517590
502	0.49525200	0.48008900	0.01516310
503	0.49534700	0.48020100	0.01514630
504	0.49556700	0.48044100	0.01512600
505	0.49588000	0.48077900	0.01510030
506	0.49628900	0.48121900	0.01507030
507	0.49681600	0.48178100	0.01503440
508	0.49747400	0.48248000	0.01499430
509	0.49823600	0.48328700	0.01494910
510	0.49913700	0.48423700	0.01489980
511	0.50017300	0.48532800	0.01484560
512	0.50132700	0.48653900	0.01478820
513	0.50254800	0.48782100	0.01472650
514	0.50379100	0.48912800	0.01466290
515	0.50500900	0.49041200	0.01459670
516	0.50618600	0.49165600	0.01453000
517	0.50732100	0.49286000	0.01446110
518	0.50839800	0.49400600	0.01439190
519	0.50939200	0.49507100	0.01432070
520	0.51030700	0.49605700	0.01424940
521	0.51111700	0.49694100	0.01417640
522	0.51185800	0.49775500	0.01410270
523	0.51253400	0.49850800	0.01402660
524	0.51318300	0.49923300	0.01394970
525	0.51380200	0.49993000	0.01387210
526	0.51442300	0.50062800	0.01379560
527	0.51504700	0.50132600	0.01372010
528	0.51568500	0.50203700	0.01364820
529	0.51632200	0.50274400	0.01357780
530	0.51695600	0.50344500	0.01351100
531	0.51757600	0.50413000	0.01344660
532	0.51817100	0.50478600	0.01338510
533	0.51881500	0.50549000	0.01332520
534	0.51959200	0.50632300	0.01326880
535	0.52051500	0.50730000	0.01321460
536	0.52163300	0.50846900	0.01316410
537	0.52296400	0.50984800	0.01311630
538	0.52451300	0.51144100	0.01307230
539	0.52622900	0.51319800	0.01303120
540	0.52806500	0.51507000	0.01299460
541	0.52999700	0.51703700	0.01295920
542	0.53202600	0.51909800	0.01292740
543	0.53414900	0.52125100	0.01289770
544	0.53635600	0.52348300	0.01287300
545	0.53863200	0.52577900	0.01285250
546	0.54096900	0.52813400	0.01283570
547	0.54336000	0.53053900	0.01282090
548	0.54573200	0.53292100	0.01281060
549	0.54803700	0.53523400	0.01280360
550	0.55022200	0.53742200	0.01280020
551	0.55224000	0.53944100	0.01279860
552	0.55404800	0.54124800	0.01279990
553	0.55564400	0.54284000	0.01280350
554	0.55705500	0.54424300	0.01281240
555	0.55830000	0.54547500	0.01282550
556	0.55939600	0.54655200	0.01284480
557	0.56036900	0.54750000	0.01286870
558	0.56122200	0.54832300	0.01289880
559	0.56196200	0.54902800	0.01293370
560	0.56258800	0.54961300	0.01297520
561	0.56310900	0.55008700	0.01302190
562	0.56353600	0.55046100	0.01307450
563	0.56387800	0.55074700	0.01313120
564	0.56413000	0.55093600	0.01319370
565	0.56432900	0.55106900	0.01326040
566	0.56451500	0.55118400	0.01333150
567	0.56471700	0.55131200	0.01340490
568	0.56496000	0.55147900	0.01348080
569	0.56527700	0.55172000	0.01355670
570	0.56573600	0.55210200	0.01363340
571	0.56638400	0.55267400	0.01370950
572	0.56728000	0.55349400	0.01378640
573	0.56845200	0.55459000	0.01386230
574	0.56997700	0.55603900	0.01393860
575	0.57193400	0.55792100	0.01401330
576	0.57435600	0.56026900	0.01408690
577	0.57726100	0.56310300	0.01415790
578	0.58066200	0.56643500	0.01422720
579	0.58453500	0.57024100	0.01429350
580	0.58879200	0.57443400	0.01435850
581	0.59340300	0.57898300	0.01442060
582	0.59832000	0.58383900	0.01448130
583	0.60354000	0.58900000	0.01453930
584	0.60901600	0.59442000	0.01459630
585	0.61465000	0.59999900	0.01465060
586	0.62027400	0.60557100	0.01470350
587	0.62572000	0.61096700	0.01475350
588	0.63083400	0.61603200	0.01480200
589	0.63551000	0.62066300	0.01484760
590	0.63969000	0.62479900	0.01489130
591	0.64340200	0.62847100	0.01493130
592	0.64669700	0.63172800	0.01496940
593	0.64966500	0.63466000	0.01500520
594	0.65234400	0.63730300	0.01504130
595	0.65479200	0.63971600	0.01507610
596	0.65697400	0.64186400	0.01511070
597	0.65880700	0.64366400	0.01514360
598	0.66032500	0.64514900	0.01517590
599	0.66140900	0.64620300	0.01520670
600	0.66191800	0.64668000	0.01523820
601	0.66174600	0.64647600	0.01526980
602	0.66090500	0.64560200	0.01530260
603	0.65948300	0.64414800	0.01533480
604	0.65750500	0.64213600	0.01536850
605	0.65499800	0.63959700	0.01540090
606	0.65196400	0.63653000	0.01543390
607	0.64844500	0.63297800	0.01546660
608	0.64438600	0.62888600	0.01550060
609	0.63992800	0.62439500	0.01553340
610	0.63526800	0.61970300	0.01556520
611	0.63055800	0.61496500	0.01559370
612	0.62594100	0.61032100	0.01562030
613	0.62143400	0.60579200	0.01564240
614	0.61714700	0.60148400	0.01566230
615	0.61312500	0.59744600	0.01567870
616	0.60935600	0.59366300	0.01569280
617	0.60580200	0.59010000	0.01570190
618	0.60243400	0.58672600	0.01570730
619	0.59920200	0.58349400	0.01570860
620	0.59613800	0.58042900	0.01570950
621	0.59320300	0.57749300	0.01571000
622	0.59038300	0.57467100	0.01571280
623	0.58763000	0.57191300	0.01571620
624	0.58493400	0.56921200	0.01572270
625	0.58231000	0.56657800	0.01573160
626	0.57976200	0.56401700	0.01574500
627	0.57725900	0.56149800	0.01576130
628	0.57478700	0.55900600	0.01578130
629	0.57229300	0.55649000	0.01580340
630	0.56974100	0.55391400	0.01582680
631	0.56709900	0.55125000	0.01584830
632	0.56435900	0.54849100	0.01586810
633	0.56151700	0.54563500	0.01588300
634	0.55859100	0.54269700	0.01589390
635	0.55560800	0.53970900	0.01589900
636	0.55259800	0.53669800	0.01590030
637	0.54965100	0.53375400	0.01589750
638	0.54686200	0.53096800	0.01589370
639	0.54429700	0.52840900	0.01588890
640	0.54199800	0.52611200	0.01588600
641	0.53998000	0.52409500	0.01588450
642	0.53825100	0.52236500	0.01588590
643	0.53681900	0.52093000	0.01588920
644	0.53564800	0.51975200	0.01589600
645	0.53473200	0.51882700	0.01590500
646	0.53402600	0.51810900	0.01591730
647	0.53348100	0.51755000	0.01593100
648	0.53305500	0.51710800	0.01594670
649	0.53271500	0.51675300	0.01596200
650	0.53245700	0.51647800	0.01597830
651	0.53226700	0.51627300	0.01599420
652	0.53214300	0.51613100	0.01601150
653	0.53205800	0.51603000	0.01602810
654	0.53200800	0.51596200	0.01604530
655	0.53199700	0.51593400	0.01606270
656	0.53207000	0.51598800	0.01608230
657	0.53223400	0.51613100	0.01610250
658	0.53250300	0.51637900	0.01612410
659	0.53286100	0.51671600	0.01614520
660	0.53330200	0.51713500	0.01616720
661	0.53378900	0.51760000	0.01618930
662	0.53430200	0.51808900	0.01621330
663	0.53477200	0.51853500	0.01623740
664	0.53516500	0.51890100	0.01626340
665	0.53538700	0.51909700	0.01628960
666	0.53541500	0.51909800	0.01631720
667	0.53521200	0.51886800	0.01634410
668	0.53480300	0.51843100	0.01637190
669	0.53422200	0.51782100	0.01640040
670	0.53351100	0.51708000	0.01643130
671	0.53268300	0.51622000	0.01646320
672	0.53178700	0.51528900	0.01649770
673	0.53083500	0.51430300	0.01653200
674	0.52986800	0.51330100	0.01656660
675	0.52886000	0.51226100	0.01659920
676	0.52784200	0.51121100	0.01663130
677	0.52679500	0.51013300	0.01666180
678	0.52571900	0.50902800	0.01669110
679	0.52459000	0.50787100	0.01671900
680	0.52339600	0.50664900	0.01674700
681	0.52210800	0.50533500	0.01677280
682	0.52074900	0.50395200	0.01679700
683	0.51930000	0.50248100	0.01681920
684	0.51775500	0.50091400	0.01684060
685	0.51610600	0.49924700	0.01685890
686	0.51435100	0.49747600	0.01687560
687	0.51249500	0.49560600	0.01688890
688	0.51057700	0.49367700	0.01690030
689	0.50861100	0.49170300	0.01690850
690	0.50661100	0.48969500	0.01691570
691	0.50456400	0.48764200	0.01692120
692	0.50248400	0.48555800	0.01692620
693	0.50035300	0.48342400	0.01692980
694	0.49816300	0.48122900	0.01693350
695	0.49590400	0.47896800	0.01693530
696	0.49356300	0.47662700	0.01693660
697	0.49117600	0.47424000	0.01693610
698	0.48876400	0.47183000	0.01693440
699	0.48632900	0.46940000	0.01692940
700	0.48391700	0.46699300	0.01692430
701	0.48153400	0.46461700	0.01691750
702	0.47925200	0.46234100	0.01691050
703	0.47707200	0.46017000	0.01690200
704	0.47499200	0.45809900	0.01689330
705	0.47304900	0.45616600	0.01688300
706	0.47127300	0.45440100	0.01687220
707	0.46977100	0.45291300	0.01685840
708	0.46855500	0.45171200	0.01684340
709	0.46765800	0.45083300	0.01682590
710	0.46715100	0.45034400	0.01680640
711	0.46707600	0.45029200	0.01678360
712	0.46747400	0.45071500	0.01675820
713	0.46841300	0.45168300	0.01673020
714	0.46991400	0.45321400	0.01670060
715	0.47199800	0.45533000	0.01666870
716	0.47464800	0.45801000	0.01663800
717	0.47780300	0.46119600	0.01660660
718	0.48138800	0.46481200	0.01657530
719	0.48538200	0.46883900	0.01654310
720	0.48970800	0.47319800	0.01651040
721	0.49433400	0.47785800	0.01647540
722	0.49919400	0.48275400	0.01644000
723	0.50421500	0.48781200	0.01640280
724	0.50930800	0.49294200	0.01636570
725	0.51438400	0.49805600	0.01632810
726	0.51935800	0.50306800	0.01629020
727	0.52415400	0.50790300	0.01625070
728	0.52870800	0.51249800	0.01621020
729	0.53295900	0.51679200	0.01616690
730	0.53686300	0.52074100	0.01612230
731	0.54042200	0.52434700	0.01607510
732	0.54362000	0.52759300	0.01602680
733	0.54646600	0.53049000	0.01597640
734	0.54899500	0.53306900	0.01592600
735	0.55125700	0.53538200	0.01587450
736	0.55329900	0.53747500	0.01582420
737	0.55516800	0.53939500	0.01577340
738	0.55689500	0.54117100	0.01572420
739	0.55853000	0.54285400	0.01567570
740	0.56009500	0.54446400	0.01563010
741	0.56162100	0.54603400	0.01558710
742	0.56312900	0.54758000	0.01554900
743	0.56463200	0.54911600	0.01551570
744	0.56613800	0.55065000	0.01548890
745	0.56766800	0.55220100	0.01546720
746	0.56923200	0.55378000	0.01545200
747	0.57083600	0.55539500	0.01544100
748	0.57248600	0.55705100	0.01543480
749	0.57417700	0.55874600	0.01543110
750	0.57592700	0.56049600	0.01543100
751	0.57773700	0.56230400	0.01543290
752	0.57959700	0.56415900	0.01543880
753	0.58148600	0.56603900	0.01544690
754	0.58337700	0.56791900	0.01545810
755	0.58523200	0.56976200	0.01546990
756	0.58702100	0.57153900	0.01548170
757	0.58873900	0.57324800	0.01549040
758	0.59038700	0.57489100	0.01549630
759	0.59199300	0.57649600	0.01549660
760	0.59354500	0.57805400	0.01549100
761	0.59507900	0.57960200	0.01547710
762	0.59660900	0.58115200	0.01545700
763	0.59815800	0.58272800	0.01543020
764	0.59972400	0.58432500	0.01539920
765	0.60134600	0.58598200	0.01536380
766	0.60305000	0.58772200	0.01532820
767	0.60488300	0.58959100	0.01529230
768	0.60687700	0.59161800	0.01525860
769	0.60904900	0.59382300	0.01522630
770	0.61143000	0.59623200	0.01519760
771	0.61399700	0.59882500	0.01517210
772	0.61672100	0.60156800	0.01515250
773	0.61956400	0.60442700	0.01513780
774	0.62248100	0.60735200	0.01512900
775	0.62542200	0.61029800	0.01512430
776	0.62834400	0.61321800	0.01512540
777	0.63119600	0.61606600	0.01513050
778	0.63396200	0.61882200	0.01514060
779	0.63662100	0.62146700	0.01515370
780	0.63918700	0.62401500	0.01517130
781	0.64166400	0.62647200	0.01519170
782	0.64406000	0.62884400	0.01521640
783	0.64637400	0.63113100	0.01524270
784	0.64860500	0.63333400	0.01527090
785	0.65075500	0.63545600	0.01529920
786	0.65285300	0.63752500	0.01532840
787	0.65489200	0.63953500	0.01535710
788	0.65689000	0.64150300	0.01538710
789	0.65887700	0.64346000	0.01541710
790	0.66088000	0.64543000	0.01544910
791	0.66290800	0.64742600	0.01548270
792	0.66492800	0.64940800	0.01551990
793	0.66690900	0.65134900	0.01556020
794	0.66881800	0.65321400	0.01560480
795	0.67062400	0.65497100	0.01565210
796	0.67229100	0.65658800	0.01570340
797	0.67378900	0.65803300	0.01575670
798	0.67515400	0.65934100	0.01581320
799	0.67634000	0.66046900	0.01587100
800	0.67730700	0.66137500	0.01593170
801	0.67801900	0.66202600	0.01599280
802	0.67845400	0.66239900	0.01605470
803	0.67859100	0.66247600	0.01611500
804	0.67840600	0.66223200	0.01617390
805	0.67789600	0.66166600	0.01623020
806	0.67703000	0.66074500	0.01628510
807	0.67582800	0.65949200	0.01633690
808	0.67421200	0.65782500	0.01638730
809	0.67218000	0.65574400	0.01643590
810	0.66965100	0.65316600	0.01648540
811	0.66661700	0.65008300	0.01653400
812	0.66307900	0.64649600	0.01658280
813	0.65908800	0.64245900	0.01662960
814	0.65471500	0.63803900	0.01667610
815	0.65004500	0.63332500	0.01672000
816	0.64513600	0.62837300	0.01676340
817	0.64008700	0.62328300	0.01680420
818	0.63495600	0.61811300	0.01684260
819	0.62982000	0.61294200	0.01687740
820	0.62472900	0.60781900	0.01691030
821	0.61974900	0.60280900	0.01694000
822	0.61490300	0.59793500	0.01696750
823	0.61021700	0.59322600	0.01699090
824	0.60569300	0.58868200	0.01701180
825	0.60133600	0.58430700	0.01702880
826	0.59716700	0.58012400	0.01704300
827	0.59321200	0.57615900	0.01705300
828	0.58948600	0.57242600	0.01706010
829	0.58596700	0.56890400	0.01706300
830	0.58261200	0.56554800	0.01706370
831	0.57937100	0.56231000	0.01706110
832	0.57621000	0.55915200	0.01705740
833	0.57307700	0.55602600	0.01705170
834	0.56995700	0.55291200	0.01704540
835	0.56681300	0.54977700	0.01703640
836	0.56362800	0.54660200	0.01702590
837	0.56040000	0.54338700	0.01701290
838	0.55715000	0.54015000	0.01699930
839	0.55388600	0.53690200	0.01698420
840	0.55064100	0.53367200	0.01696910
841	0.54743900	0.53048600	0.01695270
842	0.54431700	0.52738000	0.01693680
843	0.54129800	0.52437800	0.01692020
844	0.53843100	0.52152600	0.01690440
845	0.53574800	0.51886000	0.01688800
846	0.53329400	0.51642200	0.01687230
847	0.53109800	0.51424200	0.01685570
848	0.52920600	0.51236600	0.01683980
849	0.52765600	0.51083300	0.01682320
850	0.52649500	0.50968800	0.01680700
851	0.52574600	0.50895600	0.01679020
852	0.52542500	0.50865100	0.01677460
853	0.52551800	0.50875900	0.01675940
854	0.52602500	0.50927900	0.01674600
855	0.52692800	0.51019600	0.01673230
856	0.52821100	0.51149100	0.01671930
857	0.52983600	0.51313000	0.01670580
858	0.53177800	0.51508400	0.01669330
859	0.53400300	0.51732300	0.01668010
860	0.53649700	0.51983000	0.01666750
861	0.53919700	0.52254300	0.01665430
862	0.54207200	0.52543000	0.01664190
863	0.54502900	0.52840000	0.01662880
864	0.54801000	0.53139400	0.01661600
865	0.55091000	0.53430900	0.01660150
866	0.55366000	0.53707400	0.01658620
867	0.55616100	0.53959300	0.01656860
868	0.55836200	0.54181100	0.01655020
869	0.56021000	0.54368100	0.01652970
870	0.56170200	0.54519500	0.01650800
871	0.56286100	0.54637800	0.01648300
872	0.56371500	0.54725800	0.01645710
873	0.56426700	0.54783700	0.01642990
874	0.56453100	0.54812700	0.01640340
875	0.56449500	0.54811700	0.01637790
876	0.56418300	0.54782800	0.01635520
877	0.56362200	0.54728800	0.01633380
878	0.56285000	0.54653400	0.01631590
879	0.56189500	0.54559400	0.01630040
880	0.56078700	0.54449800	0.01628870
881	0.55956500	0.54328600	0.01627900
882	0.55828800	0.54201400	0.01627350
883	0.55695100	0.54068000	0.01627010
884	0.55557700	0.53930700	0.01627010
885	0.55416300	0.53789100	0.01627170
886	0.55275000	0.53647400	0.01627640
887	0.55136000	0.53507800	0.01628270
888	0.55002700	0.53373600	0.01629110
889	0.54876000	0.53245900	0.01630100
890	0.54759100	0.53127900	0.01631250
891	0.54648600	0.53016300	0.01632380
892	0.54545100	0.52911400	0.01633640
893	0.54443300	0.52808600	0.01634700
894	0.54340700	0.52704900	0.01635770
895	0.54235000	0.52598400	0.01636540
896	0.54125400	0.52488300	0.01637140
897	0.54012100	0.52374600	0.01637510
898	0.53893300	0.52255500	0.01637780
899	0.53767600	0.52129900	0.01637770
900	0.53634500	0.51996800	0.01637660
901	0.53494000	0.51856600	0.01637340
902	0.53344600	0.51707500	0.01637070
903	0.53187300	0.51550600	0.01636730
904	0.53027900	0.51391400	0.01636500
905	0.52871300	0.51235100	0.01636240
906	0.52721700	0.51085500	0.01636150
907	0.52583800	0.50947800	0.01636030
908	0.52460800	0.50824700	0.01636120
909	0.52351500	0.50715200	0.01636280
910	0.52254700	0.50618000	0.01636650
911	0.52170200	0.50533100	0.01637110
912	0.52097300	0.50459500	0.01637820
913	0.52035600	0.50397000	0.01638630
914	0.51985100	0.50345300	0.01639770
915	0.51945300	0.50304300	0.01641030
916	0.51914700	0.50272200	0.01642460
917	0.51892100	0.50248200	0.01643810
918	0.51874400	0.50229200	0.01645180
919	0.51859400	0.50213000	0.01646450
920	0.51844200	0.50196400	0.01647750
921	0.51829000	0.50180000	0.01648960
922	0.51813200	0.50163000	0.01650180
923	0.51795100	0.50143800	0.01651290
924	0.51772500	0.50120100	0.01652360
925	0.51747000	0.50093700	0.01653310
926	0.51719800	0.50065500	0.01654340
927	0.51693900	0.50038700	0.01655260
928	0.51670300	0.50014200	0.01656100
929	0.51652400	0.49995700	0.01656690
930	0.51640200	0.49983000	0.01657220
931	0.51630600	0.49973000	0.01657630
932	0.51622900	0.49964800	0.01658040
933	0.51616300	0.49958000	0.01658310
934	0.51611700	0.49953100	0.01658580
935	0.51609300	0.49950700	0.01658630
936	0.51614800	0.49956200	0.01658600
937	0.51634100	0.49975800	0.01658300
938	0.51674800	0.50016900	0.01657840
939	0.51739500	0.50082500	0.01657030
940	0.51830500	0.50174500	0.01655990
941	0.51947200	0.50292700	0.01654500
942	0.52088800	0.50436100	0.01652710
943	0.52251000	0.50600500	0.01650470
944	0.52426200	0.50778300	0.01647900
945	0.52613300	0.50968400	0.01644950
946	0.52807200	0.51165400	0.01641850
947	0.53008000	0.51369500	0.01638520
948	0.53214500	0.51579300	0.01635190
949	0.53425100	0.51793400	0.01631740
950	0.53634500	0.52006200	0.01628330
951	0.53838100	0.52213300	0.01624850
952	0.54032000	0.52410500	0.01621460
953	0.54212300	0.52594300	0.01618000
954	0.54376300	0.52761600	0.01614700
955	0.54519100	0.52907700	0.01611380
956	0.54640000	0.53031800	0.01608240
957	0.54736700	0.53131600	0.01605150
958	0.54812000	0.53209700	0.01602280
959	0.54870400	0.53270900	0.01599520
960	0.54916200	0.53319200	0.01597020
961	0.54954100	0.53359500	0.01594600
962	0.54988700	0.53396200	0.01592500
963	0.55024400	0.53433800	0.01590620
964	0.55062900	0.53473800	0.01589080
965	0.55105200	0.53517400	0.01587740
966	0.55150500	0.53563700	0.01586730
967	0.55196000	0.53610100	0.01585880
968	0.55239600	0.53654300	0.01585330
969	0.55278700	0.53693800	0.01584940
970	0.55314000	0.53729100	0.01584840
971	0.55346900	0.53762000	0.01584860
972	0.55378900	0.53793700	0.01585190
973	0.55413000	0.53827300	0.01585720
974	0.55447200	0.53860600	0.01586600
975	0.55481900	0.53894300	0.01587650
976	0.55517600	0.53928600	0.01589030
977	0.55557100	0.53966500	0.01590600
978	0.55598800	0.54006200	0.01592540
979	0.55644200	0.54049500	0.01594720
980	0.55692900	0.54095600	0.01597290
981	0.55748000	0.54147900	0.01600130
982	0.55807100	0.54203700	0.01603390
983	0.55870200	0.54263200	0.01606920
984	0.55936900	0.54326000	0.01610830
985	0.56009000	0.54394100	0.01614960
986	0.56089200	0.54469900	0.01619350
987	0.56181400	0.54557600	0.01623740
988	0.56286200	0.54658000	0.01628220
989	0.56405300	0.54772700	0.01632550
990	0.56534800	0.54898000	0.01636830
991	0.56671200	0.55030300	0.01640860
992	0.56810500	0.55165800	0.01644720
993	0.56950600	0.55302400	0.01648210
994	0.57088700	0.55437200	0.01651510
995	0.57221300	0.55566700	0.01654540
996	0.57345600	0.55688200	0.01657460
997	0.57459600	0.55799500	0.01660090
998	0.57562900	0.55900300	0.01662540
999	0.57655200	0.55990500	0.01664760
1000	0.57738400	0.56071400	0.01666930
1001	0.57813100	0.56144200	0.01668930
1002	0.57881700	0.56210800	0.01670910
1003	0.57944900	0.56272200	0.01672720
1004	0.58005500	0.56331000	0.01674490
1005	0.58064500	0.56388400	0.01676070
1006	0.58124300	0.56446600	0.01677660
1007	0.58185800	0.56506700	0.01679080
1008	0.58252000	0.56571500	0.01680470
1009	0.58321600	0.56639900	0.01681630
1010	0.58395400	0.56712700	0.01682650
1011	0.58471900	0.56788500	0.01683370
1012	0.58555200	0.56871300	0.01683900
1013	0.58647100	0.56963000	0.01684050
1014	0.58749600	0.57065700	0.01683900
1015	0.58864300	0.57181000	0.01683330
1016	0.58990800	0.57308200	0.01682530
1017	0.59127700	0.57446300	0.01681390
1018	0.59271700	0.57591600	0.01680130
1019	0.59425000	0.57746300	0.01678650
1020	0.59588200	0.57911100	0.01677080
1021	0.59760200	0.58085000	0.01675230
1022	0.59938300	0.58265200	0.01673170
1023	0.60121300	0.58450600	0.01670690
1024	0.60307400	0.58639500	0.01667960
1025	0.60496000	0.58831200	0.01664820
1026	0.60685600	0.59024200	0.01661440
1027	0.60877900	0.59220100	0.01657730
1028	0.61069300	0.59415400	0.01653910
1029	0.61261800	0.59611900	0.01649900
1030	0.61455200	0.59809300	0.01645920
1031	0.61655400	0.60013600	0.01641870
1032	0.61864400	0.60226400	0.01637990
1033	0.62085200	0.60451000	0.01634210
1034	0.62318100	0.60687400	0.01630740
1035	0.62560500	0.60933000	0.01627500
1036	0.62806700	0.61182000	0.01624710
1037	0.63050500	0.61428200	0.01622290
1038	0.63285300	0.61665000	0.01620350
1039	0.63505300	0.61886700	0.01618630
1040	0.63703100	0.62085900	0.01617160
1041	0.63868400	0.62252700	0.01615750
1042	0.63995700	0.62381200	0.01614520
1043	0.64078100	0.62464700	0.01613380
1044	0.64114900	0.62502300	0.01612620
1045	0.64110600	0.62498500	0.01612070
1046	0.64072200	0.62460400	0.01611860
1047	0.64001200	0.62389400	0.01611790
1048	0.63901600	0.62289700	0.01611980
1049	0.63777900	0.62165600	0.01612270
1050	0.63634500	0.62021700	0.01612760
1051	0.63480200	0.61866800	0.01613320
1052	0.63321500	0.61707400	0.01614140
1053	0.63167700	0.61552700	0.01615020
1054	0.63026000	0.61409900	0.01616100
1055	0.62904600	0.61287400	0.01617240
1056	0.62809300	0.61190700	0.01618570
1057	0.62744200	0.61124300	0.01619900
1058	0.62710200	0.61088800	0.01621340
1059	0.62707900	0.61085200	0.01622680
1060	0.62734900	0.61110800	0.01624090
1061	0.62789000	0.61163600	0.01625400
1062	0.62868100	0.61241400	0.01626670
1063	0.62969800	0.61342100	0.01627710
1064	0.63090600	0.61462000	0.01628630
1065	0.63229200	0.61600000	0.01629280
1066	0.63383000	0.61753200	0.01629790
1067	0.63551200	0.61921200	0.01630020
1068	0.63730600	0.62100400	0.01630160
1069	0.63920800	0.62290600	0.01630120
1070	0.64118500	0.62488400	0.01630080
1071	0.64322400	0.62692400	0.01629950
1072	0.64529500	0.62899600	0.01629880
1073	0.64738300	0.63108500	0.01629730
1074	0.64946100	0.63316400	0.01629680
1075	0.65151500	0.63521900	0.01629630
1076	0.65351800	0.63722100	0.01629720
1077	0.65546300	0.63916400	0.01629870
1078	0.65732300	0.64102100	0.01630230
1079	0.65910500	0.64279800	0.01630690
1080	0.66078400	0.64447000	0.01631410
1081	0.66234400	0.64602100	0.01632280
1082	0.66377100	0.64743600	0.01633450
1083	0.66505200	0.64870400	0.01634830
1084	0.66617100	0.64980500	0.01636590
1085	0.66713700	0.65075100	0.01638570
1086	0.66792900	0.65152000	0.01640930
1087	0.66855400	0.65212000	0.01643420
1088	0.66900800	0.65254700	0.01646140
1089	0.66928900	0.65280000	0.01648910
1090	0.66938300	0.65286500	0.01651770
1091	0.66931400	0.65276800	0.01654540
1092	0.66909700	0.65252400	0.01657280
1093	0.66874700	0.65214900	0.01659780
1094	0.66826100	0.65163900	0.01662180
1095	0.66763800	0.65099500	0.01664270
1096	0.66688900	0.65022800	0.01666150
1097	0.66602200	0.64934600	0.01667620
1098	0.66505500	0.64836700	0.01668810
1099	0.66400900	0.64731400	0.01669550
1100	0.66289300	0.64619300	0.01669950
1101	0.66170400	0.64500600	0.01669860
1102	0.66043700	0.64374300	0.01669450
1103	0.65907700	0.64239100	0.01668650
1104	0.65761100	0.64093400	0.01667630
1105	0.65602000	0.63935800	0.01666220
1106	0.65430200	0.63765700	0.01664550
1107	0.65246400	0.63583900	0.01662520
1108	0.65051200	0.63390900	0.01660350
1109	0.64847500	0.63189500	0.01657980
1110	0.64635000	0.62979400	0.01655610
1111	0.64415100	0.62761900	0.01653230
1112	0.64186200	0.62535200	0.01651000
1113	0.63947900	0.62299000	0.01648810
1114	0.63697300	0.62050500	0.01646750
1115	0.63433100	0.61788400	0.01644740
1116	0.63152100	0.61509200	0.01642960
1117	0.62853000	0.61211700	0.01641240
1118	0.62536700	0.60896900	0.01639720
1119	0.62204600	0.60566300	0.01638280
1120	0.61856700	0.60219600	0.01637170
1121	0.61494500	0.59858400	0.01636150
1122	0.61116000	0.59480600	0.01635380
1123	0.60721800	0.59087200	0.01634630
1124	0.60310900	0.58676800	0.01634130
1125	0.59883000	0.58249300	0.01633770
1126	0.59437800	0.57804000	0.01633760
1127	0.58975100	0.57341100	0.01634010
1128	0.58493700	0.56859000	0.01634740
1129	0.57991300	0.56355600	0.01635740
1130	0.57466700	0.55829500	0.01637210
1131	0.56918300	0.55279400	0.01638960
1132	0.56348700	0.54707500	0.01641120
1133	0.55761400	0.54117900	0.01643470
1134	0.55160100	0.53513800	0.01646250
1135	0.54548100	0.52898900	0.01649190
1136	0.53927600	0.52275200	0.01652450
1137	0.53300400	0.51644600	0.01655840
1138	0.52672900	0.51013400	0.01659500
1139	0.52051200	0.50388000	0.01663200
1140	0.51443900	0.49776900	0.01667040
1141	0.50860700	0.49189900	0.01670820
1142	0.50311000	0.48636400	0.01674610
1143	0.49801400	0.48123300	0.01678170
1144	0.49337200	0.47655600	0.01681620
1145	0.48919800	0.47235000	0.01684820
1146	0.48550700	0.46862900	0.01687850
1147	0.48236200	0.46545500	0.01690650
1148	0.47981300	0.46287900	0.01693340
1149	0.47785600	0.46089900	0.01695730
1150	0.47651000	0.45953100	0.01697900
1151	0.47568500	0.45868800	0.01699720
1152	0.47534900	0.45833700	0.01701270
1153	0.47546800	0.45844300	0.01702440
1154	0.47598900	0.45895500	0.01703410
1155	0.47687400	0.45983400	0.01704020
1156	0.47814300	0.46109800	0.01704460
1157	0.47975800	0.46271200	0.01704540
1158	0.48167900	0.46463400	0.01704490
1159	0.48386600	0.46682400	0.01704190
1160	0.48627800	0.46923900	0.01703890
1161	0.48891900	0.47188400	0.01703470
1162	0.49181600	0.47478500	0.01703110
1163	0.49495400	0.47792700	0.01702680
1164	0.49834700	0.48132300	0.01702330
1165	0.50203200	0.48501300	0.01701850
1166	0.50600500	0.48899100	0.01701390
1167	0.51024500	0.49323700	0.01700760
1168	0.51468500	0.49768300	0.01700200
1169	0.51928000	0.50228500	0.01699570
1170	0.52399300	0.50700400	0.01698930
1171	0.52880900	0.51182800	0.01698140
1172	0.53375700	0.51678300	0.01697360
1173	0.53884100	0.52187700	0.01696450
1174	0.54403700	0.52708200	0.01695500
1175	0.54928400	0.53234200	0.01694280
1176	0.55458000	0.53765200	0.01692840
1177	0.55988700	0.54297700	0.01691030
1178	0.56509500	0.54820600	0.01688860
1179	0.57012300	0.55326000	0.01686310
1180	0.57483000	0.55799500	0.01683540
1181	0.57910500	0.56230000	0.01680430
1182	0.58295200	0.56618000	0.01677210
1183	0.58629400	0.56955700	0.01673660
1184	0.58901700	0.57231900	0.01669850
1185	0.59111400	0.57445800	0.01665590
1186	0.59261100	0.57600000	0.01661080
1187	0.59353200	0.57697200	0.01656000
1188	0.59392500	0.57741900	0.01650600
1189	0.59380100	0.57735400	0.01644770
1190	0.59321300	0.57682700	0.01638600
1191	0.59217600	0.57585600	0.01631980
1192	0.59078200	0.57453100	0.01625130
1193	0.58910600	0.57292600	0.01617920
1194	0.58726400	0.57115900	0.01610540
1195	0.58537000	0.56934100	0.01602960
1196	0.58353700	0.56758200	0.01595450
1197	0.58185000	0.56597100	0.01587910
1198	0.58042900	0.56462400	0.01580460
1199	0.57927000	0.56354000	0.01573000
1200	0.57844700	0.56279000	0.01565680
1201	0.57794400	0.56236100	0.01558340
1202	0.57773900	0.56222800	0.01551150
1203	0.57781100	0.56237200	0.01543970
1204	0.57812500	0.56275600	0.01536980
1205	0.57865700	0.56335600	0.01530090
1206	0.57933500	0.56410000	0.01523540
1207	0.58016200	0.56499000	0.01517160
1208	0.58113000	0.56601900	0.01511100
1209	0.58228600	0.56723400	0.01505220
1210	0.58365000	0.56865200	0.01499730
1211	0.58524600	0.57030100	0.01494530
1212	0.58707900	0.57218100	0.01489780
1213	0.58914900	0.57429500	0.01485350
1214	0.59143900	0.57662500	0.01481350
1215	0.59395600	0.57918000	0.01477600
1216	0.59667200	0.58192900	0.01474270
1217	0.59958900	0.58487600	0.01471300
1218	0.60268700	0.58799900	0.01468760
1219	0.60597100	0.59130600	0.01466460
1220	0.60941900	0.59477500	0.01464450
1221	0.61303400	0.59840800	0.01462600
1222	0.61679700	0.60218500	0.01461190
1223	0.62067800	0.60607700	0.01460030
1224	0.62463800	0.61004600	0.01459180
1225	0.62864200	0.61405700	0.01458490
1226	0.63264700	0.61806600	0.01458140
1227	0.63665100	0.62207100	0.01457940
1228	0.64065900	0.62607900	0.01457930
1229	0.64468900	0.63011000	0.01457850
1230	0.64875400	0.63417600	0.01457780
1231	0.65286400	0.63828900	0.01457510
1232	0.65694000	0.64236900	0.01457080
1233	0.66097900	0.64641600	0.01456300
1234	0.66495200	0.65039700	0.01455470
1235	0.66887400	0.65432900	0.01454500
1236	0.67275600	0.65822100	0.01453560
1237	0.67655100	0.66202500	0.01452600
1238	0.68021000	0.66569200	0.01451800
1239	0.68367400	0.66916200	0.01451170
1240	0.68692300	0.67241400	0.01450940
1241	0.68994300	0.67543300	0.01451000
1242	0.69271700	0.67820300	0.01451440
1243	0.69525800	0.68073700	0.01452170
1244	0.69754200	0.68300900	0.01453230
1245	0.69959400	0.68504900	0.01454520
1246	0.70135700	0.68679500	0.01456150
1247	0.70281600	0.68823700	0.01457910
1248	0.70385400	0.68925500	0.01459900
1249	0.70438600	0.68976600	0.01461940
1250	0.70433200	0.68969100	0.01464110
1251	0.70368400	0.68902200	0.01466210
1252	0.70244600	0.68776300	0.01468320
1253	0.70067800	0.68597400	0.01470320
1254	0.69845500	0.68373000	0.01472420
1255	0.69591200	0.68116600	0.01474600
1256	0.69313500	0.67836400	0.01477020
1257	0.69019000	0.67539500	0.01479500
1258	0.68715700	0.67233500	0.01482240
1259	0.68409500	0.66924400	0.01485070
1260	0.68107200	0.66619000	0.01488180
1261	0.67811500	0.66320100	0.01491380
1262	0.67520100	0.66025300	0.01494820
1263	0.67239100	0.65740900	0.01498260
1264	0.66973300	0.65471400	0.01501840
1265	0.66725000	0.65219600	0.01505390
1266	0.66495000	0.64985900	0.01509090
1267	0.66283200	0.64770300	0.01512880
1268	0.66091700	0.64574700	0.01516930
1269	0.65920500	0.64399400	0.01521140
1270	0.65770200	0.64244600	0.01525680
1271	0.65642700	0.64112300	0.01530430
1272	0.65540600	0.64005200	0.01535400
1273	0.65462700	0.63922200	0.01540470
1274	0.65409300	0.63863400	0.01545860
1275	0.65375800	0.63824300	0.01551480
1276	0.65360200	0.63802700	0.01557460
1277	0.65354500	0.63790900	0.01563580
1278	0.65355900	0.63786100	0.01569870
1279	0.65356400	0.63780200	0.01576140
1280	0.65352100	0.63769600	0.01582570
1281	0.65338400	0.63749400	0.01588980
1282	0.65312100	0.63716600	0.01595530
1283	0.65270100	0.63668100	0.01602040
1284	0.65211400	0.63602800	0.01608600
1285	0.65135400	0.63520400	0.01615010
1286	0.65042100	0.63420700	0.01621330
1287	0.64929200	0.63301800	0.01627370
1288	0.64800200	0.63166900	0.01633320
1289	0.64658400	0.63019300	0.01639050
1290	0.64507200	0.62862500	0.01644720
1291	0.64350700	0.62700500	0.01650240
1292	0.64191500	0.62535800	0.01655780
1293	0.64031100	0.62369800	0.01661250
1294	0.63870900	0.62204100	0.01666770
1295	0.63712800	0.62040600	0.01672170
1296	0.63557500	0.61879800	0.01677680
1297	0.63403200	0.61720000	0.01683180
1298	0.63248700	0.61559900	0.01688790
1299	0.63092400	0.61398000	0.01694400
1300	0.62931800	0.61231600	0.01700190
1301	0.62760200	0.61054300	0.01705890
1302	0.62574400	0.60862800	0.01711600
1303	0.62370200	0.60653100	0.01717130
1304	0.62143700	0.60421100	0.01722560
1305	0.61891900	0.60164300	0.01727660
1306	0.61613400	0.59880900	0.01732510
1307	0.61308200	0.59571300	0.01736890
1308	0.60979600	0.59238700	0.01740910
1309	0.60632800	0.58888500	0.01744350
1310	0.60272000	0.58524800	0.01747220
1311	0.59905700	0.58156400	0.01749310
1312	0.59537100	0.57786400	0.01750720
1313	0.59172400	0.57421200	0.01751270
1314	0.58817300	0.57066300	0.01751040
1315	0.58471800	0.56721900	0.01749880
1316	0.58133700	0.56385700	0.01748020
1317	0.57795500	0.56050200	0.01745330
1318	0.57450000	0.55708000	0.01742040
1319	0.57086400	0.55348300	0.01738010
1320	0.56699800	0.54966300	0.01733430
1321	0.56285100	0.54557000	0.01728150
1322	0.55846200	0.54124000	0.01722220
1323	0.55383700	0.53667900	0.01715750
1324	0.54901400	0.53192400	0.01708960
1325	0.54405300	0.52703500	0.01701830
1326	0.53901900	0.52207300	0.01694610
1327	0.53401500	0.51714500	0.01687050
1328	0.52900500	0.51221100	0.01679380
1329	0.52404600	0.50733100	0.01671500
1330	0.51913400	0.50249700	0.01663720
1331	0.51429600	0.49773500	0.01656130
1332	0.50952400	0.49303300	0.01649080
1333	0.50485400	0.48843200	0.01642280
1334	0.50028100	0.48392200	0.01635960
1335	0.49584000	0.47954000	0.01629990
1336	0.49153500	0.47529000	0.01624560
1337	0.48737500	0.47117900	0.01619570
1338	0.48338000	0.46722900	0.01615150
1339	0.47960100	0.46348800	0.01611250
1340	0.47611700	0.46003700	0.01608020
1341	0.47296800	0.45691500	0.01605270
1342	0.47018900	0.45415700	0.01603140
1343	0.46778000	0.45176600	0.01601380
1344	0.46577500	0.44977500	0.01600060
1345	0.46419100	0.44820000	0.01599080
1346	0.46308800	0.44710500	0.01598360
1347	0.46254700	0.44656900	0.01597790
1348	0.46259800	0.44662300	0.01597470
1349	0.46327900	0.44730700	0.01597230
1350	0.46458700	0.44861500	0.01597260
1351	0.46654000	0.45056600	0.01597410
1352	0.46913200	0.45315300	0.01597880
1353	0.47229800	0.45631300	0.01598490
1354	0.47599300	0.46000000	0.01599320
1355	0.48015300	0.46415100	0.01600140
1356	0.48472700	0.46871500	0.01601210
1357	0.48974000	0.47371500	0.01602470
1358	0.49519500	0.47915500	0.01604070
1359	0.50111800	0.48506200	0.01605680
1360	0.50752500	0.49145100	0.01607330
1361	0.51443400	0.49834500	0.01608900
1362	0.52185300	0.50574800	0.01610480
1363	0.52979300	0.51367500	0.01611800
1364	0.53826200	0.52213600	0.01612610
1365	0.54720700	0.53108100	0.01612660
1366	0.55649500	0.54037500	0.01612060
1367	0.56588000	0.54977300	0.01610670
1368	0.57505400	0.55896800	0.01608590
1369	0.58371800	0.56766200	0.01605580
1370	0.59167200	0.57565400	0.01601770
1371	0.59884000	0.58287000	0.01596990
1372	0.60527000	0.58935400	0.01591540
1373	0.61109200	0.59524000	0.01585200
1374	0.61639300	0.60061000	0.01578220
1375	0.62124400	0.60553900	0.01570520
1376	0.62563100	0.61000800	0.01562300
1377	0.62951900	0.61398500	0.01553420
1378	0.63283100	0.61739000	0.01544070
1379	0.63552300	0.62018100	0.01534230
1380	0.63756900	0.62232700	0.01524180
1381	0.63898500	0.62384500	0.01513910
1382	0.63977800	0.62474100	0.01503700
1383	0.63999200	0.62505700	0.01493450
1384	0.63969200	0.62485900	0.01483320
1385	0.63902900	0.62429600	0.01473230
1386	0.63807800	0.62344400	0.01463370
1387	0.63699100	0.62245500	0.01453600
1388	0.63586600	0.62142500	0.01444140
1389	0.63481200	0.62046400	0.01434870
1390	0.63384300	0.61958400	0.01425960
1391	0.63301100	0.61883800	0.01417340
1392	0.63235600	0.61826400	0.01409220
1393	0.63191200	0.61789800	0.01401420
1394	0.63165500	0.61771400	0.01394100
1395	0.63155700	0.61768600	0.01387130
1396	0.63156300	0.61775500	0.01380750
1397	0.63162500	0.61787600	0.01374870
1398	0.63172500	0.61802800	0.01369680
1399	0.63183700	0.61818600	0.01365150
1400	0.63197100	0.61835600	0.01361490
1401	0.63212600	0.61854000	0.01358560
1402	0.63233600	0.61877100	0.01356500
1403	0.63262000	0.61906800	0.01355180
1404	0.63301700	0.61947000	0.01354710
1405	0.63353200	0.61998200	0.01354950
1406	0.63418900	0.62062900	0.01356060
1407	0.63495700	0.62137800	0.01357890
1408	0.63579600	0.62219100	0.01360500
1409	0.63667400	0.62303700	0.01363750
1410	0.63756100	0.62388300	0.01367780
1411	0.63844600	0.62472300	0.01372390
1412	0.63934000	0.62556400	0.01377620
1413	0.64022500	0.62639200	0.01383280
1414	0.64111900	0.62722500	0.01389450
1415	0.64202900	0.62807000	0.01395880
1416	0.64297200	0.62894600	0.01402650
1417	0.64395900	0.62986400	0.01409520
1418	0.64502700	0.63086200	0.01416480
1419	0.64615000	0.63191800	0.01423260
1420	0.64735000	0.63304900	0.01430070
1421	0.64859700	0.63423100	0.01436630
1422	0.64995300	0.63552300	0.01442990
1423	0.65141000	0.63692100	0.01448910
1424	0.65299200	0.63844700	0.01454530
1425	0.65470600	0.64010900	0.01459660
1426	0.65655300	0.64190800	0.01464470
1427	0.65847400	0.64378600	0.01468800
1428	0.66040800	0.64568000	0.01472780
1429	0.66225400	0.64749200	0.01476260
1430	0.66390300	0.64910800	0.01479470
1431	0.66524800	0.65042600	0.01482200
1432	0.66628100	0.65143500	0.01484550
1433	0.66690700	0.65204300	0.01486390
1434	0.66704800	0.65217000	0.01487890
1435	0.66671100	0.65182200	0.01488910
1436	0.66592100	0.65102500	0.01489590
1437	0.66475500	0.64985700	0.01489810
1438	0.66328200	0.64838400	0.01489770
1439	0.66162700	0.64673200	0.01489420
1440	0.65990900	0.64501800	0.01489070
1441	0.65825600	0.64337000	0.01488620
1442	0.65673900	0.64185600	0.01488310
1443	0.65542700	0.64054700	0.01487920
1444	0.65432900	0.63945300	0.01487670
1445	0.65344800	0.63857400	0.01487400
1446	0.65275900	0.63788600	0.01487310
1447	0.65224800	0.63737500	0.01487360
1448	0.65185900	0.63698100	0.01487740
1449	0.65156500	0.63668200	0.01488280
1450	0.65134200	0.63645000	0.01489150
1451	0.65117500	0.63627300	0.01490120
1452	0.65105200	0.63614000	0.01491250
1453	0.65094600	0.63602300	0.01492320
1454	0.65085500	0.63592200	0.01493310
1455	0.65078300	0.63584300	0.01494070
1456	0.65074200	0.63579500	0.01494670
1457	0.65073300	0.63578300	0.01494940
1458	0.65080300	0.63585300	0.01495040
1459	0.65094500	0.63599600	0.01494950
1460	0.65117600	0.63622800	0.01494800
1461	0.65147900	0.63653500	0.01494440
1462	0.65183100	0.63688900	0.01494130
1463	0.65216700	0.63722800	0.01493900
1464	0.65246900	0.63752900	0.01493990
1465	0.65272100	0.63777800	0.01494260
1466	0.65289700	0.63794800	0.01494930
1467	0.65296100	0.63800200	0.01495960
1468	0.65287800	0.63790200	0.01497660
1469	0.65263400	0.63763400	0.01499980
1470	0.65224800	0.63721600	0.01503170
1471	0.65175800	0.63668700	0.01507090
1472	0.65117400	0.63605700	0.01511720
1473	0.65051600	0.63534800	0.01516780
1474	0.64976600	0.63454200	0.01522360
1475	0.64893900	0.63365700	0.01528240
1476	0.64801500	0.63266900	0.01534600
1477	0.64699400	0.63158100	0.01541250
1478	0.64589100	0.63040800	0.01548250
1479	0.64473100	0.62917700	0.01555400
1480	0.64351200	0.62788500	0.01562670
1481	0.64224800	0.62655000	0.01569790
1482	0.64093800	0.62517000	0.01576850
1483	0.63962000	0.62378400	0.01583560
1484	0.63831300	0.62241300	0.01589990
1485	0.63707700	0.62111700	0.01595970
1486	0.63594400	0.61992700	0.01601710
1487	0.63496200	0.61889100	0.01607070
1488	0.63414300	0.61802000	0.01612270
1489	0.63351400	0.61734200	0.01617150
1490	0.63306300	0.61684400	0.01621870
1491	0.63279600	0.61653300	0.01626320
1492	0.63272000	0.61641400	0.01630630
1493	0.63280200	0.61645500	0.01634680
1494	0.63301000	0.61662300	0.01638620
1495	0.63329300	0.61686900	0.01642350
1496	0.63360600	0.61714500	0.01646070
1497	0.63390000	0.61740300	0.01649670
1498	0.63413900	0.61760700	0.01653240
1499	0.63430600	0.61773900	0.01656660
1500	0.63438500	0.61778400	0.01660120
1501	0.63435600	0.61772100	0.01663470
1502	0.63420400	0.61753600	0.01666780
1503	0.63392600	0.61722800	0.01669890
1504	0.63350900	0.61678100	0.01672860
1505	0.63293100	0.61617600	0.01675530
1506	0.63217500	0.61539500	0.01677990
1507	0.63119800	0.61439800	0.01680010
1508	0.62997600	0.61315800	0.01681740
1509	0.62851800	0.61168800	0.01683020
1510	0.62681800	0.60997800	0.01684060
1511	0.62491400	0.60806800	0.01684610
1512	0.62281800	0.60597000	0.01684790
1513	0.62055700	0.60371000	0.01684690
1514	0.61813000	0.60128700	0.01684370
1515	0.61556100	0.59872400	0.01683760
1516	0.61283600	0.59600600	0.01683040
1517	0.60995900	0.59313800	0.01682050
1518	0.60692600	0.59011700	0.01680880
1519	0.60375700	0.58696300	0.01679400
1520	0.60045500	0.58367600	0.01677810
1521	0.59703800	0.58027900	0.01675960
1522	0.59352900	0.57678800	0.01674080
1523	0.58992600	0.57320600	0.01671920
1524	0.58623300	0.56953600	0.01669750
1525	0.58245500	0.56578200	0.01667290
1526	0.57860100	0.56195400	0.01664610
1527	0.57466400	0.55804800	0.01661630
1528	0.57065800	0.55407300	0.01658500
1529	0.56655800	0.55000700	0.01655060
1530	0.56238400	0.54587000	0.01651390
1531	0.55814900	0.54167400	0.01647460
1532	0.55386900	0.53743400	0.01643540
1533	0.54954800	0.53315200	0.01639630
1534	0.54520000	0.52884100	0.01635880
1535	0.54081300	0.52449100	0.01632190
1536	0.53634400	0.52005600	0.01628740
1537	0.53180400	0.51555100	0.01625380
1538	0.52723700	0.51101400	0.01622290
1539	0.52265700	0.50646400	0.01619340
1540	0.51812400	0.50195600	0.01616710
1541	0.51372200	0.49757900	0.01614270
1542	0.50950400	0.49338100	0.01612270
1543	0.50549200	0.48938600	0.01610530
1544	0.50172500	0.48563300	0.01609220
1545	0.49822900	0.48214800	0.01608160
1546	0.49502500	0.47894900	0.01607550
1547	0.49213100	0.47605800	0.01607230
1548	0.48958400	0.47351000	0.01607440
1549	0.48740800	0.47132700	0.01608100
1550	0.48561900	0.46952600	0.01609380
1551	0.48424600	0.46813500	0.01611130
1552	0.48331900	0.46718400	0.01613470
1553	0.48286900	0.46670700	0.01616230
1554	0.48290300	0.46670800	0.01619510
1555	0.48342600	0.46719500	0.01623130
1556	0.48446000	0.46818800	0.01627200
1557	0.48601200	0.46969800	0.01631470
1558	0.48808200	0.47172200	0.01635980
1559	0.49066800	0.47426300	0.01640490
1560	0.49375200	0.47730100	0.01645090
1561	0.49729100	0.48079500	0.01649620
1562	0.50123100	0.48468900	0.01654210
1563	0.50550800	0.48892100	0.01658720
1564	0.51006400	0.49343200	0.01663180
1565	0.51482700	0.49815300	0.01667330
1566	0.51973200	0.50301900	0.01671280
1567	0.52470800	0.50795900	0.01674910
1568	0.52972000	0.51293600	0.01678360
1569	0.53476300	0.51794900	0.01681420
1570	0.53982700	0.52298600	0.01684140
1571	0.54490800	0.52804600	0.01686290
1572	0.54999300	0.53311300	0.01688010
1573	0.55508000	0.53818900	0.01689090
1574	0.56011300	0.54321600	0.01689640
1575	0.56507800	0.54818400	0.01689500
1576	0.56994800	0.55306100	0.01688760
1577	0.57469900	0.55782700	0.01687230
1578	0.57923600	0.56238600	0.01685040
1579	0.58347600	0.56665500	0.01682140
1580	0.58735200	0.57056600	0.01678640
1581	0.59081100	0.57406700	0.01674430
1582	0.59381700	0.57712000	0.01669740
1583	0.59635100	0.57970700	0.01664460
1584	0.59842100	0.58183400	0.01658750
1585	0.60005800	0.58353300	0.01652510
1586	0.60133100	0.58487100	0.01645940
1587	0.60227400	0.58588500	0.01638930
1588	0.60296500	0.58664900	0.01631650
1589	0.60342400	0.58718300	0.01624060
1590	0.60368900	0.58752600	0.01616320
1591	0.60375400	0.58767200	0.01608170
1592	0.60361200	0.58761400	0.01599760
1593	0.60326300	0.58735400	0.01590910
1594	0.60270300	0.58688500	0.01581830
1595	0.60192700	0.58620200	0.01572480
1596	0.60095400	0.58532400	0.01563050
1597	0.59982300	0.58428900	0.01553460
1598	0.59861300	0.58317300	0.01544020
1599	0.59741200	0.58206500	0.01534680
1600	0.59633200	0.58107600	0.01525650
1601	0.59547600	0.58030900	0.01516740
1602	0.59495700	0.57987600	0.01508050
1603	0.59479700	0.57980200	0.01499500
1604	0.59500700	0.58009400	0.01491320
1605	0.59550200	0.58066800	0.01483420
1606	0.59621600	0.58145600	0.01476030
1607	0.59706600	0.58237600	0.01469010
1608	0.59802500	0.58340000	0.01462500
1609	0.59904200	0.58447800	0.01456410
1610	0.60017400	0.58566500	0.01450950
1611	0.60141800	0.58695700	0.01446120
1612	0.60282100	0.58840000	0.01442080
1613	0.60438900	0.59000300	0.01438660
1614	0.60613400	0.59177400	0.01435990
1615	0.60803900	0.59369900	0.01433950
1616	0.61009300	0.59576500	0.01432740
1617	0.61226900	0.59794600	0.01432220
1618	0.61454100	0.60021500	0.01432540
1619	0.61689100	0.60255600	0.01433540
1620	0.61932600	0.60497300	0.01435320
1621	0.62183000	0.60745300	0.01437660
1622	0.62440400	0.60999800	0.01440620
1623	0.62703600	0.61259600	0.01444000
1624	0.62972600	0.61524800	0.01447840
1625	0.63246600	0.61794700	0.01451880
1626	0.63527500	0.62071400	0.01456080
1627	0.63819600	0.62359300	0.01460210
1628	0.64128200	0.62663900	0.01464310
1629	0.64459100	0.62990900	0.01468180
1630	0.64811700	0.63339800	0.01471860
1631	0.65183400	0.63708300	0.01475140
1632	0.65573300	0.64095200	0.01478120
1633	0.65976300	0.64495700	0.01480600
1634	0.66386600	0.64903800	0.01482740
1635	0.66799200	0.65314700	0.01484480
1636	0.67211000	0.65725100	0.01485970
1637	0.67622100	0.66135000	0.01487130
1638	0.68028500	0.66540300	0.01488210
1639	0.68422200	0.66933100	0.01489100
1640	0.68797900	0.67307900	0.01490020
1641	0.69150400	0.67659500	0.01490820
1642	0.69472400	0.67980700	0.01491660
1643	0.69756700	0.68264300	0.01492400
1644	0.69994500	0.68501300	0.01493200
1645	0.70182400	0.68688400	0.01493950
1646	0.70315900	0.68821100	0.01494830
1647	0.70392500	0.68896900	0.01495630
1648	0.70411900	0.68915400	0.01496530
1649	0.70376300	0.68879000	0.01497370
1650	0.70292800	0.68794500	0.01498340
1651	0.70171500	0.68672100	0.01499350
1652	0.70024600	0.68524100	0.01500520
1653	0.69859100	0.68357300	0.01501830
1654	0.69687300	0.68183800	0.01503500
1655	0.69515700	0.68010300	0.01505380
1656	0.69353900	0.67846200	0.01507660
1657	0.69201500	0.67691300	0.01510200
1658	0.69061900	0.67548700	0.01513180
1659	0.68934000	0.67417500	0.01516470
1660	0.68817800	0.67297500	0.01520270
1661	0.68709800	0.67185500	0.01524330
1662	0.68610900	0.67082200	0.01528750
1663	0.68521200	0.66987900	0.01533340
1664	0.68443600	0.66905500	0.01538160
1665	0.68380900	0.66837900	0.01542990
1666	0.68338400	0.66790500	0.01547930
1667	0.68318100	0.66765200	0.01552910
1668	0.68319700	0.66761700	0.01557990
1669	0.68342700	0.66779700	0.01562930
1670	0.68385200	0.66817400	0.01567820
1671	0.68445600	0.66873000	0.01572520
1672	0.68517900	0.66940600	0.01577260
1673	0.68600200	0.67018200	0.01582040
1674	0.68689300	0.67102200	0.01587070
1675	0.68782200	0.67189900	0.01592220
1676	0.68874300	0.67276600	0.01597670
1677	0.68961400	0.67358100	0.01603270
1678	0.69044000	0.67434900	0.01609120
1679	0.69119500	0.67504500	0.01615010
1680	0.69185100	0.67564100	0.01621020
1681	0.69234200	0.67607200	0.01627030
1682	0.69264900	0.67631800	0.01633120
1683	0.69275100	0.67636000	0.01639090
1684	0.69267100	0.67622100	0.01645050
1685	0.69239100	0.67588300	0.01650870
1686	0.69192300	0.67535700	0.01656670
1687	0.69122700	0.67460400	0.01662290
1688	0.69031400	0.67363400	0.01667930
1689	0.68922500	0.67249100	0.01673450
1690	0.68794200	0.67115200	0.01678970
1691	0.68645700	0.66961300	0.01684380
1692	0.68476800	0.66786800	0.01689950
1693	0.68288400	0.66592800	0.01695580
1694	0.68082200	0.66381000	0.01701260
1695	0.67858900	0.66152100	0.01706820
1696	0.67617300	0.65904800	0.01712480
1697	0.67355900	0.65637900	0.01718020
1698	0.67071900	0.65348300	0.01723560
1699	0.66766000	0.65037000	0.01728950
1700	0.66441900	0.64707500	0.01734360
1701	0.66100700	0.64361100	0.01739640
1702	0.65745400	0.64000500	0.01744890
1703	0.65377100	0.63627300	0.01749820
1704	0.65000300	0.63245700	0.01754590
1705	0.64616900	0.62857900	0.01758950
1706	0.64228400	0.62465400	0.01762980
1707	0.63833100	0.62066600	0.01766450
1708	0.63430000	0.61660400	0.01769590
1709	0.63016200	0.61244000	0.01772170
1710	0.62590800	0.60816500	0.01774360
1711	0.62153600	0.60377600	0.01776000
1712	0.61704000	0.59926800	0.01777190
1713	0.61237500	0.59459600	0.01777860
1714	0.60753000	0.58974900	0.01778100
1715	0.60253400	0.58475600	0.01777860
1716	0.59741600	0.57964300	0.01777310
1717	0.59223900	0.57447600	0.01776230
1718	0.58703800	0.56929100	0.01774720
1719	0.58182100	0.56409500	0.01772560
1720	0.57655400	0.55885500	0.01769900
1721	0.57125200	0.55358700	0.01766550
1722	0.56586100	0.54823400	0.01762660
1723	0.56038700	0.54280500	0.01758130
1724	0.55484800	0.53731600	0.01753290
1725	0.54924700	0.53176700	0.01748040
1726	0.54358800	0.52616100	0.01742670
1727	0.53788500	0.52051400	0.01737090
1728	0.53214400	0.51482900	0.01731480
1729	0.52642100	0.50916300	0.01725810
1730	0.52077200	0.50356900	0.01720320
1731	0.51523100	0.49808200	0.01714930
1732	0.50987400	0.49277500	0.01709820
1733	0.50474300	0.48769300	0.01704920
1734	0.49987500	0.48287200	0.01700330
1735	0.49531000	0.47835000	0.01695990
1736	0.49108700	0.47416700	0.01692090
1737	0.48720500	0.47032000	0.01688480
1738	0.48361400	0.46676100	0.01685250
1739	0.48033300	0.46350900	0.01682390
1740	0.47743300	0.46063200	0.01680060
1741	0.47497800	0.45819700	0.01678090
1742	0.47304100	0.45627300	0.01676780
1743	0.47168300	0.45492200	0.01676010
1744	0.47095900	0.45420100	0.01675830
1745	0.47090200	0.45414300	0.01675920
1746	0.47141300	0.45465100	0.01676240
1747	0.47246200	0.45569500	0.01676630
1748	0.47400600	0.45723500	0.01677120
1749	0.47605100	0.45927600	0.01677550
1750	0.47862600	0.46184600	0.01678040
1751	0.48168600	0.46490100	0.01678480
1752	0.48521200	0.46842200	0.01679040
1753	0.48918100	0.47238500	0.01679580
1754	0.49356800	0.47676600	0.01680260
1755	0.49834200	0.48153400	0.01680840
1756	0.50347400	0.48666000	0.01681360
1757	0.50895000	0.49213300	0.01681630
1758	0.51473800	0.49792100	0.01681750
1759	0.52081500	0.50400000	0.01681480
1760	0.52712500	0.51031500	0.01681010
1761	0.53357500	0.51677500	0.01680070
1762	0.54005400	0.52326600	0.01678810
1763	0.54643200	0.52966200	0.01677030
1764	0.55254000	0.53579100	0.01674820
1765	0.55823200	0.54151200	0.01671970
1766	0.56343800	0.54675000	0.01668720
1767	0.56814200	0.55149200	0.01665010
1768	0.57237500	0.55576500	0.01661010
1769	0.57623200	0.55966600	0.01656570
1770	0.57978700	0.56326900	0.01651840
1771	0.58312700	0.56666000	0.01646680
1772	0.58628100	0.56986900	0.01641230
1773	0.58924900	0.57289500	0.01635390
1774	0.59197600	0.57568300	0.01629300
1775	0.59440700	0.57817900	0.01622810
1776	0.59644900	0.58028700	0.01616140
1777	0.59804500	0.58195200	0.01609240
1778	0.59918300	0.58316000	0.01602310
1779	0.59985800	0.58390400	0.01595350
1780	0.60008200	0.58419700	0.01588480
1781	0.59991200	0.58409500	0.01581650
1782	0.59942300	0.58367200	0.01575090
1783	0.59869800	0.58301100	0.01568680
1784	0.59783800	0.58221300	0.01562510
1785	0.59695000	0.58138500	0.01556470
1786	0.59614500	0.58063700	0.01550750
1787	0.59551000	0.58005800	0.01545190
1788	0.59510100	0.57970200	0.01539940
1789	0.59494100	0.57959200	0.01534870
1790	0.59503100	0.57973000	0.01530140
1791	0.59535000	0.58009500	0.01525480
1792	0.59586500	0.58065500	0.01521010
1793	0.59653300	0.58136700	0.01516620
1794	0.59729600	0.58217100	0.01512530
1795	0.59811600	0.58303000	0.01508590
1796	0.59895500	0.58390500	0.01504970
1797	0.59980100	0.58478500	0.01501580
1798	0.60064200	0.58565600	0.01498640
1799	0.60148400	0.58652400	0.01496020
1800	0.60233200	0.58739300	0.01493870
1801	0.60319500	0.58827500	0.01492000
1802	0.60409900	0.58919400	0.01490550
1803	0.60507200	0.59017800	0.01489360
1804	0.60614300	0.59125800	0.01488570
1805	0.60733800	0.59245700	0.01488030
1806	0.60867900	0.59380100	0.01487840
1807	0.61019000	0.59531300	0.01487680
1808	0.61189100	0.59701500	0.01487640
1809	0.61377100	0.59889400	0.01487650
1810	0.61579400	0.60091400	0.01487970
1811	0.61792200	0.60303700	0.01488470
1812	0.62012400	0.60523100	0.01489250
1813	0.62236800	0.60746800	0.01490020
1814	0.62464300	0.60973300	0.01491010
1815	0.62692400	0.61200400	0.01492060
1816	0.62922600	0.61429400	0.01493220
1817	0.63147700	0.61653400	0.01494330
1818	0.63370000	0.61874500	0.01495520
1819	0.63590800	0.62094200	0.01496660
1820	0.63811600	0.62313800	0.01497860
1821	0.64034800	0.62535800	0.01499010
1822	0.64261000	0.62760700	0.01500250
1823	0.64491900	0.62990500	0.01501420
1824	0.64727800	0.63225300	0.01502570
1825	0.64972100	0.63468500	0.01503640
1826	0.65223500	0.63718700	0.01504790
1827	0.65480800	0.63974900	0.01505890
1828	0.65739100	0.64232100	0.01507050
1829	0.65996400	0.64488300	0.01508130
1830	0.66246300	0.64737000	0.01509270
1831	0.66488600	0.64978300	0.01510290
1832	0.66718500	0.65207200	0.01511320
1833	0.66934900	0.65422800	0.01512130
1834	0.67130100	0.65617200	0.01512880
1835	0.67298300	0.65784900	0.01513380
1836	0.67432000	0.65918200	0.01513790
1837	0.67532700	0.66018600	0.01514020
1838	0.67602100	0.66087700	0.01514330
1839	0.67646600	0.66132000	0.01514660
1840	0.67674500	0.66159400	0.01515180
1841	0.67683700	0.66168000	0.01515730
1842	0.67690700	0.66174200	0.01516510
1843	0.67704900	0.66187500	0.01517400
1844	0.67732300	0.66213700	0.01518630
1845	0.67775700	0.66255600	0.01520020
1846	0.67836700	0.66315100	0.01521670
1847	0.67913700	0.66390300	0.01523360
1848	0.68000800	0.66475600	0.01525200
1849	0.68092400	0.66565300	0.01527050
1850	0.68183800	0.66654700	0.01529080
1851	0.68273000	0.66741900	0.01531100
1852	0.68358300	0.66825100	0.01533230
1853	0.68436100	0.66900700	0.01535410
1854	0.68507800	0.66969900	0.01537890
1855	0.68572700	0.67032000	0.01540680
1856	0.68634400	0.67090500	0.01543940
1857	0.68693300	0.67145700	0.01547570
1858	0.68750900	0.67199100	0.01551750
1859	0.68805400	0.67249100	0.01556310
1860	0.68856500	0.67295100	0.01561430
1861	0.68904300	0.67337200	0.01567050
1862	0.68950600	0.67377400	0.01573260
1863	0.68996100	0.67416200	0.01579930
1864	0.69041000	0.67453800	0.01587220
1865	0.69083200	0.67488400	0.01594800
1866	0.69121800	0.67519100	0.01602740
1867	0.69152600	0.67541600	0.01611040
1868	0.69174700	0.67555000	0.01619670
1869	0.69181400	0.67553100	0.01628290
1870	0.69168200	0.67531100	0.01637080
1871	0.69130400	0.67484500	0.01645920
1872	0.69067200	0.67412300	0.01654960
1873	0.68978100	0.67314200	0.01663940
1874	0.68863200	0.67190200	0.01672950
1875	0.68721200	0.67039400	0.01681830
1876	0.68549400	0.66858800	0.01690610
1877	0.68347100	0.66647900	0.01699180
1878	0.68108300	0.66400600	0.01707660
1879	0.67836000	0.66120100	0.01715900
1880	0.67531200	0.65807300	0.01723890
1881	0.67192000	0.65460600	0.01731420
1882	0.66816900	0.65078400	0.01738510
1883	0.66405800	0.64660900	0.01744880
1884	0.65959100	0.64208500	0.01750610
1885	0.65478900	0.63723300	0.01755600
1886	0.64967500	0.63207500	0.01759990
1887	0.64424700	0.62660900	0.01763750
1888	0.63852800	0.62085700	0.01767080
1889	0.63252600	0.61482700	0.01769930
1890	0.62629000	0.60856400	0.01772540
1891	0.61981000	0.60206000	0.01774950
1892	0.61314200	0.59536900	0.01777340
1893	0.60627800	0.58848300	0.01779540
1894	0.59926800	0.58145400	0.01781380
1895	0.59212600	0.57430200	0.01782460
1896	0.58489700	0.56706800	0.01782890
1897	0.57755800	0.55973300	0.01782490
1898	0.57013800	0.55232500	0.01781280
1899	0.56263700	0.54484600	0.01779090
1900	0.55510800	0.53734800	0.01776030
1901	0.54758100	0.52986000	0.01772140
1902	0.54012100	0.52244300	0.01767810
1903	0.53283900	0.51520700	0.01763200
1904	0.52587700	0.50829400	0.01758330
1905	0.51932600	0.50179300	0.01753260
1906	0.51325600	0.49577300	0.01748270
1907	0.50765800	0.49022400	0.01743410
1908	0.50246600	0.48507800	0.01738860
1909	0.49765300	0.48030800	0.01734500
1910	0.49316400	0.47585900	0.01730480
1911	0.48899200	0.47172400	0.01726750
1912	0.48505500	0.46781900	0.01723610
1913	0.48136800	0.46415900	0.01720890
1914	0.47789000	0.46070200	0.01718790
1915	0.47469100	0.45751900	0.01717200
1916	0.47173400	0.45457200	0.01716260
1917	0.46905300	0.45189500	0.01715740
1918	0.46658500	0.44942800	0.01715700
1919	0.46434700	0.44718800	0.01715910
1920	0.46233600	0.44517200	0.01716440
1921	0.46058500	0.44341400	0.01717070
1922	0.45908500	0.44190600	0.01717930
1923	0.45785600	0.44066800	0.01718870
1924	0.45688300	0.43968300	0.01719970
1925	0.45617700	0.43896600	0.01721150
1926	0.45572000	0.43849500	0.01722460
1927	0.45550400	0.43826600	0.01723730
1928	0.45557000	0.43831900	0.01725100
1929	0.45592100	0.43865800	0.01726320
1930	0.45654600	0.43927200	0.01727470
1931	0.45742800	0.44014400	0.01728350
1932	0.45858400	0.44129400	0.01729080
1933	0.46000200	0.44270600	0.01729550
1934	0.46165800	0.44435900	0.01729910
1935	0.46353400	0.44623400	0.01729970
1936	0.46558100	0.44828200	0.01729850
1937	0.46775600	0.45046300	0.01729310
1938	0.47001700	0.45273200	0.01728550
1939	0.47241600	0.45514100	0.01727480
1940	0.47506600	0.45780500	0.01726120
1941	0.47805000	0.46080600	0.01724370
1942	0.48150600	0.46428300	0.01722290
1943	0.48552700	0.46832900	0.01719870
1944	0.49016600	0.47299300	0.01717280
1945	0.49544400	0.47830100	0.01714380
1946	0.50126800	0.48415500	0.01711310
1947	0.50753100	0.49045200	0.01707870
1948	0.51417300	0.49713100	0.01704150
1949	0.52115000	0.50415000	0.01700010
1950	0.52844400	0.51148800	0.01695640
1951	0.53596300	0.51905400	0.01690910
1952	0.54353200	0.52667200	0.01686080
1953	0.55093000	0.53412100	0.01680930
1954	0.55804800	0.54129200	0.01675620
1955	0.56466000	0.54796100	0.01669930
1956	0.57059200	0.55395100	0.01664090
1957	0.57564600	0.55906600	0.01658020
1958	0.57984400	0.56332500	0.01651890
1959	0.58328500	0.56683100	0.01645460
1960	0.58617000	0.56978100	0.01638870
1961	0.58864000	0.57232100	0.01631890
1962	0.59079700	0.57455000	0.01624720
1963	0.59269500	0.57652300	0.01617240
1964	0.59434600	0.57824800	0.01609740
1965	0.59569100	0.57967000	0.01602050
1966	0.59670400	0.58076100	0.01594350
1967	0.59734900	0.58148300	0.01586570
1968	0.59763300	0.58184300	0.01578920
1969	0.59756400	0.58185100	0.01571290
1970	0.59719700	0.58155800	0.01563860
1971	0.59657700	0.58101100	0.01556660
1972	0.59581900	0.58032000	0.01549820
1973	0.59503400	0.57960200	0.01543140
1974	0.59435100	0.57898400	0.01536740
1975	0.59390000	0.57859500	0.01530450
1976	0.59374500	0.57850100	0.01524380
1977	0.59393100	0.57874700	0.01518400
1978	0.59440700	0.57928000	0.01512670
1979	0.59516700	0.58009700	0.01507020
1980	0.59611500	0.58109800	0.01501670
1981	0.59720700	0.58224100	0.01496560
1982	0.59837800	0.58345900	0.01491890
1983	0.59961800	0.58474200	0.01487550
1984	0.60090200	0.58606500	0.01483680
1985	0.60225100	0.58745000	0.01480130
1986	0.60360800	0.58883800	0.01477080
1987	0.60502100	0.59027700	0.01474420
1988	0.60647900	0.59175600	0.01472280
1989	0.60799800	0.59329300	0.01470510
1990	0.60956800	0.59487500	0.01469310
1991	0.61117700	0.59649100	0.01468590
1992	0.61281500	0.59813000	0.01468470
1993	0.61445300	0.59976500	0.01468760
1994	0.61608200	0.60138700	0.01469550
1995	0.61768500	0.60297800	0.01470640
1996	0.61927500	0.60455400	0.01472130
1997	0.62091500	0.60617700	0.01473840
1998	0.62264000	0.60788200	0.01475820
1999	0.62444900	0.60967000	0.01477940
2000	0.62634200	0.61153900	0.01480340
2001	0.62828100	0.61345300	0.01482800
2002	0.63025300	0.61539900	0.01485390
2003	0.63225900	0.61738000	0.01487830
2004	0.63432900	0.61942700	0.01490170
2005	0.63647900	0.62155700	0.01492220
2006	0.63871200	0.62377100	0.01494170
2007	0.64102900	0.62607200	0.01495730
2008	0.64342200	0.62845200	0.01496980
2009	0.64587300	0.63089600	0.01497760
2010	0.64837300	0.63339000	0.01498250
2011	0.65089200	0.63590800	0.01498370
2012	0.65342400	0.63844200	0.01498240
2013	0.65603800	0.64106100	0.01497700
2014	0.65862300	0.64365400	0.01496970
2015	0.66117500	0.64621500	0.01496000
2016	0.66371700	0.64876900	0.01494820
2017	0.66620800	0.65127400	0.01493370
2018	0.66860500	0.65368700	0.01491820
2019	0.67082900	0.65593000	0.01489990
2020	0.67281600	0.65793400	0.01488170
2021	0.67449100	0.65962800	0.01486320
2022	0.67589200	0.66104700	0.01484580
2023	0.67695800	0.66212900	0.01482880
2024	0.67760000	0.66278600	0.01481410
2025	0.67781800	0.66301800	0.01480060
2026	0.67768400	0.66289400	0.01478930
2027	0.67731900	0.66253900	0.01477960
2028	0.67684500	0.66207200	0.01477330
2029	0.67640400	0.66163400	0.01476970
2030	0.67606500	0.66129300	0.01477160
2031	0.67587800	0.66109900	0.01477880
2032	0.67585400	0.66106000	0.01479400
2033	0.67596900	0.66115400	0.01481560
2034	0.67617600	0.66133100	0.01484430
2035	0.67643500	0.66155600	0.01487840
2036	0.67672000	0.66180100	0.01491890
2037	0.67700300	0.66203900	0.01496420
2038	0.67724800	0.66223200	0.01501580
2039	0.67746100	0.66238900	0.01507140
2040	0.67764100	0.66250800	0.01513230
2041	0.67779300	0.66259800	0.01519560
2042	0.67793300	0.66267100	0.01526220
2043	0.67808000	0.66274900	0.01533110
2044	0.67824700	0.66284400	0.01540260
2045	0.67843700	0.66296300	0.01547460
2046	0.67861100	0.66306400	0.01554700
2047	0.67875800	0.66314100	0.01561770
2048	0.67884800	0.66316000	0.01568820
2049	0.67887600	0.66312000	0.01575580
2050	0.67884100	0.66301800	0.01582300
2051	0.67877100	0.66288200	0.01588850
2052	0.67865400	0.66270100	0.01595300
2053	0.67849300	0.66247800	0.01601440
2054	0.67829200	0.66221900	0.01607330
2055	0.67805600	0.66192700	0.01612890
2056	0.67777800	0.66159600	0.01618270
2057	0.67747500	0.66124100	0.01623370
2058	0.67714000	0.66085700	0.01628340
2059	0.67678300	0.66045200	0.01633060
2060	0.67639800	0.66002100	0.01637690
2061	0.67598800	0.65956700	0.01642100
2062	0.67554700	0.65908200	0.01646420
2063	0.67506800	0.65856300	0.01650570
2064	0.67453200	0.65798400	0.01654730
2065	0.67390800	0.65731900	0.01658840
2066	0.67316900	0.65653900	0.01663090
2067	0.67228900	0.65561500	0.01667390
2068	0.67125700	0.65453800	0.01671900
2069	0.67007300	0.65330800	0.01676510
2070	0.66871300	0.65190000	0.01681340
2071	0.66718400	0.65032200	0.01686240
2072	0.66549400	0.64858100	0.01691310
2073	0.66363600	0.64667200	0.01696430
2074	0.66159600	0.64457900	0.01701700
2075	0.65939900	0.64232900	0.01706970
2076	0.65703700	0.63991300	0.01712330
2077	0.65448500	0.63730900	0.01717610
2078	0.65172600	0.63449700	0.01722870
2079	0.64873800	0.63145900	0.01727870
2080	0.64550200	0.62817600	0.01732650
2081	0.64201000	0.62464100	0.01736900
2082	0.63829300	0.62088500	0.01740800
2083	0.63432600	0.61688400	0.01744150
2084	0.63008400	0.61261400	0.01746990
2085	0.62559500	0.60810200	0.01749290
2086	0.62084000	0.60332800	0.01751180
2087	0.61579900	0.59827300	0.01752560
2088	0.61046900	0.59293400	0.01753550
2089	0.60485900	0.58731800	0.01754070
2090	0.59898100	0.58143700	0.01754370
2091	0.59286300	0.57532200	0.01754140
2092	0.58655700	0.56901900	0.01753710
2093	0.58012600	0.56259900	0.01752710
2094	0.57365400	0.55614100	0.01751310
2095	0.56717000	0.54967700	0.01749350
2096	0.56067600	0.54320700	0.01746840
2097	0.55416700	0.53673100	0.01743630
2098	0.54768200	0.53028200	0.01739990
2099	0.54123600	0.52387700	0.01735910
2100	0.53489100	0.51757600	0.01731530
2101	0.52863600	0.51136900	0.01726780
2102	0.52246300	0.50524500	0.01721850
2103	0.51637800	0.49921200	0.01716650
2104	0.51044100	0.49332800	0.01711360
2105	0.50469500	0.48763600	0.01705990
2106	0.49917900	0.48217200	0.01700710
2107	0.49396100	0.47700700	0.01695460
2108	0.48909300	0.47218900	0.01690360
2109	0.48466300	0.46781000	0.01685290
2110	0.48070600	0.46390200	0.01680400
2111	0.47725900	0.46050300	0.01675560
2112	0.47429900	0.45759100	0.01670850
2113	0.47186600	0.45520400	0.01666230
2114	0.46994000	0.45332200	0.01661830
2115	0.46855200	0.45197500	0.01657610
2116	0.46769900	0.45116000	0.01653900
2117	0.46748100	0.45097500	0.01650600
2118	0.46786600	0.45138700	0.01647860
2119	0.46888800	0.45243300	0.01645510
2120	0.47056800	0.45413100	0.01643680
2121	0.47294600	0.45652200	0.01642350
2122	0.47600600	0.45959100	0.01641520
2123	0.47962200	0.46321200	0.01640940
2124	0.48376900	0.46736300	0.01640690
2125	0.48853600	0.47213100	0.01640540
2126	0.49374300	0.47733800	0.01640510
2127	0.49939100	0.48298800	0.01640360
2128	0.50529000	0.48888900	0.01640150
2129	0.51136700	0.49497000	0.01639720
2130	0.51751200	0.50111900	0.01639270
2131	0.52381500	0.50742600	0.01638820
2132	0.53017500	0.51379000	0.01638500
2133	0.53655000	0.52016800	0.01638190
2134	0.54288800	0.52650800	0.01637980
2135	0.54910200	0.53272500	0.01637690
2136	0.55508500	0.53871100	0.01637370
2137	0.56070000	0.54433100	0.01636850
2138	0.56580800	0.54944700	0.01636130
2139	0.57037200	0.55402200	0.01635040
2140	0.57437700	0.55804000	0.01633670
2141	0.57794100	0.56162300	0.01631830
2142	0.58119100	0.56489600	0.01629570
2143	0.58421000	0.56794300	0.01626730
2144	0.58707200	0.57083700	0.01623530
2145	0.58981100	0.57361200	0.01619840
2146	0.59240100	0.57624200	0.01615910
2147	0.59474200	0.57862700	0.01611570
2148	0.59676300	0.58069300	0.01607010
2149	0.59835600	0.58233500	0.01602150
2150	0.59951900	0.58354900	0.01597030
2151	0.60020600	0.58429000	0.01591620
2152	0.60043900	0.58457800	0.01586170
2153	0.60020000	0.58439400	0.01580630
2154	0.59952100	0.58376900	0.01575200
2155	0.59843400	0.58273600	0.01569710
2156	0.59704900	0.58140600	0.01564330
2157	0.59543700	0.57984800	0.01558920
2158	0.59374400	0.57820800	0.01553640
2159	0.59209100	0.57660800	0.01548260
2160	0.59061000	0.57518100	0.01542830
2161	0.58939800	0.57402700	0.01537110
2162	0.58851000	0.57319700	0.01531290
2163	0.58798600	0.57273400	0.01525280
2164	0.58780900	0.57261500	0.01519330
2165	0.58798500	0.57285100	0.01513360
2166	0.58846300	0.57338700	0.01507560
2167	0.58921500	0.57419600	0.01501840
2168	0.59020500	0.57524100	0.01496440
2169	0.59142200	0.57650900	0.01491250
2170	0.59285200	0.57798700	0.01486520
2171	0.59450800	0.57968700	0.01482160
2172	0.59637900	0.58159600	0.01478290
2173	0.59846600	0.58371900	0.01474720
2174	0.60075000	0.58603400	0.01471590
2175	0.60320500	0.58851800	0.01468680
2176	0.60579100	0.59112900	0.01466160
2177	0.60848300	0.59384500	0.01463840
2178	0.61124800	0.59662900	0.01461890
2179	0.61407900	0.59947700	0.01460160
2180	0.61699300	0.60240500	0.01458830
2181	0.61998900	0.60541100	0.01457800
2182	0.62305800	0.60848600	0.01457190
2183	0.62619300	0.61162500	0.01456820
2184	0.62942300	0.61485500	0.01456810
2185	0.63270300	0.61813300	0.01457020
2186	0.63597200	0.62139600	0.01457590
2187	0.63919400	0.62461000	0.01458340
2188	0.64235600	0.62776200	0.01459420
2189	0.64545300	0.63084600	0.01460660
2190	0.64847100	0.63384900	0.01462190
2191	0.65142700	0.63678900	0.01463850
2192	0.65432800	0.63967000	0.01465790
2193	0.65717100	0.64249200	0.01467860
2194	0.65995400	0.64525200	0.01470220
2195	0.66267300	0.64794600	0.01472730
2196	0.66536100	0.65060600	0.01475540
2197	0.66803400	0.65324900	0.01478500
2198	0.67069300	0.65587600	0.01481720
2199	0.67330000	0.65845000	0.01485040
2200	0.67592900	0.66104400	0.01488560
2201	0.67855900	0.66363800	0.01492140
2202	0.68110900	0.66615000	0.01495890
2203	0.68350400	0.66850700	0.01499680
2204	0.68568100	0.67064400	0.01503630
2205	0.68758200	0.67250500	0.01507640
2206	0.68917900	0.67406100	0.01511850
2207	0.69043500	0.67527400	0.01516130
2208	0.69130500	0.67609900	0.01520620
2209	0.69174200	0.67649000	0.01525170
2210	0.69171700	0.67641700	0.01529960
2211	0.69124100	0.67589300	0.01534790
2212	0.69029200	0.67489400	0.01539820
2213	0.68885300	0.67340500	0.01544860
2214	0.68696100	0.67146100	0.01549970
2215	0.68464300	0.66909300	0.01554950
2216	0.68204800	0.66645000	0.01559840
2217	0.67928800	0.66364400	0.01564470
2218	0.67651500	0.66082500	0.01568960
2219	0.67382400	0.65809300	0.01573110
2220	0.67129400	0.65552300	0.01577050
2221	0.66895800	0.65315200	0.01580600
2222	0.66683200	0.65099400	0.01583810
2223	0.66493500	0.64907000	0.01586500
2224	0.66326000	0.64737300	0.01588780
2225	0.66177800	0.64587200	0.01590590
2226	0.66045200	0.64453100	0.01592070
2227	0.65924100	0.64330800	0.01593210
2228	0.65812400	0.64218100	0.01594270
2229	0.65706100	0.64110900	0.01595200
2230	0.65607400	0.64011200	0.01596220
2231	0.65513400	0.63916200	0.01597200
2232	0.65424700	0.63826400	0.01598290
2233	0.65340200	0.63740700	0.01599460
2234	0.65262800	0.63661900	0.01600910
2235	0.65194300	0.63591800	0.01602430
2236	0.65134500	0.63530300	0.01604170
2237	0.65080700	0.63474700	0.01605960
2238	0.65028600	0.63420700	0.01607910
2239	0.64974500	0.63364600	0.01609890
2240	0.64914000	0.63301800	0.01612180
2241	0.64842800	0.63228200	0.01614630
2242	0.64757300	0.63139900	0.01617380
2243	0.64650400	0.63030200	0.01620170
2244	0.64519600	0.62896500	0.01623100
2245	0.64358800	0.62732700	0.01626080
2246	0.64171700	0.62542200	0.01629460
2247	0.63957700	0.62324600	0.01633020
2248	0.63721000	0.62084200	0.01636830
2249	0.63464000	0.61823100	0.01640840
2250	0.63190300	0.61545000	0.01645300
2251	0.62897700	0.61247700	0.01649990
2252	0.62587100	0.60931800	0.01655250
2253	0.62257300	0.60596200	0.01661140
2254	0.61910700	0.60243000	0.01667790
2255	0.61548800	0.59873800	0.01674950
2256	0.61174300	0.59491500	0.01682770
2257	0.60784800	0.59093700	0.01691130
2258	0.60381600	0.58681500	0.01700040
2259	0.59966300	0.58257000	0.01709320
2260	0.59538900	0.57819900	0.01719040
2261	0.59098400	0.57369400	0.01728920
2262	0.58646200	0.56907200	0.01738990
2263	0.58185600	0.56436600	0.01748920
2264	0.57719500	0.55960700	0.01758720
2265	0.57246400	0.55478100	0.01768210
2266	0.56773400	0.54995900	0.01777440
2267	0.56301400	0.54515300	0.01786100
2268	0.55833000	0.54038900	0.01794090
2269	0.55373200	0.53572000	0.01801190
2270	0.54925000	0.53117500	0.01807460
2271	0.54490200	0.52677400	0.01812780
2272	0.54071200	0.52253800	0.01817360
2273	0.53664800	0.51843800	0.01820980
2274	0.53266900	0.51443100	0.01823810
2275	0.52877700	0.51052000	0.01825760
2276	0.52495800	0.50668700	0.01827030
2277	0.52120200	0.50292700	0.01827470
2278	0.51750900	0.49923600	0.01827300
2279	0.51385800	0.49559500	0.01826250
2280	0.51025400	0.49200800	0.01824580
2281	0.50669300	0.48847100	0.01822140
2282	0.50321100	0.48501900	0.01819160
2283	0.49980800	0.48165300	0.01815480
2284	0.49653700	0.47842200	0.01811490
2285	0.49344200	0.47537200	0.01807010
2286	0.49060900	0.47258600	0.01802280
2287	0.48808000	0.47010800	0.01797230
2288	0.48595300	0.46803300	0.01792010
2289	0.48428900	0.46642400	0.01786540
2290	0.48316700	0.46535800	0.01780910
2291	0.48265100	0.46490000	0.01775070
2292	0.48274500	0.46505300	0.01769180
2293	0.48345900	0.46582800	0.01763190
2294	0.48476400	0.46719100	0.01757280
2295	0.48662400	0.46911100	0.01751320
2296	0.48897700	0.47152000	0.01745620
2297	0.49178300	0.47438400	0.01739850
2298	0.49503400	0.47769400	0.01733960
2299	0.49871500	0.48143900	0.01727660
2300	0.50277000	0.48555900	0.01721080
2301	0.50694600	0.48980500	0.01714100
2302	0.51109100	0.49402400	0.01706660
2303	0.51506300	0.49807700	0.01698610
2304	0.51872400	0.50182200	0.01690200
2305	0.52197700	0.50516400	0.01681320
2306	0.52477000	0.50804800	0.01672210
2307	0.52716900	0.51054300	0.01662660
2308	0.52935100	0.51282200	0.01652900
2309	0.53145700	0.51502900	0.01642880
2310	0.53358500	0.51725800	0.01632730
2311	0.53575300	0.51952900	0.01622400
2312	0.53791600	0.52179500	0.01612080
2313	0.53999300	0.52397500	0.01601750
2314	0.54187900	0.52596300	0.01591600
2315	0.54351600	0.52770000	0.01581620
2316	0.54491100	0.52919100	0.01572000
2317	0.54602800	0.53039900	0.01562850
2318	0.54688200	0.53133900	0.01554300
2319	0.54753000	0.53206800	0.01546220
2320	0.54807000	0.53268300	0.01538680
2321	0.54861200	0.53329600	0.01531530
2322	0.54926600	0.53401800	0.01524860
2323	0.55013300	0.53494700	0.01518560
2324	0.55126900	0.53614200	0.01512740
2325	0.55271000	0.53763700	0.01507240
2326	0.55445800	0.53943700	0.01502090
2327	0.55649400	0.54152200	0.01497150
2328	0.55878600	0.54386100	0.01492520
2329	0.56129400	0.54641300	0.01488100
2330	0.56395300	0.54911200	0.01484110
2331	0.56670400	0.55189900	0.01480480
2332	0.56948500	0.55471100	0.01477390
2333	0.57226800	0.55752100	0.01474740
2334	0.57500600	0.56027800	0.01472790
2335	0.57771200	0.56299800	0.01471460
2336	0.58037100	0.56566100	0.01470950
2337	0.58301800	0.56830700	0.01471100
2338	0.58563600	0.57091500	0.01472080
2339	0.58821500	0.57347800	0.01473730
2340	0.59074200	0.57598100	0.01476110
2341	0.59324100	0.57845100	0.01478960
2342	0.59572900	0.58090500	0.01482380
2343	0.59822400	0.58336200	0.01486160
2344	0.60075000	0.58584600	0.01490420
2345	0.60331700	0.58836700	0.01495070
2346	0.60594500	0.59094300	0.01500130
2347	0.60859400	0.59354100	0.01505330
2348	0.61127200	0.59616400	0.01510790
2349	0.61398000	0.59881800	0.01516260
2350	0.61668800	0.60147000	0.01521840
2351	0.61941300	0.60414000	0.01527290
2352	0.62210500	0.60677800	0.01532670
2353	0.62475500	0.60937800	0.01537750
2354	0.62735200	0.61192600	0.01542610
2355	0.62987800	0.61440700	0.01547090
2356	0.63237300	0.61685900	0.01551330
2357	0.63482500	0.61927300	0.01555170
2358	0.63728200	0.62169400	0.01558780
2359	0.63980800	0.62418900	0.01561910
2360	0.64243200	0.62678500	0.01564640
2361	0.64512800	0.62945900	0.01566860
2362	0.64785000	0.63216300	0.01568760
2363	0.65051800	0.63481500	0.01570270
2364	0.65306400	0.63734900	0.01571550
2365	0.65541800	0.63969300	0.01572460
2366	0.65754100	0.64181000	0.01573150
2367	0.65936400	0.64362800	0.01573550
2368	0.66084500	0.64510500	0.01573950
2369	0.66194100	0.64619800	0.01574280
2370	0.66263000	0.64688400	0.01574590
2371	0.66289000	0.64714200	0.01574760
2372	0.66274000	0.64699000	0.01574990
2373	0.66224500	0.64649300	0.01575210
2374	0.66146800	0.64571300	0.01575530
2375	0.66053800	0.64477900	0.01575910
2376	0.65960200	0.64383600	0.01576580
2377	0.65874900	0.64297400	0.01577450
2378	0.65802800	0.64224100	0.01578670
2379	0.65744400	0.64164300	0.01580150
2380	0.65699100	0.64117100	0.01581990
2381	0.65665100	0.64081000	0.01584090
2382	0.65642500	0.64055800	0.01586640
2383	0.65628100	0.64038700	0.01589460
2384	0.65620800	0.64028100	0.01592630
2385	0.65618100	0.64022200	0.01595910
2386	0.65620200	0.64020800	0.01599370
2387	0.65625300	0.64022400	0.01602870
2388	0.65635500	0.64028900	0.01606530
2389	0.65652300	0.64042100	0.01610200
2390	0.65678700	0.64064700	0.01614010
2391	0.65714300	0.64096600	0.01617730
2392	0.65759900	0.64138500	0.01621410
2393	0.65812500	0.64187800	0.01624770
2394	0.65870100	0.64242100	0.01627990
2395	0.65925600	0.64294800	0.01630840
2396	0.65975800	0.64342200	0.01633540
2397	0.66015200	0.64379200	0.01635990
2398	0.66043100	0.64404800	0.01638370
2399	0.66056400	0.64415800	0.01640600
2400	0.66054400	0.64411500	0.01642900
2401	0.66038100	0.64392900	0.01645150
2402	0.66008400	0.64361000	0.01647430
2403	0.65965100	0.64315500	0.01649560
2404	0.65907500	0.64255800	0.01651670
2405	0.65833200	0.64179600	0.01653650
2406	0.65741000	0.64085200	0.01655770
2407	0.65626900	0.63968900	0.01657990
2408	0.65490200	0.63829600	0.01660510
2409	0.65329300	0.63666100	0.01663200
2410	0.65143900	0.63477700	0.01666150
2411	0.64936000	0.63266700	0.01669270
2412	0.64708100	0.63035500	0.01672660
2413	0.64464400	0.62788300	0.01676090
2414	0.64207800	0.62528100	0.01679750
2415	0.63942200	0.62258800	0.01683450
2416	0.63668500	0.61981200	0.01687260
2417	0.63386700	0.61695700	0.01691020
2418	0.63093700	0.61398800	0.01694890
2419	0.62791100	0.61092500	0.01698590
2420	0.62481200	0.60778900	0.01702240
2421	0.62163200	0.60457500	0.01705720
2422	0.61837900	0.60128700	0.01709190
2423	0.61506400	0.59793900	0.01712510
2424	0.61168200	0.59452400	0.01715820
2425	0.60824800	0.59105900	0.01718930
2426	0.60479100	0.58757100	0.01721990
2427	0.60132300	0.58407400	0.01724930
2428	0.59784500	0.58056600	0.01727890
2429	0.59433900	0.57703200	0.01730700
2430	0.59081500	0.57348000	0.01733470
2431	0.58726500	0.56990400	0.01736100
2432	0.58368900	0.56630100	0.01738790
2433	0.58005900	0.56264700	0.01741170
2434	0.57634500	0.55891100	0.01743400
2435	0.57249100	0.55503900	0.01745210
2436	0.56844300	0.55097500	0.01746730
2437	0.56417300	0.54669500	0.01747760
2438	0.55967800	0.54219500	0.01748290
2439	0.55494200	0.53746000	0.01748250
2440	0.54992300	0.53244500	0.01747850
2441	0.54457100	0.52710200	0.01746890
2442	0.53889600	0.52144200	0.01745330
2443	0.53291200	0.51548100	0.01743060
2444	0.52665400	0.50925100	0.01740310
2445	0.52013700	0.50276800	0.01736940
2446	0.51345000	0.49611900	0.01733170
2447	0.50666300	0.48937300	0.01728990
2448	0.49984800	0.48260200	0.01724640
2449	0.49303600	0.47583600	0.01720060
2450	0.48626100	0.46910800	0.01715330
2451	0.47956900	0.46246400	0.01710490
2452	0.47300300	0.45594500	0.01705800
2453	0.46658800	0.44957700	0.01701160
2454	0.46036500	0.44339600	0.01696900
2455	0.45437000	0.43744200	0.01692800
2456	0.44863200	0.43174200	0.01689000
2457	0.44319200	0.42633800	0.01685430
2458	0.43809200	0.42127000	0.01682220
2459	0.43336600	0.41657500	0.01679120
2460	0.42904100	0.41227800	0.01676230
2461	0.42513500	0.40840100	0.01673420
2462	0.42157600	0.40486700	0.01670930
2463	0.41844200	0.40175600	0.01668640
2464	0.41576700	0.39910100	0.01666600
2465	0.41363300	0.39698700	0.01664640
2466	0.41206900	0.39544100	0.01662800
2467	0.41110800	0.39449900	0.01660880
2468	0.41071100	0.39412100	0.01658920
2469	0.41084000	0.39427200	0.01656880
2470	0.41162600	0.39507800	0.01654720
2471	0.41309700	0.39657400	0.01652300
2472	0.41528600	0.39878800	0.01649800
2473	0.41818900	0.40171900	0.01647040
2474	0.42178400	0.40534200	0.01644280
2475	0.42602400	0.40961000	0.01641410
2476	0.43090400	0.41451800	0.01638620
2477	0.43642000	0.42006100	0.01635860
2478	0.44251600	0.42618400	0.01633170
2479	0.44907700	0.43277300	0.01630360
2480	0.45601500	0.43974000	0.01627510
2481	0.46325100	0.44700800	0.01624340
2482	0.47069700	0.45448800	0.01620930
2483	0.47831800	0.46214700	0.01617070
2484	0.48608900	0.46996000	0.01612890
2485	0.49398600	0.47790300	0.01608270
2486	0.50194700	0.48591300	0.01603390
2487	0.50997000	0.49398900	0.01598110
2488	0.51793200	0.50200500	0.01592670
2489	0.52572500	0.50985600	0.01586970
2490	0.53328600	0.51747400	0.01581250
2491	0.54061600	0.52486200	0.01575420
2492	0.54770800	0.53201200	0.01569640
2493	0.55463100	0.53899300	0.01563830
2494	0.56143000	0.54584800	0.01558160
2495	0.56813000	0.55260500	0.01552530
2496	0.57473100	0.55926000	0.01547050
2497	0.58118200	0.56576600	0.01541560
2498	0.58739100	0.57202900	0.01536150
2499	0.59321500	0.57790800	0.01530620
2500	0.59853000	0.58327900	0.01525170
