Time	Cd Total	Cd Pressure	Cd Viscous
1	-0.00395116	-0.00494559	0.00099442
2	0.01088570	0.00973207	0.00115361
3	0.02519680	0.02386560	0.00133118
4	0.03076030	0.02925610	0.00150420
5	0.02466890	0.02301880	0.00165011
6	0.00939686	0.00765741	0.00173944
7	-0.00954347	-0.01133360	0.00179016
8	-0.02633120	-0.02816770	0.00183652
9	-0.03671190	-0.03858730	0.00187541
10	-0.03935790	-0.04126070	0.00190287
11	-0.03560560	-0.03753430	0.00192869
12	-0.02802420	-0.02997290	0.00194872
13	-0.01972640	-0.02169380	0.00196739
14	-0.01302570	-0.01499880	0.00197311
15	-0.00911786	-0.01108070	0.00196288
16	-0.00816253	-0.01010700	0.00194447
17	-0.00944809	-0.01136890	0.00192082
18	-0.01184670	-0.01373960	0.00189291
19	-0.01428330	-0.01614350	0.00186016
20	-0.01594530	-0.01777170	0.00182633
21	-0.01653270	-0.01831930	0.00178659
22	-0.01610540	-0.01785560	0.00175012
23	-0.01504090	-0.01675320	0.00171236
24	-0.01377660	-0.01545580	0.00167924
25	-0.01269210	-0.01433980	0.00164769
26	-0.01200290	-0.01362410	0.00162123
27	-0.01177850	-0.01337320	0.00159472
28	-0.01191580	-0.01348560	0.00156987
29	-0.01226360	-0.01380950	0.00154591
30	-0.01259660	-0.01411880	0.00152218
31	-0.01272190	-0.01422060	0.00149867
32	-0.01251150	-0.01398830	0.00147679
33	-0.01190490	-0.01336020	0.00145529
34	-0.01092330	-0.01235810	0.00143475
35	-0.00963324	-0.01104770	0.00141449
36	-0.00818334	-0.00957623	0.00139289
37	-0.00667650	-0.00804798	0.00137148
38	-0.00519111	-0.00654485	0.00135374
39	-0.00377901	-0.00511621	0.00133720
40	-0.00248729	-0.00381005	0.00132277
41	-0.00132246	-0.00263329	0.00131083
42	-0.00025351	-0.00155333	0.00129982
43	0.00076081	-0.00052687	0.00128768
44	0.00177664	0.00050239	0.00127425
45	0.00280949	0.00154772	0.00126177
46	0.00387653	0.00262575	0.00125078
47	0.00497380	0.00373210	0.00124170
48	0.00609476	0.00486047	0.00123429
49	0.00722217	0.00599400	0.00122817
50	0.00833159	0.00710926	0.00122233
51	0.00942626	0.00821137	0.00121489
52	0.01051070	0.00930454	0.00120614
53	0.01159510	0.01039770	0.00119739
54	0.01269840	0.01151080	0.00118760
55	0.01383380	0.01265700	0.00117681
56	0.01500680	0.01384460	0.00116224
57	0.01621300	0.01506560	0.00114741
58	0.01742760	0.01629820	0.00112940
59	0.01863890	0.01752510	0.00111376
60	0.01981920	0.01872020	0.00109900
61	0.02096320	0.01987700	0.00108615
62	0.02206050	0.02098740	0.00107312
63	0.02308860	0.02202790	0.00106066
64	0.02404210	0.02299460	0.00104753
65	0.02492820	0.02389260	0.00103559
66	0.02575420	0.02473130	0.00102288
67	0.02653080	0.02552140	0.00100946
68	0.02727440	0.02627910	0.00099536
69	0.02798160	0.02700080	0.00098081
70	0.02863160	0.02766620	0.00096543
71	0.02922910	0.02828020	0.00094897
72	0.02976880	0.02883670	0.00093207
73	0.03024460	0.02933030	0.00091434
74	0.03063490	0.02973930	0.00089567
75	0.03092820	0.03005230	0.00087586
76	0.03113170	0.03027570	0.00085598
77	0.03125790	0.03042150	0.00083637
78	0.03131900	0.03050120	0.00081780
79	0.03135400	0.03055350	0.00080045
80	0.03138020	0.03059620	0.00078409
81	0.03143870	0.03066830	0.00077048
82	0.03153030	0.03077210	0.00075815
83	0.03166390	0.03091600	0.00074785
84	0.03184700	0.03110950	0.00073755
85	0.03206870	0.03134040	0.00072824
86	0.03230770	0.03158900	0.00071870
87	0.03256490	0.03185500	0.00070995
88	0.03282230	0.03212060	0.00070170
89	0.03305690	0.03236140	0.00069549
90	0.03322960	0.03253940	0.00069013
91	0.03334500	0.03265910	0.00068590
92	0.03341980	0.03273710	0.00068274
93	0.03348620	0.03280490	0.00068129
94	0.03357040	0.03288920	0.00068123
95	0.03368160	0.03299840	0.00068323
96	0.03380030	0.03311220	0.00068808
97	0.03391100	0.03321700	0.00069394
98	0.03399630	0.03329630	0.00070007
99	0.03405590	0.03334970	0.00070620
100	0.03408590	0.03337430	0.00071161
101	0.03409810	0.03338140	0.00071672
102	0.03410770	0.03338580	0.00072191
103	0.03410820	0.03338080	0.00072742
104	0.03411100	0.03337700	0.00073404
105	0.03413420	0.03339230	0.00074186
106	0.03419590	0.03344530	0.00075058
107	0.03430480	0.03354470	0.00076006
108	0.03444870	0.03367970	0.00076902
109	0.03460590	0.03382950	0.00077640
110	0.03476470	0.03398320	0.00078147
111	0.03489670	0.03411220	0.00078451
112	0.03496680	0.03418080	0.00078605
113	0.03496750	0.03418100	0.00078654
114	0.03489550	0.03411020	0.00078528
115	0.03475120	0.03396920	0.00078195
116	0.03454270	0.03376530	0.00077738
117	0.03425230	0.03348080	0.00077143
118	0.03385710	0.03309300	0.00076411
119	0.03334450	0.03258930	0.00075518
120	0.03270730	0.03196200	0.00074528
121	0.03193980	0.03120560	0.00073414
122	0.03104270	0.03032100	0.00072176
123	0.03000980	0.02930130	0.00070848
124	0.02884780	0.02815290	0.00069490
125	0.02756770	0.02688640	0.00068134
126	0.02619830	0.02553010	0.00066816
127	0.02477050	0.02411540	0.00065509
128	0.02331460	0.02267260	0.00064194
129	0.02186980	0.02124110	0.00062874
130	0.02048630	0.01987080	0.00061558
131	0.01922060	0.01861840	0.00060219
132	0.01812800	0.01753970	0.00058828
133	0.01724510	0.01666980	0.00057528
134	0.01661180	0.01604800	0.00056374
135	0.01625800	0.01570470	0.00055324
136	0.01618500	0.01564090	0.00054410
137	0.01636440	0.01582860	0.00053586
138	0.01674800	0.01621990	0.00052815
139	0.01730220	0.01678190	0.00052035
140	0.01800260	0.01749080	0.00051180
141	0.01884520	0.01834190	0.00050332
142	0.01981950	0.01932470	0.00049486
143	0.02093860	0.02045190	0.00048675
144	0.02220360	0.02172420	0.00047937
145	0.02360550	0.02313170	0.00047388
146	0.02509820	0.02462800	0.00047019
147	0.02663210	0.02616390	0.00046820
148	0.02813810	0.02767050	0.00046765
149	0.02957750	0.02910840	0.00046910
150	0.03089340	0.03041950	0.00047383
151	0.03202730	0.03154520	0.00048207
152	0.03292510	0.03243120	0.00049387
153	0.03355190	0.03304450	0.00050736
154	0.03388140	0.03335880	0.00052259
155	0.03390510	0.03336610	0.00053904
156	0.03362870	0.03307500	0.00055370
157	0.03308140	0.03251610	0.00056532
158	0.03230060	0.03172680	0.00057385
159	0.03133120	0.03075270	0.00057850
160	0.03022030	0.02963960	0.00058073
161	0.02903350	0.02845290	0.00058058
162	0.02784440	0.02726600	0.00057848
163	0.02671940	0.02614420	0.00057516
164	0.02571640	0.02514540	0.00057100
165	0.02488790	0.02432250	0.00056543
166	0.02426620	0.02370800	0.00055813
167	0.02385970	0.02331110	0.00054862
168	0.02366120	0.02312490	0.00053629
169	0.02364590	0.02312550	0.00052038
170	0.02379160	0.02329100	0.00050056
171	0.02406350	0.02358510	0.00047841
172	0.02442560	0.02397050	0.00045506
173	0.02483690	0.02440550	0.00043144
174	0.02526700	0.02485610	0.00041090
175	0.02569630	0.02530260	0.00039373
176	0.02613340	0.02575430	0.00037913
177	0.02658500	0.02621690	0.00036809
178	0.02704680	0.02668520	0.00036155
179	0.02752700	0.02716740	0.00035953
180	0.02797240	0.02761160	0.00036075
181	0.02832900	0.02796520	0.00036379
182	0.02857290	0.02820530	0.00036760
183	0.02868540	0.02831310	0.00037230
184	0.02864590	0.02826840	0.00037750
185	0.02845940	0.02807680	0.00038260
186	0.02815390	0.02776660	0.00038729
187	0.02775410	0.02736220	0.00039183
188	0.02728810	0.02689170	0.00039633
189	0.02677600	0.02637470	0.00040123
190	0.02623780	0.02583060	0.00040717
191	0.02569930	0.02528530	0.00041402
192	0.02518150	0.02475990	0.00042162
193	0.02469740	0.02426820	0.00042912
194	0.02426960	0.02383410	0.00043552
195	0.02391670	0.02347610	0.00044061
196	0.02365890	0.02321390	0.00044502
197	0.02350510	0.02305650	0.00044857
198	0.02347370	0.02302290	0.00045071
199	0.02357070	0.02311980	0.00045087
200	0.02380480	0.02335610	0.00044880
201	0.02417630	0.02373180	0.00044457
202	0.02468910	0.02424960	0.00043946
203	0.02533640	0.02490180	0.00043459
204	0.02609600	0.02566640	0.00042961
205	0.02694580	0.02652160	0.00042424
206	0.02785850	0.02743890	0.00041960
207	0.02881040	0.02839620	0.00041421
208	0.02977280	0.02936300	0.00040986
209	0.03071250	0.03030740	0.00040507
210	0.03158770	0.03118660	0.00040109
211	0.03236820	0.03197210	0.00039612
212	0.03302180	0.03263000	0.00039182
213	0.03352660	0.03313970	0.00038696
214	0.03388000	0.03349650	0.00038352
215	0.03409350	0.03371340	0.00038011
216	0.03419100	0.03381270	0.00037832
217	0.03419110	0.03381450	0.00037654
218	0.03410830	0.03373230	0.00037604
219	0.03394850	0.03357330	0.00037522
220	0.03372790	0.03335250	0.00037533
221	0.03345210	0.03307740	0.00037472
222	0.03314020	0.03276560	0.00037459
223	0.03279110	0.03241750	0.00037354
224	0.03241490	0.03204160	0.00037327
225	0.03201220	0.03163960	0.00037252
226	0.03158600	0.03121310	0.00037286
227	0.03114640	0.03077370	0.00037268
228	0.03069590	0.03032240	0.00037349
229	0.03024110	0.02986750	0.00037357
230	0.02978190	0.02940730	0.00037461
231	0.02932270	0.02894780	0.00037490
232	0.02887020	0.02849470	0.00037548
233	0.02842760	0.02805310	0.00037445
234	0.02799960	0.02762610	0.00037345
235	0.02758070	0.02720970	0.00037100
236	0.02717070	0.02680200	0.00036868
237	0.02676560	0.02640070	0.00036496
238	0.02635800	0.02599670	0.00036139
239	0.02594320	0.02558700	0.00035622
240	0.02551910	0.02516810	0.00035101
241	0.02509140	0.02474710	0.00034425
242	0.02466650	0.02432900	0.00033756
243	0.02423990	0.02391060	0.00032929
244	0.02380950	0.02348840	0.00032114
245	0.02336970	0.02305820	0.00031148
246	0.02292150	0.02261960	0.00030182
247	0.02246860	0.02217820	0.00029043
248	0.02202510	0.02174580	0.00027927
249	0.02160090	0.02133410	0.00026687
250	0.02120800	0.02095290	0.00025508
251	0.02086210	0.02061970	0.00024232
252	0.02057780	0.02034670	0.00023110
253	0.02036460	0.02014450	0.00022007
254	0.02024310	0.02003310	0.00020998
255	0.02022200	0.02002330	0.00019862
256	0.02030740	0.02011940	0.00018805
257	0.02050200	0.02032330	0.00017864
258	0.02080110	0.02063110	0.00016998
259	0.02118940	0.02102890	0.00016049
260	0.02164770	0.02149390	0.00015374
261	0.02214080	0.02199290	0.00014783
262	0.02263780	0.02249490	0.00014293
263	0.02310780	0.02297030	0.00013744
264	0.02353030	0.02339830	0.00013201
265	0.02390310	0.02377720	0.00012595
266	0.02423850	0.02411760	0.00012096
267	0.02456530	0.02444930	0.00011607
268	0.02490240	0.02479020	0.00011215
269	0.02526640	0.02515840	0.00010806
270	0.02565710	0.02555230	0.00010476
271	0.02606830	0.02596690	0.00010135
272	0.02648070	0.02638230	0.00009845
273	0.02687580	0.02677850	0.00009732
274	0.02723290	0.02713360	0.00009924
275	0.02752670	0.02742490	0.00010180
276	0.02774190	0.02763590	0.00010603
277	0.02787960	0.02776950	0.00011006
278	0.02794580	0.02783050	0.00011531
279	0.02795990	0.02783980	0.00012013
280	0.02793880	0.02781240	0.00012631
281	0.02790750	0.02777500	0.00013250
282	0.02788380	0.02774340	0.00014043
283	0.02788200	0.02773370	0.00014828
284	0.02789930	0.02774140	0.00015782
285	0.02792920	0.02776170	0.00016757
286	0.02795380	0.02777470	0.00017916
287	0.02794590	0.02775540	0.00019051
288	0.02789160	0.02768890	0.00020274
289	0.02778410	0.02757050	0.00021365
290	0.02762540	0.02740070	0.00022474
291	0.02742470	0.02719080	0.00023394
292	0.02719370	0.02695070	0.00024293
293	0.02694030	0.02669020	0.00025011
294	0.02668280	0.02642580	0.00025708
295	0.02643250	0.02617050	0.00026207
296	0.02619490	0.02592830	0.00026656
297	0.02597110	0.02570230	0.00026885
298	0.02576060	0.02549010	0.00027048
299	0.02556180	0.02529180	0.00026996
300	0.02537390	0.02510480	0.00026909
301	0.02519470	0.02492830	0.00026641
302	0.02502080	0.02475700	0.00026387
303	0.02484850	0.02458880	0.00025968
304	0.02468410	0.02442820	0.00025594
305	0.02452090	0.02427030	0.00025061
306	0.02436510	0.02411900	0.00024607
307	0.02421670	0.02397620	0.00024044
308	0.02407900	0.02384330	0.00023579
309	0.02395480	0.02372470	0.00023011
310	0.02385750	0.02363160	0.00022589
311	0.02378890	0.02356800	0.00022092
312	0.02375840	0.02354090	0.00021753
313	0.02376510	0.02355140	0.00021372
314	0.02381230	0.02360070	0.00021156
315	0.02389730	0.02368830	0.00020898
316	0.02401820	0.02381030	0.00020794
317	0.02416900	0.02396240	0.00020656
318	0.02434720	0.02414060	0.00020664
319	0.02454770	0.02434130	0.00020634
320	0.02476650	0.02455910	0.00020742
321	0.02499950	0.02479130	0.00020819
322	0.02523930	0.02502900	0.00021025
323	0.02547980	0.02526780	0.00021196
324	0.02571470	0.02549980	0.00021490
325	0.02593400	0.02571650	0.00021751
326	0.02613240	0.02591110	0.00022131
327	0.02629510	0.02607060	0.00022445
328	0.02641700	0.02618860	0.00022843
329	0.02649380	0.02626220	0.00023165
330	0.02652810	0.02629260	0.00023555
331	0.02652660	0.02628800	0.00023866
332	0.02649640	0.02625400	0.00024239
333	0.02644580	0.02620040	0.00024536
334	0.02638470	0.02613580	0.00024891
335	0.02632100	0.02606950	0.00025142
336	0.02626480	0.02601040	0.00025442
337	0.02622270	0.02596630	0.00025644
338	0.02620360	0.02594460	0.00025902
339	0.02621070	0.02595010	0.00026060
340	0.02624950	0.02598670	0.00026272
341	0.02631930	0.02605540	0.00026395
342	0.02642270	0.02615680	0.00026584
343	0.02655170	0.02628480	0.00026691
344	0.02670260	0.02643390	0.00026871
345	0.02686520	0.02659530	0.00026982
346	0.02703120	0.02675920	0.00027198
347	0.02719530	0.02692160	0.00027369
348	0.02735470	0.02707830	0.00027633
349	0.02750220	0.02722390	0.00027835
350	0.02763440	0.02735320	0.00028126
351	0.02774620	0.02746280	0.00028340
352	0.02783860	0.02755230	0.00028630
353	0.02790370	0.02761570	0.00028803
354	0.02793530	0.02764520	0.00029010
355	0.02792950	0.02763860	0.00029090
356	0.02788550	0.02759340	0.00029218
357	0.02780060	0.02750850	0.00029214
358	0.02767470	0.02738250	0.00029219
359	0.02750870	0.02721780	0.00029084
360	0.02730560	0.02701590	0.00028968
361	0.02706650	0.02677950	0.00028701
362	0.02679460	0.02651000	0.00028452
363	0.02650030	0.02621950	0.00028076
364	0.02619520	0.02591790	0.00027735
365	0.02589160	0.02561890	0.00027279
366	0.02560620	0.02533720	0.00026893
367	0.02534460	0.02508040	0.00026423
368	0.02512070	0.02486030	0.00026043
369	0.02493660	0.02468080	0.00025581
370	0.02479720	0.02454540	0.00025182
371	0.02469650	0.02444970	0.00024682
372	0.02462980	0.02438710	0.00024269
373	0.02459170	0.02435430	0.00023744
374	0.02457840	0.02434550	0.00023285
375	0.02458190	0.02435450	0.00022738
376	0.02459470	0.02437180	0.00022293
377	0.02461170	0.02439390	0.00021777
378	0.02463560	0.02442190	0.00021370
379	0.02466170	0.02445280	0.00020892
380	0.02469010	0.02448520	0.00020490
381	0.02472460	0.02452460	0.00020009
382	0.02477170	0.02457530	0.00019640
383	0.02482730	0.02463490	0.00019240
384	0.02490000	0.02471010	0.00018991
385	0.02499120	0.02480380	0.00018743
386	0.02511010	0.02492360	0.00018647
387	0.02525960	0.02507430	0.00018527
388	0.02544200	0.02525680	0.00018516
389	0.02565340	0.02546880	0.00018468
390	0.02589980	0.02571480	0.00018496
391	0.02618130	0.02599720	0.00018411
392	0.02650040	0.02631700	0.00018339
393	0.02685790	0.02667650	0.00018142
394	0.02725360	0.02707370	0.00017985
395	0.02767910	0.02750170	0.00017733
396	0.02812350	0.02794800	0.00017557
397	0.02857090	0.02839780	0.00017318
398	0.02899810	0.02882610	0.00017203
399	0.02938230	0.02921160	0.00017066
400	0.02971060	0.02953990	0.00017075
401	0.02997930	0.02980850	0.00017080
402	0.03019240	0.03001990	0.00017243
403	0.03036050	0.03018650	0.00017405
404	0.03049780	0.03032070	0.00017719
405	0.03061600	0.03043590	0.00018013
406	0.03072920	0.03054480	0.00018434
407	0.03084800	0.03066000	0.00018804
408	0.03097820	0.03078560	0.00019261
409	0.03111700	0.03092060	0.00019643
410	0.03125860	0.03105760	0.00020102
411	0.03139240	0.03118760	0.00020480
412	0.03150760	0.03129820	0.00020936
413	0.03159090	0.03137780	0.00021302
414	0.03163240	0.03141510	0.00021728
415	0.03162530	0.03140480	0.00022042
416	0.03156920	0.03134510	0.00022407
417	0.03146350	0.03123690	0.00022663
418	0.03131210	0.03108240	0.00022971
419	0.03111850	0.03088670	0.00023174
420	0.03088790	0.03065360	0.00023429
421	0.03062770	0.03039210	0.00023566
422	0.03034840	0.03011110	0.00023729
423	0.03006040	0.02982270	0.00023775
424	0.02977840	0.02953970	0.00023870
425	0.02951010	0.02927150	0.00023858
426	0.02926920	0.02903030	0.00023889
427	0.02906440	0.02882620	0.00023819
428	0.02890540	0.02866750	0.00023791
429	0.02879260	0.02855590	0.00023668
430	0.02873280	0.02849700	0.00023576
431	0.02872440	0.02849070	0.00023369
432	0.02876950	0.02853780	0.00023177
433	0.02886100	0.02863230	0.00022870
434	0.02899560	0.02876980	0.00022579
435	0.02916640	0.02894460	0.00022179
436	0.02936920	0.02915130	0.00021795
437	0.02959520	0.02938200	0.00021319
438	0.02983830	0.02962950	0.00020882
439	0.03009110	0.02988740	0.00020366
440	0.03034830	0.03014970	0.00019855
441	0.03060460	0.03041220	0.00019240
442	0.03085840	0.03067190	0.00018658
443	0.03110510	0.03092450	0.00018060
444	0.03134190	0.03116650	0.00017541
445	0.03156580	0.03139590	0.00016990
446	0.03177450	0.03160950	0.00016495
447	0.03196390	0.03180440	0.00015946
448	0.03213140	0.03197700	0.00015437
449	0.03227430	0.03212570	0.00014867
450	0.03239100	0.03224750	0.00014356
451	0.03248150	0.03234330	0.00013820
452	0.03254700	0.03241330	0.00013374
453	0.03258710	0.03245800	0.00012908
454	0.03260280	0.03247770	0.00012509
455	0.03259620	0.03247570	0.00012055
456	0.03257100	0.03245440	0.00011665
457	0.03252730	0.03241480	0.00011245
458	0.03246850	0.03235890	0.00010959
459	0.03239730	0.03229090	0.00010648
460	0.03231850	0.03221420	0.00010435
461	0.03223380	0.03213260	0.00010121
462	0.03214820	0.03204940	0.00009881
463	0.03206360	0.03196720	0.00009639
464	0.03198520	0.03189000	0.00009521
465	0.03191180	0.03181840	0.00009336
466	0.03184300	0.03175050	0.00009244
467	0.03177440	0.03168370	0.00009072
468	0.03170970	0.03161980	0.00008994
469	0.03164640	0.03155800	0.00008844
470	0.03158690	0.03149910	0.00008786
471	0.03152870	0.03144210	0.00008661
472	0.03147370	0.03138760	0.00008612
473	0.03142020	0.03133540	0.00008487
474	0.03136890	0.03128440	0.00008443
475	0.03131800	0.03123470	0.00008329
476	0.03126670	0.03118380	0.00008288
477	0.03121050	0.03112880	0.00008171
478	0.03114880	0.03106740	0.00008136
479	0.03107920	0.03099880	0.00008033
480	0.03100000	0.03092000	0.00007994
481	0.03090510	0.03082650	0.00007864
482	0.03079300	0.03071520	0.00007777
483	0.03066060	0.03058480	0.00007584
484	0.03051080	0.03043650	0.00007426
485	0.03034280	0.03027120	0.00007162
486	0.03015950	0.03009020	0.00006928
487	0.02996720	0.02990140	0.00006580
488	0.02978010	0.02971740	0.00006267
489	0.02959740	0.02953880	0.00005854
490	0.02942600	0.02937100	0.00005503
491	0.02926080	0.02920990	0.00005090
492	0.02910300	0.02905530	0.00004777
493	0.02895150	0.02890730	0.00004424
494	0.02880550	0.02876360	0.00004187
495	0.02866000	0.02862080	0.00003915
496	0.02851730	0.02847970	0.00003768
497	0.02837520	0.02833940	0.00003577
498	0.02823940	0.02820450	0.00003492
499	0.02811330	0.02807970	0.00003361
500	0.02800080	0.02796740	0.00003345
501	0.02790880	0.02787600	0.00003280
502	0.02784100	0.02780770	0.00003328
503	0.02780540	0.02777230	0.00003310
504	0.02781180	0.02777830	0.00003358
505	0.02786450	0.02783150	0.00003300
506	0.02796930	0.02793650	0.00003283
507	0.02813420	0.02810280	0.00003134
508	0.02836490	0.02833470	0.00003022
509	0.02865560	0.02862760	0.00002794
510	0.02900460	0.02897860	0.00002600
511	0.02940700	0.02938410	0.00002285
512	0.02984680	0.02982690	0.00001999
513	0.03030740	0.03029150	0.00001595
514	0.03077130	0.03075850	0.00001279
515	0.03122350	0.03121430	0.00000923
516	0.03165230	0.03164520	0.00000706
517	0.03204550	0.03204080	0.00000470
518	0.03239460	0.03239100	0.00000358
519	0.03269190	0.03269000	0.00000190
520	0.03293650	0.03293540	0.00000111
521	0.03312440	0.03312480	-0.00000043
522	0.03325540	0.03325660	-0.00000122
523	0.03332750	0.03333030	-0.00000288
524	0.03335020	0.03335400	-0.00000373
525	0.03332720	0.03333230	-0.00000514
526	0.03326540	0.03327090	-0.00000550
527	0.03317240	0.03317860	-0.00000621
528	0.03305430	0.03306000	-0.00000569
529	0.03291410	0.03291960	-0.00000554
530	0.03275840	0.03276270	-0.00000429
531	0.03258760	0.03259120	-0.00000360
532	0.03240830	0.03241030	-0.00000196
533	0.03222880	0.03222980	-0.00000100
534	0.03205930	0.03205860	0.00000073
535	0.03190920	0.03190750	0.00000170
536	0.03178050	0.03177700	0.00000355
537	0.03167710	0.03167230	0.00000479
538	0.03160320	0.03159630	0.00000692
539	0.03155700	0.03154860	0.00000839
540	0.03153940	0.03152870	0.00001068
541	0.03154740	0.03153490	0.00001247
542	0.03158090	0.03156570	0.00001521
543	0.03163130	0.03161440	0.00001691
544	0.03169080	0.03167130	0.00001945
545	0.03174720	0.03172520	0.00002198
546	0.03179090	0.03176520	0.00002572
547	0.03181240	0.03178350	0.00002893
548	0.03180450	0.03177150	0.00003296
549	0.03176280	0.03172630	0.00003655
550	0.03168920	0.03164840	0.00004084
551	0.03158740	0.03154310	0.00004433
552	0.03146060	0.03141220	0.00004836
553	0.03131200	0.03126050	0.00005156
554	0.03114790	0.03109270	0.00005516
555	0.03096970	0.03091190	0.00005785
556	0.03078050	0.03071940	0.00006103
557	0.03058010	0.03051680	0.00006330
558	0.03037220	0.03030630	0.00006591
559	0.03015600	0.03008860	0.00006746
560	0.02993880	0.02986960	0.00006925
561	0.02972380	0.02965380	0.00006998
562	0.02951980	0.02944890	0.00007089
563	0.02933140	0.02926080	0.00007056
564	0.02916590	0.02909550	0.00007041
565	0.02902520	0.02895590	0.00006923
566	0.02891110	0.02884250	0.00006860
567	0.02881950	0.02875210	0.00006736
568	0.02874720	0.02868000	0.00006719
569	0.02868950	0.02862270	0.00006682
570	0.02864760	0.02857980	0.00006783
571	0.02861490	0.02854620	0.00006862
572	0.02858830	0.02851760	0.00007070
573	0.02856040	0.02848770	0.00007265
574	0.02853100	0.02845490	0.00007606
575	0.02849910	0.02841980	0.00007930
576	0.02846370	0.02837990	0.00008377
577	0.02841830	0.02833050	0.00008778
578	0.02836280	0.02827010	0.00009269
579	0.02829370	0.02819680	0.00009687
580	0.02820980	0.02810790	0.00010195
581	0.02811130	0.02800510	0.00010621
582	0.02800200	0.02789080	0.00011114
583	0.02788600	0.02777090	0.00011516
584	0.02777060	0.02765080	0.00011980
585	0.02766030	0.02753650	0.00012378
586	0.02755810	0.02742930	0.00012879
587	0.02746540	0.02733180	0.00013360
588	0.02738610	0.02724640	0.00013966
589	0.02731640	0.02717100	0.00014541
590	0.02725410	0.02710180	0.00015230
591	0.02720060	0.02704180	0.00015877
592	0.02715890	0.02699270	0.00016629
593	0.02713180	0.02695850	0.00017331
594	0.02712300	0.02694190	0.00018115
595	0.02712870	0.02694050	0.00018820
596	0.02714620	0.02695040	0.00019580
597	0.02717190	0.02696960	0.00020229
598	0.02720780	0.02699890	0.00020899
599	0.02725110	0.02703680	0.00021432
600	0.02730200	0.02708230	0.00021973
601	0.02735360	0.02712980	0.00022381
602	0.02740310	0.02717500	0.00022805
603	0.02744280	0.02721180	0.00023098
604	0.02746550	0.02723130	0.00023418
605	0.02746330	0.02722700	0.00023625
606	0.02743090	0.02719210	0.00023877
607	0.02736180	0.02712150	0.00024028
608	0.02725400	0.02701160	0.00024238
609	0.02710660	0.02686300	0.00024360
610	0.02692660	0.02668110	0.00024549
611	0.02672220	0.02647570	0.00024653
612	0.02650410	0.02625580	0.00024830
613	0.02627930	0.02603000	0.00024928
614	0.02605740	0.02580650	0.00025097
615	0.02584660	0.02559490	0.00025178
616	0.02565500	0.02540180	0.00025323
617	0.02549180	0.02523800	0.00025379
618	0.02536610	0.02511110	0.00025497
619	0.02528120	0.02502590	0.00025529
620	0.02524040	0.02498400	0.00025633
621	0.02523990	0.02498320	0.00025673
622	0.02527500	0.02501700	0.00025802
623	0.02533480	0.02507600	0.00025883
624	0.02541060	0.02515000	0.00026059
625	0.02549280	0.02523090	0.00026191
626	0.02557180	0.02530770	0.00026414
627	0.02563970	0.02537390	0.00026582
628	0.02569170	0.02542330	0.00026836
629	0.02572190	0.02545160	0.00027028
630	0.02572620	0.02545320	0.00027300
631	0.02569670	0.02542170	0.00027496
632	0.02563070	0.02535310	0.00027752
633	0.02552520	0.02524610	0.00027911
634	0.02538560	0.02510440	0.00028117
635	0.02521620	0.02493400	0.00028225
636	0.02502600	0.02474230	0.00028374
637	0.02482420	0.02454000	0.00028419
638	0.02462260	0.02433760	0.00028502
639	0.02442780	0.02414310	0.00028475
640	0.02424670	0.02396190	0.00028485
641	0.02408340	0.02379940	0.00028392
642	0.02393960	0.02365610	0.00028345
643	0.02381800	0.02353600	0.00028199
644	0.02371790	0.02343690	0.00028096
645	0.02363640	0.02335760	0.00027882
646	0.02356990	0.02329290	0.00027705
647	0.02351620	0.02324190	0.00027431
648	0.02346940	0.02319730	0.00027211
649	0.02342840	0.02315930	0.00026910
650	0.02339700	0.02313010	0.00026698
651	0.02337640	0.02311200	0.00026441
652	0.02337060	0.02310760	0.00026300
653	0.02337630	0.02311490	0.00026140
654	0.02339420	0.02313310	0.00026103
655	0.02342390	0.02316350	0.00026044
656	0.02346500	0.02320410	0.00026097
657	0.02351580	0.02325460	0.00026116
658	0.02357410	0.02331170	0.00026237
659	0.02363490	0.02337170	0.00026315
660	0.02369580	0.02343100	0.00026487
661	0.02375080	0.02348470	0.00026613
662	0.02379820	0.02352990	0.00026831
663	0.02383160	0.02356170	0.00026994
664	0.02385140	0.02357910	0.00027234
665	0.02385470	0.02358060	0.00027407
666	0.02384630	0.02356990	0.00027646
667	0.02382740	0.02354930	0.00027804
668	0.02380030	0.02352010	0.00028028
669	0.02376800	0.02348610	0.00028185
670	0.02373470	0.02345050	0.00028424
671	0.02370140	0.02341540	0.00028607
672	0.02366960	0.02338080	0.00028883
673	0.02363900	0.02334790	0.00029108
674	0.02360930	0.02331500	0.00029431
675	0.02357570	0.02327870	0.00029697
676	0.02354020	0.02323970	0.00030052
677	0.02350350	0.02320000	0.00030352
678	0.02346710	0.02315970	0.00030736
679	0.02343230	0.02312150	0.00031071
680	0.02340260	0.02308760	0.00031506
681	0.02337390	0.02305490	0.00031894
682	0.02335150	0.02302770	0.00032381
683	0.02333040	0.02300240	0.00032806
684	0.02331150	0.02297830	0.00033318
685	0.02328950	0.02295190	0.00033763
686	0.02326500	0.02292230	0.00034277
687	0.02323480	0.02288780	0.00034702
688	0.02320310	0.02285120	0.00035192
689	0.02316830	0.02281230	0.00035602
690	0.02313050	0.02276960	0.00036085
691	0.02308330	0.02271850	0.00036486
692	0.02302510	0.02265570	0.00036935
693	0.02294740	0.02257460	0.00037279
694	0.02284790	0.02247140	0.00037651
695	0.02272040	0.02234150	0.00037895
696	0.02256760	0.02218610	0.00038156
697	0.02239270	0.02200970	0.00038300
698	0.02220360	0.02181890	0.00038477
699	0.02200460	0.02161910	0.00038551
700	0.02180410	0.02141730	0.00038686
701	0.02160330	0.02121580	0.00038753
702	0.02140460	0.02101540	0.00038926
703	0.02120580	0.02081520	0.00039060
704	0.02100690	0.02061410	0.00039286
705	0.02080460	0.02041020	0.00039443
706	0.02060330	0.02020670	0.00039660
707	0.02040470	0.02000690	0.00039788
708	0.02021240	0.01981270	0.00039965
709	0.02002590	0.01962550	0.00040047
710	0.01984650	0.01944470	0.00040179
711	0.01967890	0.01927670	0.00040223
712	0.01952680	0.01912350	0.00040328
713	0.01939350	0.01899000	0.00040355
714	0.01928520	0.01888060	0.00040459
715	0.01920400	0.01879890	0.00040502
716	0.01914930	0.01874300	0.00040637
717	0.01911770	0.01871050	0.00040720
718	0.01910270	0.01869380	0.00040893
719	0.01909610	0.01868600	0.00041012
720	0.01909080	0.01867860	0.00041219
721	0.01907950	0.01866570	0.00041377
722	0.01906100	0.01864480	0.00041621
723	0.01903190	0.01861380	0.00041809
724	0.01899410	0.01857340	0.00042077
725	0.01894920	0.01852630	0.00042285
726	0.01890100	0.01847530	0.00042575
727	0.01885070	0.01842270	0.00042801
728	0.01880910	0.01837820	0.00043090
729	0.01878410	0.01835120	0.00043293
730	0.01878790	0.01835250	0.00043543
731	0.01882600	0.01838890	0.00043706
732	0.01890640	0.01846710	0.00043924
733	0.01903530	0.01859460	0.00044068
734	0.01922630	0.01878340	0.00044290
735	0.01948910	0.01904450	0.00044460
736	0.01983100	0.01938370	0.00044723
737	0.02024040	0.01979110	0.00044937
738	0.02070380	0.02025130	0.00045246
739	0.02120530	0.02075010	0.00045521
740	0.02172880	0.02126970	0.00045903
741	0.02224920	0.02178670	0.00046246
742	0.02273770	0.02227080	0.00046688
743	0.02316370	0.02269280	0.00047083
744	0.02351920	0.02304340	0.00047577
745	0.02379150	0.02331120	0.00048029
746	0.02398040	0.02349450	0.00048589
747	0.02407610	0.02358520	0.00049091
748	0.02408070	0.02358410	0.00049664
749	0.02399470	0.02349320	0.00050156
750	0.02382880	0.02332180	0.00050697
751	0.02359150	0.02307960	0.00051184
752	0.02330060	0.02278280	0.00051786
753	0.02297170	0.02244860	0.00052315
754	0.02262830	0.02209990	0.00052840
755	0.02229050	0.02175870	0.00053187
756	0.02197280	0.02143820	0.00053466
757	0.02168600	0.02115040	0.00053555
758	0.02144070	0.02090410	0.00053655
759	0.02124190	0.02070540	0.00053648
760	0.02108610	0.02054930	0.00053677
761	0.02096870	0.02043270	0.00053598
762	0.02088510	0.02034940	0.00053575
763	0.02082820	0.02029350	0.00053474
764	0.02079590	0.02026140	0.00053449
765	0.02078150	0.02024800	0.00053355
766	0.02077810	0.02024480	0.00053328
767	0.02077800	0.02024580	0.00053223
768	0.02078020	0.02024830	0.00053188
769	0.02078070	0.02025000	0.00053074
770	0.02077830	0.02024810	0.00053026
771	0.02077300	0.02024410	0.00052892
772	0.02076390	0.02023570	0.00052826
773	0.02074760	0.02022060	0.00052691
774	0.02072790	0.02020160	0.00052633
775	0.02070630	0.02018120	0.00052510
776	0.02068840	0.02016360	0.00052480
777	0.02067360	0.02014970	0.00052389
778	0.02066850	0.02014480	0.00052374
779	0.02067490	0.02015210	0.00052286
780	0.02069600	0.02017330	0.00052269
781	0.02072840	0.02020660	0.00052177
782	0.02077300	0.02025140	0.00052156
783	0.02082480	0.02030420	0.00052058
784	0.02088470	0.02036450	0.00052024
785	0.02094570	0.02042660	0.00051914
786	0.02100670	0.02048810	0.00051870
787	0.02106260	0.02054520	0.00051741
788	0.02111470	0.02059800	0.00051670
789	0.02116320	0.02064800	0.00051517
790	0.02121430	0.02070010	0.00051424
791	0.02127050	0.02075800	0.00051246
792	0.02133460	0.02082330	0.00051130
793	0.02140350	0.02089410	0.00050940
794	0.02147660	0.02096830	0.00050826
795	0.02155060	0.02104410	0.00050647
796	0.02162530	0.02111980	0.00050554
797	0.02169490	0.02119090	0.00050400
798	0.02175980	0.02125640	0.00050334
799	0.02181470	0.02131270	0.00050205
800	0.02185750	0.02135580	0.00050165
801	0.02188230	0.02138170	0.00050057
802	0.02188900	0.02138870	0.00050030
803	0.02187390	0.02137440	0.00049947
804	0.02183810	0.02133860	0.00049947
805	0.02178030	0.02128150	0.00049881
806	0.02170470	0.02120580	0.00049890
807	0.02161180	0.02111350	0.00049828
808	0.02150800	0.02100960	0.00049841
809	0.02139480	0.02089700	0.00049783
810	0.02127620	0.02077810	0.00049803
811	0.02115270	0.02065520	0.00049754
812	0.02102770	0.02052980	0.00049788
813	0.02090060	0.02040300	0.00049762
814	0.02077470	0.02027660	0.00049816
815	0.02065090	0.02015280	0.00049803
816	0.02052780	0.02002910	0.00049865
817	0.02040370	0.01990520	0.00049854
818	0.02027960	0.01978050	0.00049907
819	0.02015440	0.01965570	0.00049877
820	0.02002990	0.01953080	0.00049908
821	0.01990320	0.01940470	0.00049857
822	0.01977270	0.01927400	0.00049868
823	0.01963660	0.01913870	0.00049790
824	0.01949760	0.01899990	0.00049767
825	0.01935780	0.01886120	0.00049660
826	0.01922220	0.01872610	0.00049611
827	0.01909360	0.01859880	0.00049479
828	0.01897860	0.01848450	0.00049408
829	0.01887930	0.01838670	0.00049258
830	0.01880170	0.01830990	0.00049176
831	0.01874500	0.01825470	0.00049026
832	0.01871230	0.01822280	0.00048955
833	0.01870120	0.01821300	0.00048823
834	0.01871350	0.01822570	0.00048777
835	0.01874520	0.01825850	0.00048672
836	0.01879490	0.01830840	0.00048650
837	0.01885650	0.01837080	0.00048569
838	0.01892760	0.01844190	0.00048571
839	0.01900080	0.01851560	0.00048513
840	0.01907240	0.01858710	0.00048536
841	0.01913670	0.01865180	0.00048493
842	0.01919230	0.01870700	0.00048530
843	0.01923520	0.01875020	0.00048504
844	0.01926280	0.01877720	0.00048558
845	0.01927000	0.01878450	0.00048544
846	0.01925400	0.01876800	0.00048602
847	0.01921100	0.01872520	0.00048587
848	0.01914040	0.01865390	0.00048643
849	0.01904080	0.01855460	0.00048623
850	0.01891450	0.01842780	0.00048670
851	0.01876220	0.01827580	0.00048644
852	0.01858860	0.01810170	0.00048686
853	0.01839920	0.01791270	0.00048652
854	0.01820250	0.01771560	0.00048689
855	0.01800600	0.01751950	0.00048653
856	0.01782080	0.01733390	0.00048690
857	0.01765690	0.01717040	0.00048657
858	0.01752690	0.01703990	0.00048701
859	0.01743980	0.01695300	0.00048680
860	0.01740530	0.01691790	0.00048742
861	0.01742760	0.01694020	0.00048742
862	0.01751170	0.01702340	0.00048832
863	0.01765680	0.01716810	0.00048864
864	0.01786190	0.01737200	0.00048986
865	0.01811990	0.01762940	0.00049047
866	0.01842600	0.01793410	0.00049193
867	0.01876910	0.01827630	0.00049273
868	0.01913960	0.01864530	0.00049438
869	0.01952540	0.01903000	0.00049536
870	0.01991650	0.01941930	0.00049719
871	0.02030630	0.01980790	0.00049834
872	0.02068580	0.02018540	0.00050041
873	0.02104250	0.02054050	0.00050194
874	0.02136680	0.02086240	0.00050439
875	0.02165020	0.02114410	0.00050611
876	0.02188590	0.02137720	0.00050870
877	0.02206440	0.02155380	0.00051062
878	0.02218110	0.02166760	0.00051346
879	0.02222750	0.02171190	0.00051565
880	0.02220140	0.02168260	0.00051877
881	0.02210410	0.02158280	0.00052129
882	0.02194690	0.02142210	0.00052474
883	0.02174130	0.02121370	0.00052759
884	0.02150820	0.02097700	0.00053127
885	0.02126480	0.02073060	0.00053419
886	0.02103410	0.02049640	0.00053777
887	0.02083470	0.02029430	0.00054037
888	0.02068810	0.02014490	0.00054328
889	0.02060920	0.02006430	0.00054495
890	0.02060360	0.02005680	0.00054674
891	0.02066830	0.02012110	0.00054714
892	0.02079790	0.02025040	0.00054757
893	0.02098950	0.02044290	0.00054657
894	0.02123840	0.02069260	0.00054572
895	0.02153730	0.02099360	0.00054371
896	0.02187070	0.02132850	0.00054219
897	0.02222340	0.02168350	0.00053992
898	0.02257990	0.02204150	0.00053839
899	0.02292360	0.02238720	0.00053638
900	0.02324100	0.02270580	0.00053522
901	0.02352130	0.02298780	0.00053357
902	0.02374770	0.02321480	0.00053288
903	0.02390840	0.02337660	0.00053171
904	0.02399750	0.02346600	0.00053143
905	0.02400460	0.02347400	0.00053058
906	0.02392350	0.02339300	0.00053055
907	0.02374940	0.02321950	0.00052990
908	0.02348690	0.02295680	0.00053007
909	0.02314290	0.02261320	0.00052972
910	0.02273040	0.02220000	0.00053031
911	0.02226630	0.02173600	0.00053032
912	0.02176990	0.02123870	0.00053123
913	0.02126580	0.02073430	0.00053146
914	0.02078180	0.02024940	0.00053241
915	0.02034700	0.01981470	0.00053227
916	0.01999160	0.01945950	0.00053213
917	0.01973230	0.01920210	0.00053025
918	0.01958530	0.01905730	0.00052796
919	0.01954500	0.01902120	0.00052384
920	0.01960760	0.01908790	0.00051969
921	0.01975320	0.01923880	0.00051443
922	0.01997660	0.01946660	0.00050999
923	0.02025570	0.01975050	0.00050520
924	0.02058200	0.02008030	0.00050169
925	0.02094240	0.02044420	0.00049820
926	0.02133790	0.02084180	0.00049607
927	0.02176420	0.02127030	0.00049394
928	0.02220770	0.02171440	0.00049332
929	0.02263960	0.02214670	0.00049288
930	0.02303210	0.02253830	0.00049376
931	0.02334150	0.02284710	0.00049441
932	0.02353790	0.02304180	0.00049603
933	0.02359970	0.02310250	0.00049728
934	0.02352080	0.02302130	0.00049946
935	0.02331180	0.02281070	0.00050106
936	0.02299210	0.02248870	0.00050336
937	0.02259500	0.02209030	0.00050467
938	0.02216500	0.02165860	0.00050641
939	0.02174450	0.02123740	0.00050710
940	0.02137330	0.02086530	0.00050803
941	0.02108770	0.02058000	0.00050765
942	0.02091880	0.02041150	0.00050726
943	0.02088470	0.02037920	0.00050550
944	0.02097350	0.02046950	0.00050392
945	0.02115900	0.02065790	0.00050119
946	0.02141380	0.02091490	0.00049893
947	0.02171310	0.02121730	0.00049581
948	0.02203130	0.02153780	0.00049345
949	0.02234760	0.02185700	0.00049055
950	0.02265830	0.02216960	0.00048871
951	0.02295590	0.02246900	0.00048685
952	0.02323330	0.02274690	0.00048638
953	0.02347690	0.02299120	0.00048572
954	0.02367170	0.02318540	0.00048630
955	0.02379390	0.02330720	0.00048669
956	0.02382610	0.02333800	0.00048817
957	0.02375450	0.02326530	0.00048921
958	0.02358310	0.02309190	0.00049118
959	0.02331860	0.02282600	0.00049256
960	0.02298070	0.02248600	0.00049474
961	0.02258820	0.02209210	0.00049618
962	0.02217380	0.02167560	0.00049827
963	0.02176780	0.02126840	0.00049942
964	0.02140490	0.02090400	0.00050087
965	0.02111110	0.02061010	0.00050101
966	0.02090880	0.02040760	0.00050123
967	0.02080260	0.02030250	0.00050003
968	0.02078950	0.02029050	0.00049896
969	0.02085700	0.02036020	0.00049678
970	0.02099410	0.02049900	0.00049504
971	0.02118210	0.02068960	0.00049242
972	0.02140770	0.02091710	0.00049052
973	0.02165430	0.02116620	0.00048814
974	0.02190900	0.02142220	0.00048675
975	0.02215680	0.02167180	0.00048496
976	0.02238650	0.02190240	0.00048409
977	0.02258590	0.02210320	0.00048276
978	0.02274180	0.02225940	0.00048238
979	0.02283630	0.02235470	0.00048154
980	0.02285490	0.02237330	0.00048157
981	0.02279100	0.02231000	0.00048096
982	0.02265220	0.02217110	0.00048107
983	0.02244570	0.02196520	0.00048048
984	0.02219010	0.02170960	0.00048047
985	0.02190640	0.02142690	0.00047951
986	0.02162260	0.02114360	0.00047899
987	0.02136150	0.02088410	0.00047746
988	0.02114790	0.02067160	0.00047633
989	0.02099690	0.02052270	0.00047418
990	0.02091920	0.02044680	0.00047245
991	0.02091460	0.02044480	0.00046978
992	0.02097660	0.02050880	0.00046778
993	0.02109620	0.02063120	0.00046506
994	0.02126290	0.02079980	0.00046311
995	0.02146370	0.02100310	0.00046054
996	0.02168920	0.02123030	0.00045894
997	0.02192970	0.02147280	0.00045692
998	0.02218120	0.02172530	0.00045593
999	0.02243470	0.02198010	0.00045461
1000	0.02268360	0.02222920	0.00045439
1001	0.02291540	0.02246160	0.00045378
1002	0.02312310	0.02266890	0.00045422
1003	0.02329190	0.02283760	0.00045428
1004	0.02341300	0.02295770	0.00045532
1005	0.02347610	0.02302030	0.00045582
1006	0.02348240	0.02302530	0.00045716
1007	0.02343270	0.02297500	0.00045778
1008	0.02333620	0.02287710	0.00045909
1009	0.02320020	0.02274070	0.00045954
1010	0.02303630	0.02257590	0.00046047
1011	0.02286010	0.02239970	0.00046035
1012	0.02268950	0.02222900	0.00046052
1013	0.02253980	0.02208030	0.00045953
1014	0.02242000	0.02196120	0.00045876
1015	0.02233560	0.02187880	0.00045688
1016	0.02228840	0.02183290	0.00045547
1017	0.02227750	0.02182420	0.00045331
1018	0.02229750	0.02184560	0.00045191
1019	0.02234130	0.02189140	0.00044991
1020	0.02240480	0.02195600	0.00044884
1021	0.02248390	0.02203660	0.00044726
1022	0.02257890	0.02213230	0.00044662
1023	0.02268680	0.02224130	0.00044552
1024	0.02280260	0.02235720	0.00044544
1025	0.02291950	0.02247460	0.00044491
1026	0.02303300	0.02258760	0.00044540
1027	0.02313780	0.02269240	0.00044538
1028	0.02323010	0.02278380	0.00044631
1029	0.02330480	0.02285810	0.00044672
1030	0.02336130	0.02291330	0.00044800
1031	0.02340150	0.02295280	0.00044871
1032	0.02342940	0.02297910	0.00045022
1033	0.02344770	0.02299670	0.00045102
1034	0.02346330	0.02301070	0.00045253
1035	0.02348160	0.02302830	0.00045326
1036	0.02350800	0.02305340	0.00045458
1037	0.02354450	0.02308950	0.00045501
1038	0.02359370	0.02313780	0.00045592
1039	0.02365270	0.02319670	0.00045592
1040	0.02371950	0.02326300	0.00045646
1041	0.02378620	0.02333000	0.00045618
1042	0.02385140	0.02339480	0.00045654
1043	0.02390960	0.02345340	0.00045620
1044	0.02395950	0.02350280	0.00045665
1045	0.02400020	0.02354370	0.00045651
1046	0.02403300	0.02357580	0.00045722
1047	0.02405430	0.02359690	0.00045738
1048	0.02406510	0.02360670	0.00045840
1049	0.02406020	0.02360130	0.00045886
1050	0.02404010	0.02357990	0.00046016
1051	0.02400180	0.02354090	0.00046090
1052	0.02394630	0.02348390	0.00046247
1053	0.02387400	0.02341060	0.00046345
1054	0.02378980	0.02332460	0.00046523
1055	0.02369680	0.02323040	0.00046636
1056	0.02360030	0.02313200	0.00046824
1057	0.02350140	0.02303210	0.00046933
1058	0.02340460	0.02293360	0.00047096
1059	0.02331060	0.02283900	0.00047161
1060	0.02322500	0.02275230	0.00047264
1061	0.02314950	0.02267690	0.00047263
1062	0.02309080	0.02261770	0.00047307
1063	0.02304920	0.02257660	0.00047258
1064	0.02302460	0.02255190	0.00047264
1065	0.02301350	0.02254160	0.00047189
1066	0.02301580	0.02254410	0.00047176
1067	0.02302920	0.02255830	0.00047088
1068	0.02305280	0.02258200	0.00047073
1069	0.02308290	0.02261300	0.00046995
1070	0.02311860	0.02264850	0.00047003
1071	0.02315700	0.02268740	0.00046954
1072	0.02319790	0.02272800	0.00046996
1073	0.02323950	0.02276970	0.00046986
1074	0.02328200	0.02281130	0.00047070
1075	0.02332210	0.02285110	0.00047105
1076	0.02336000	0.02288770	0.00047230
1077	0.02339270	0.02291970	0.00047296
1078	0.02342210	0.02294760	0.00047444
1079	0.02344700	0.02297170	0.00047527
1080	0.02346680	0.02298990	0.00047690
1081	0.02347870	0.02300090	0.00047785
1082	0.02348420	0.02300470	0.00047951
1083	0.02348100	0.02300060	0.00048037
1084	0.02347060	0.02298870	0.00048185
1085	0.02345000	0.02296760	0.00048243
1086	0.02342010	0.02293650	0.00048357
1087	0.02337840	0.02289460	0.00048380
1088	0.02332690	0.02284230	0.00048459
1089	0.02326260	0.02277810	0.00048450
1090	0.02318800	0.02270300	0.00048499
1091	0.02310240	0.02261780	0.00048461
1092	0.02300960	0.02252480	0.00048481
1093	0.02290910	0.02242500	0.00048415
1094	0.02280410	0.02232000	0.00048412
1095	0.02269410	0.02221080	0.00048329
1096	0.02258290	0.02209980	0.00048315
1097	0.02246970	0.02198740	0.00048226
1098	0.02235730	0.02187520	0.00048209
1099	0.02224450	0.02176320	0.00048123
1100	0.02213410	0.02165290	0.00048114
1101	0.02202450	0.02154420	0.00048031
1102	0.02191760	0.02143740	0.00048020
1103	0.02181160	0.02133230	0.00047934
1104	0.02170710	0.02122790	0.00047917
1105	0.02160210	0.02112390	0.00047819
1106	0.02149830	0.02102050	0.00047782
1107	0.02139450	0.02091790	0.00047656
1108	0.02129370	0.02081780	0.00047589
1109	0.02119600	0.02072170	0.00047433
1110	0.02110440	0.02063100	0.00047338
1111	0.02101970	0.02054810	0.00047161
1112	0.02094550	0.02047510	0.00047047
1113	0.02088330	0.02041470	0.00046856
1114	0.02083600	0.02036860	0.00046737
1115	0.02080160	0.02033610	0.00046546
1116	0.02078040	0.02031610	0.00046430
1117	0.02076910	0.02030670	0.00046243
1118	0.02076890	0.02030760	0.00046131
1119	0.02077490	0.02031540	0.00045948
1120	0.02078670	0.02032830	0.00045840
1121	0.02079900	0.02034240	0.00045666
1122	0.02081010	0.02035440	0.00045571
1123	0.02081670	0.02036250	0.00045417
1124	0.02081670	0.02036310	0.00045353
1125	0.02080530	0.02035290	0.00045236
1126	0.02078180	0.02032970	0.00045216
1127	0.02074400	0.02029260	0.00045148
1128	0.02069320	0.02024150	0.00045176
1129	0.02062750	0.02017600	0.00045150
1130	0.02054870	0.02009650	0.00045212
1131	0.02045570	0.02000360	0.00045210
1132	0.02035070	0.01989790	0.00045285
1133	0.02023500	0.01978220	0.00045284
1134	0.02011270	0.01965920	0.00045349
1135	0.01998380	0.01953060	0.00045328
1136	0.01985040	0.01939670	0.00045363
1137	0.01971040	0.01925740	0.00045302
1138	0.01956690	0.01911400	0.00045288
1139	0.01941770	0.01896600	0.00045171
1140	0.01926550	0.01881450	0.00045102
1141	0.01911080	0.01866150	0.00044931
1142	0.01895740	0.01850930	0.00044809
1143	0.01880610	0.01836020	0.00044588
1144	0.01865850	0.01821430	0.00044419
1145	0.01851490	0.01807340	0.00044158
1146	0.01837660	0.01793710	0.00043953
1147	0.01824790	0.01781130	0.00043665
1148	0.01812980	0.01769540	0.00043449
1149	0.01802730	0.01759570	0.00043158
1150	0.01794630	0.01751690	0.00042944
1151	0.01788810	0.01746140	0.00042664
1152	0.01785260	0.01742800	0.00042465
1153	0.01783710	0.01741510	0.00042206
1154	0.01784730	0.01742700	0.00042031
1155	0.01788400	0.01746600	0.00041797
1156	0.01794800	0.01753150	0.00041649
1157	0.01804450	0.01763000	0.00041455
1158	0.01818150	0.01776780	0.00041372
1159	0.01836370	0.01795110	0.00041259
1160	0.01859690	0.01818430	0.00041255
1161	0.01888380	0.01847150	0.00041223
1162	0.01922290	0.01880990	0.00041307
1163	0.01961040	0.01919680	0.00041364
1164	0.02004020	0.01962490	0.00041528
1165	0.02050360	0.02008710	0.00041645
1166	0.02098630	0.02056780	0.00041850
1167	0.02147890	0.02105900	0.00041998
1168	0.02197860	0.02155640	0.00042226
1169	0.02248410	0.02206020	0.00042391
1170	0.02299490	0.02256860	0.00042632
1171	0.02350460	0.02307650	0.00042810
1172	0.02400790	0.02357720	0.00043067
1173	0.02449050	0.02405780	0.00043270
1174	0.02494080	0.02450520	0.00043566
1175	0.02534570	0.02490760	0.00043815
1176	0.02570250	0.02526100	0.00044159
1177	0.02600450	0.02556000	0.00044452
1178	0.02625640	0.02580810	0.00044830
1179	0.02645610	0.02600460	0.00045149
1180	0.02661460	0.02615910	0.00045548
1181	0.02673410	0.02627550	0.00045865
1182	0.02682420	0.02636180	0.00046237
1183	0.02688590	0.02642090	0.00046502
1184	0.02692390	0.02645590	0.00046795
1185	0.02693360	0.02646400	0.00046953
1186	0.02691800	0.02644680	0.00047119
1187	0.02687600	0.02640460	0.00047137
1188	0.02681560	0.02634400	0.00047165
1189	0.02673990	0.02626920	0.00047062
1190	0.02665640	0.02618650	0.00046994
1191	0.02656880	0.02610060	0.00046822
1192	0.02648380	0.02601680	0.00046706
1193	0.02640030	0.02593520	0.00046503
1194	0.02632190	0.02585820	0.00046369
1195	0.02624620	0.02578460	0.00046161
1196	0.02617530	0.02571490	0.00046038
1197	0.02610790	0.02564930	0.00045855
1198	0.02604540	0.02558780	0.00045760
1199	0.02598270	0.02552660	0.00045603
1200	0.02592200	0.02546660	0.00045541
1201	0.02586190	0.02540770	0.00045422
1202	0.02580610	0.02535220	0.00045391
1203	0.02575250	0.02529940	0.00045305
1204	0.02570390	0.02525080	0.00045312
1205	0.02565950	0.02520680	0.00045266
1206	0.02562130	0.02516820	0.00045310
1207	0.02558850	0.02513550	0.00045297
1208	0.02556750	0.02511390	0.00045367
1209	0.02556250	0.02510880	0.00045373
1210	0.02557840	0.02512380	0.00045462
1211	0.02561640	0.02516150	0.00045488
1212	0.02567890	0.02522300	0.00045586
1213	0.02576160	0.02530550	0.00045608
1214	0.02586170	0.02540470	0.00045699
1215	0.02597380	0.02551680	0.00045703
1216	0.02609700	0.02563900	0.00045792
1217	0.02622630	0.02576770	0.00045863
1218	0.02636280	0.02590210	0.00046072
1219	0.02650110	0.02603880	0.00046227
1220	0.02664130	0.02617680	0.00046456
1221	0.02678150	0.02631550	0.00046594
1222	0.02692210	0.02645420	0.00046788
1223	0.02706250	0.02659350	0.00046901
1224	0.02720510	0.02673410	0.00047096
1225	0.02735090	0.02687860	0.00047224
1226	0.02750170	0.02702740	0.00047433
1227	0.02765670	0.02718090	0.00047577
1228	0.02781760	0.02733960	0.00047801
1229	0.02798080	0.02750120	0.00047962
1230	0.02814640	0.02766420	0.00048221
1231	0.02830850	0.02782480	0.00048371
1232	0.02846670	0.02798140	0.00048527
1233	0.02861240	0.02812730	0.00048511
1234	0.02873970	0.02825400	0.00048574
1235	0.02884000	0.02835430	0.00048575
1236	0.02890880	0.02842200	0.00048678
1237	0.02893960	0.02845220	0.00048736
1238	0.02893480	0.02844620	0.00048862
1239	0.02889410	0.02840500	0.00048912
1240	0.02881990	0.02832940	0.00049058
1241	0.02871330	0.02822150	0.00049173
1242	0.02857560	0.02808180	0.00049383
1243	0.02840660	0.02791130	0.00049532
1244	0.02820900	0.02771150	0.00049752
1245	0.02798430	0.02748540	0.00049893
1246	0.02773270	0.02723180	0.00050084
1247	0.02745430	0.02695260	0.00050178
1248	0.02715370	0.02665050	0.00050318
1249	0.02683340	0.02632990	0.00050353
1250	0.02650110	0.02599670	0.00050437
1251	0.02616070	0.02565660	0.00050413
1252	0.02582060	0.02531620	0.00050440
1253	0.02548350	0.02497990	0.00050357
1254	0.02515560	0.02465240	0.00050329
1255	0.02483840	0.02433640	0.00050197
1256	0.02453400	0.02403280	0.00050127
1257	0.02424020	0.02374060	0.00049958
1258	0.02395860	0.02346010	0.00049856
1259	0.02368630	0.02318970	0.00049662
1260	0.02342170	0.02292630	0.00049537
1261	0.02316390	0.02267060	0.00049324
1262	0.02291580	0.02242400	0.00049182
1263	0.02267760	0.02218800	0.00048956
1264	0.02245430	0.02196630	0.00048807
1265	0.02224760	0.02176170	0.00048586
1266	0.02206180	0.02157730	0.00048449
1267	0.02189650	0.02141400	0.00048247
1268	0.02175330	0.02127200	0.00048132
1269	0.02163050	0.02115090	0.00047956
1270	0.02153000	0.02105140	0.00047864
1271	0.02145370	0.02097660	0.00047708
1272	0.02140490	0.02092860	0.00047632
1273	0.02138460	0.02090960	0.00047497
1274	0.02139590	0.02092130	0.00047455
1275	0.02143860	0.02096490	0.00047365
1276	0.02151490	0.02104120	0.00047368
1277	0.02162310	0.02114990	0.00047321
1278	0.02176280	0.02128920	0.00047365
1279	0.02193080	0.02145720	0.00047361
1280	0.02212460	0.02165010	0.00047451
1281	0.02234000	0.02186510	0.00047493
1282	0.02257340	0.02209710	0.00047626
1283	0.02282170	0.02234460	0.00047708
1284	0.02308100	0.02260230	0.00047877
1285	0.02334650	0.02286650	0.00047993
1286	0.02361450	0.02313260	0.00048191
1287	0.02388210	0.02339880	0.00048335
1288	0.02414600	0.02366030	0.00048565
1289	0.02440310	0.02391570	0.00048739
1290	0.02465170	0.02416190	0.00048987
1291	0.02488890	0.02439730	0.00049165
1292	0.02511260	0.02461850	0.00049411
1293	0.02531990	0.02482400	0.00049587
1294	0.02550930	0.02501100	0.00049829
1295	0.02567720	0.02517720	0.00049997
1296	0.02582260	0.02532030	0.00050228
1297	0.02594390	0.02544010	0.00050378
1298	0.02604090	0.02553500	0.00050588
1299	0.02611310	0.02560590	0.00050718
1300	0.02616250	0.02565340	0.00050915
1301	0.02619020	0.02567990	0.00051022
1302	0.02619970	0.02568780	0.00051192
1303	0.02619410	0.02568140	0.00051275
1304	0.02617540	0.02566110	0.00051433
1305	0.02614090	0.02562590	0.00051503
1306	0.02609170	0.02557530	0.00051642
1307	0.02602490	0.02550810	0.00051680
1308	0.02594340	0.02542570	0.00051776
1309	0.02584430	0.02532660	0.00051768
1310	0.02573060	0.02521240	0.00051817
1311	0.02559960	0.02508200	0.00051758
1312	0.02545280	0.02493520	0.00051754
1313	0.02528750	0.02477100	0.00051644
1314	0.02510620	0.02459030	0.00051589
1315	0.02490640	0.02439210	0.00051433
1316	0.02469510	0.02418180	0.00051331
1317	0.02447090	0.02395960	0.00051132
1318	0.02423900	0.02372910	0.00050988
1319	0.02399780	0.02349020	0.00050761
1320	0.02375170	0.02324580	0.00050592
1321	0.02350000	0.02299650	0.00050348
1322	0.02324310	0.02274150	0.00050161
1323	0.02297850	0.02247950	0.00049902
1324	0.02271110	0.02221410	0.00049696
1325	0.02243970	0.02194560	0.00049414
1326	0.02216640	0.02167460	0.00049184
1327	0.02188960	0.02140080	0.00048881
1328	0.02160630	0.02112000	0.00048632
1329	0.02131490	0.02083180	0.00048309
1330	0.02102060	0.02054020	0.00048042
1331	0.02072590	0.02024890	0.00047703
1332	0.02044100	0.01996670	0.00047428
1333	0.02017040	0.01969960	0.00047081
1334	0.01992250	0.01945440	0.00046809
1335	0.01969790	0.01923330	0.00046467
1336	0.01950180	0.01903960	0.00046213
1337	0.01933420	0.01887520	0.00045898
1338	0.01919960	0.01874280	0.00045683
1339	0.01909640	0.01864220	0.00045418
1340	0.01902360	0.01857110	0.00045257
1341	0.01897770	0.01852720	0.00045048
1342	0.01895640	0.01850690	0.00044944
1343	0.01895390	0.01850600	0.00044795
1344	0.01896900	0.01852150	0.00044753
1345	0.01899780	0.01855120	0.00044664
1346	0.01904220	0.01859550	0.00044673
1347	0.01910290	0.01865660	0.00044630
1348	0.01918330	0.01873650	0.00044683
1349	0.01928590	0.01883910	0.00044684
1350	0.01941340	0.01896560	0.00044778
1351	0.01956470	0.01911650	0.00044814
1352	0.01974230	0.01929290	0.00044937
1353	0.01994590	0.01949580	0.00045001
1354	0.02017880	0.01972730	0.00045148
1355	0.02044070	0.01998840	0.00045225
1356	0.02073390	0.02028010	0.00045383
1357	0.02106040	0.02060570	0.00045477
1358	0.02142360	0.02096710	0.00045654
1359	0.02182230	0.02136460	0.00045773
1360	0.02224990	0.02179020	0.00045977
1361	0.02269140	0.02223020	0.00046119
1362	0.02312660	0.02266330	0.00046336
1363	0.02352830	0.02306350	0.00046481
1364	0.02387660	0.02340970	0.00046693
1365	0.02415820	0.02369000	0.00046823
1366	0.02437200	0.02390200	0.00047005
1367	0.02451710	0.02404620	0.00047086
1368	0.02459830	0.02412620	0.00047210
1369	0.02462610	0.02415380	0.00047235
1370	0.02461490	0.02414180	0.00047306
1371	0.02457680	0.02410390	0.00047294
1372	0.02452900	0.02405550	0.00047347
1373	0.02447720	0.02400390	0.00047330
1374	0.02442750	0.02395370	0.00047383
1375	0.02437610	0.02390240	0.00047366
1376	0.02432470	0.02385050	0.00047422
1377	0.02426830	0.02379420	0.00047416
1378	0.02420940	0.02373450	0.00047488
1379	0.02414620	0.02367140	0.00047478
1380	0.02408130	0.02360610	0.00047513
1381	0.02401160	0.02353700	0.00047456
1382	0.02393920	0.02346450	0.00047475
1383	0.02385960	0.02338530	0.00047431
1384	0.02377120	0.02329650	0.00047465
1385	0.02366900	0.02319480	0.00047418
1386	0.02355330	0.02307900	0.00047434
1387	0.02342180	0.02294820	0.00047359
1388	0.02327760	0.02280410	0.00047354
1389	0.02312200	0.02264940	0.00047261
1390	0.02296220	0.02248990	0.00047221
1391	0.02279770	0.02232680	0.00047082
1392	0.02263350	0.02216340	0.00047009
1393	0.02247350	0.02200500	0.00046853
1394	0.02232560	0.02185780	0.00046778
1395	0.02219550	0.02172920	0.00046630
1396	0.02208830	0.02162280	0.00046553
1397	0.02200590	0.02154190	0.00046393
1398	0.02195140	0.02148860	0.00046282
1399	0.02192390	0.02146310	0.00046080
1400	0.02192350	0.02146410	0.00045939
1401	0.02194650	0.02148930	0.00045718
1402	0.02199060	0.02153490	0.00045570
1403	0.02205100	0.02159740	0.00045355
1404	0.02212490	0.02167270	0.00045223
1405	0.02220890	0.02175860	0.00045027
1406	0.02230010	0.02185100	0.00044911
1407	0.02239400	0.02194660	0.00044737
1408	0.02248700	0.02204050	0.00044650
1409	0.02257470	0.02212960	0.00044512
1410	0.02265400	0.02220920	0.00044481
1411	0.02271930	0.02227530	0.00044397
1412	0.02276890	0.02232480	0.00044414
1413	0.02280110	0.02235730	0.00044384
1414	0.02281820	0.02237370	0.00044454
1415	0.02282060	0.02237590	0.00044471
1416	0.02281380	0.02236790	0.00044588
1417	0.02279990	0.02235350	0.00044636
1418	0.02278460	0.02233750	0.00044713
1419	0.02277190	0.02232530	0.00044661
1420	0.02277150	0.02232370	0.00044780
1421	0.02278830	0.02233960	0.00044873
1422	0.02282750	0.02237700	0.00045049
1423	0.02289250	0.02244110	0.00045142
1424	0.02298580	0.02253280	0.00045296
1425	0.02310580	0.02265230	0.00045350
1426	0.02324940	0.02279480	0.00045467
1427	0.02341320	0.02295810	0.00045516
1428	0.02359330	0.02313690	0.00045641
1429	0.02378430	0.02332730	0.00045701
1430	0.02397940	0.02352090	0.00045843
1431	0.02417140	0.02371210	0.00045926
1432	0.02435580	0.02389480	0.00046096
1433	0.02452500	0.02406280	0.00046218
1434	0.02466960	0.02420500	0.00046460
1435	0.02478310	0.02431640	0.00046669
1436	0.02486170	0.02439200	0.00046965
1437	0.02490170	0.02443030	0.00047132
1438	0.02490160	0.02442870	0.00047290
1439	0.02485660	0.02438370	0.00047295
1440	0.02476680	0.02429280	0.00047401
1441	0.02463510	0.02416080	0.00047426
1442	0.02447510	0.02399990	0.00047519
1443	0.02429780	0.02382290	0.00047493
1444	0.02411650	0.02364150	0.00047507
1445	0.02393960	0.02346610	0.00047349
1446	0.02377830	0.02330590	0.00047242
1447	0.02364020	0.02316940	0.00047079
1448	0.02353150	0.02306170	0.00046975
1449	0.02345550	0.02298770	0.00046777
1450	0.02340990	0.02294340	0.00046646
1451	0.02338930	0.02292460	0.00046466
1452	0.02339130	0.02292750	0.00046389
1453	0.02341140	0.02294870	0.00046266
1454	0.02344760	0.02298520	0.00046240
1455	0.02349740	0.02303570	0.00046168
1456	0.02355910	0.02309710	0.00046193
1457	0.02362770	0.02316600	0.00046166
1458	0.02369890	0.02323660	0.00046233
1459	0.02376540	0.02330290	0.00046246
1460	0.02382050	0.02335710	0.00046343
1461	0.02385440	0.02339070	0.00046371
1462	0.02386080	0.02339610	0.00046469
1463	0.02382760	0.02336280	0.00046485
1464	0.02375070	0.02328510	0.00046562
1465	0.02362760	0.02316200	0.00046556
1466	0.02346230	0.02299620	0.00046608
1467	0.02325780	0.02279210	0.00046572
1468	0.02302110	0.02255520	0.00046592
1469	0.02275810	0.02229280	0.00046532
1470	0.02248030	0.02201490	0.00046547
1471	0.02219700	0.02173200	0.00046496
1472	0.02192020	0.02145490	0.00046529
1473	0.02165970	0.02119470	0.00046496
1474	0.02142640	0.02096090	0.00046556
1475	0.02122590	0.02076040	0.00046552
1476	0.02106410	0.02059790	0.00046619
1477	0.02094790	0.02048190	0.00046601
1478	0.02088700	0.02042060	0.00046642
1479	0.02088940	0.02042350	0.00046589
1480	0.02095890	0.02049300	0.00046593
1481	0.02108720	0.02062210	0.00046512
1482	0.02126790	0.02080290	0.00046502
1483	0.02148740	0.02102320	0.00046416
1484	0.02173070	0.02126670	0.00046407
1485	0.02197810	0.02151480	0.00046333
1486	0.02221010	0.02174670	0.00046343
1487	0.02241040	0.02194740	0.00046296
1488	0.02256870	0.02210530	0.00046345
1489	0.02268290	0.02221940	0.00046351
1490	0.02275300	0.02228830	0.00046468
1491	0.02278310	0.02231750	0.00046560
1492	0.02277940	0.02231200	0.00046741
1493	0.02274840	0.02227980	0.00046860
1494	0.02270100	0.02223070	0.00047036
1495	0.02264230	0.02217120	0.00047117
1496	0.02257990	0.02210740	0.00047257
1497	0.02251810	0.02204490	0.00047321
1498	0.02246020	0.02198560	0.00047462
1499	0.02240660	0.02193120	0.00047546
1500	0.02236230	0.02188510	0.00047730
1501	0.02233190	0.02185330	0.00047861
1502	0.02232010	0.02183940	0.00048072
1503	0.02232970	0.02184770	0.00048207
1504	0.02236680	0.02188290	0.00048398
1505	0.02243470	0.02194980	0.00048492
1506	0.02253770	0.02205150	0.00048618
1507	0.02267430	0.02218800	0.00048628
1508	0.02284700	0.02236050	0.00048656
1509	0.02305420	0.02256870	0.00048549
1510	0.02329640	0.02281190	0.00048458
1511	0.02356840	0.02308590	0.00048250
1512	0.02386650	0.02338570	0.00048085
1513	0.02417840	0.02370010	0.00047833
1514	0.02449570	0.02401910	0.00047662
1515	0.02480590	0.02433160	0.00047435
1516	0.02510010	0.02462700	0.00047304
1517	0.02536490	0.02489360	0.00047125
1518	0.02559610	0.02512570	0.00047043
1519	0.02578680	0.02531770	0.00046907
1520	0.02593010	0.02546140	0.00046866
1521	0.02601720	0.02554940	0.00046770
1522	0.02604460	0.02557690	0.00046768
1523	0.02600450	0.02553740	0.00046711
1524	0.02589680	0.02542930	0.00046759
1525	0.02571940	0.02525170	0.00046766
1526	0.02547800	0.02500920	0.00046882
1527	0.02517550	0.02470600	0.00046947
1528	0.02482520	0.02435410	0.00047107
1529	0.02443910	0.02396700	0.00047204
1530	0.02403660	0.02356280	0.00047386
1531	0.02363500	0.02316020	0.00047483
1532	0.02325430	0.02277790	0.00047640
1533	0.02290410	0.02242730	0.00047683
1534	0.02259350	0.02211580	0.00047764
1535	0.02232140	0.02184430	0.00047716
1536	0.02208370	0.02160680	0.00047694
1537	0.02187100	0.02139570	0.00047534
1538	0.02167640	0.02120230	0.00047406
1539	0.02149050	0.02101890	0.00047160
1540	0.02130830	0.02083870	0.00046963
1541	0.02112930	0.02066270	0.00046659
1542	0.02095480	0.02049050	0.00046425
1543	0.02078730	0.02032620	0.00046110
1544	0.02063140	0.02017270	0.00045878
1545	0.02049200	0.02003610	0.00045592
1546	0.02036980	0.01991580	0.00045402
1547	0.02026190	0.01981030	0.00045164
1548	0.02016650	0.01971630	0.00045029
1549	0.02007390	0.01962550	0.00044842
1550	0.01997490	0.01952750	0.00044741
1551	0.01986610	0.01942040	0.00044577
1552	0.01974190	0.01929690	0.00044498
1553	0.01960330	0.01915980	0.00044353
1554	0.01945390	0.01901100	0.00044286
1555	0.01929520	0.01885360	0.00044157
1556	0.01913570	0.01869460	0.00044109
1557	0.01898530	0.01854540	0.00043993
1558	0.01885790	0.01841830	0.00043956
1559	0.01876070	0.01832210	0.00043860
1560	0.01870120	0.01826270	0.00043854
1561	0.01867930	0.01824130	0.00043797
1562	0.01869730	0.01825910	0.00043828
1563	0.01874990	0.01831180	0.00043807
1564	0.01884270	0.01840390	0.00043872
1565	0.01896970	0.01853100	0.00043873
1566	0.01913270	0.01869300	0.00043965
1567	0.01931410	0.01887400	0.00044009
1568	0.01950530	0.01906390	0.00044141
1569	0.01970260	0.01926070	0.00044195
1570	0.01991810	0.01947520	0.00044293
1571	0.02015970	0.01971700	0.00044275
1572	0.02043720	0.01999420	0.00044300
1573	0.02074890	0.02030650	0.00044244
1574	0.02109260	0.02065010	0.00044256
1575	0.02145720	0.02101540	0.00044184
1576	0.02183310	0.02139120	0.00044190
1577	0.02220330	0.02176200	0.00044132
1578	0.02255130	0.02210960	0.00044163
1579	0.02285760	0.02241610	0.00044147
1580	0.02310950	0.02266720	0.00044233
1581	0.02329480	0.02285180	0.00044301
1582	0.02341470	0.02296980	0.00044485
1583	0.02347360	0.02302730	0.00044630
1584	0.02349090	0.02304230	0.00044862
1585	0.02347950	0.02302930	0.00045022
1586	0.02346060	0.02300810	0.00045244
1587	0.02344970	0.02299600	0.00045363
1588	0.02346330	0.02300820	0.00045513
1589	0.02350680	0.02305140	0.00045544
1590	0.02358220	0.02312630	0.00045588
1591	0.02368270	0.02322780	0.00045487
1592	0.02380390	0.02335000	0.00045387
1593	0.02393700	0.02348560	0.00045140
1594	0.02407920	0.02363000	0.00044917
1595	0.02423120	0.02378530	0.00044594
1596	0.02439540	0.02395200	0.00044345
1597	0.02456670	0.02412640	0.00044037
1598	0.02474140	0.02430310	0.00043830
1599	0.02491330	0.02447750	0.00043580
1600	0.02508010	0.02464580	0.00043435
1601	0.02523370	0.02480130	0.00043249
1602	0.02536830	0.02493660	0.00043170
1603	0.02547500	0.02504450	0.00043051
1604	0.02554920	0.02511880	0.00043031
1605	0.02558190	0.02515230	0.00042962
1606	0.02557830	0.02514840	0.00042988
1607	0.02554350	0.02511390	0.00042961
1608	0.02549200	0.02506180	0.00043022
1609	0.02543130	0.02500120	0.00043016
1610	0.02537600	0.02494520	0.00043086
1611	0.02533600	0.02490520	0.00043078
1612	0.02532420	0.02489280	0.00043133
1613	0.02534610	0.02491500	0.00043105
1614	0.02540380	0.02497240	0.00043138
1615	0.02549360	0.02506270	0.00043094
1616	0.02561240	0.02518120	0.00043122
1617	0.02575370	0.02532280	0.00043093
1618	0.02591260	0.02548100	0.00043156
1619	0.02608020	0.02564840	0.00043175
1620	0.02625160	0.02581870	0.00043295
1621	0.02641790	0.02598420	0.00043373
1622	0.02657510	0.02613960	0.00043549
1623	0.02671740	0.02628060	0.00043681
1624	0.02684310	0.02640400	0.00043904
1625	0.02694700	0.02650620	0.00044076
1626	0.02702880	0.02658540	0.00044333
1627	0.02708530	0.02663990	0.00044537
1628	0.02711770	0.02666950	0.00044820
1629	0.02712500	0.02667460	0.00045045
1630	0.02711010	0.02665660	0.00045344
1631	0.02707330	0.02661750	0.00045576
1632	0.02701940	0.02656060	0.00045880
1633	0.02694910	0.02648800	0.00046113
1634	0.02686540	0.02640130	0.00046413
1635	0.02676750	0.02630110	0.00046636
1636	0.02665700	0.02618780	0.00046921
1637	0.02653370	0.02606250	0.00047122
1638	0.02639930	0.02592550	0.00047381
1639	0.02625340	0.02577790	0.00047551
1640	0.02609800	0.02562020	0.00047777
1641	0.02593290	0.02545380	0.00047911
1642	0.02576080	0.02527980	0.00048099
1643	0.02558210	0.02510020	0.00048191
1644	0.02539960	0.02491630	0.00048335
1645	0.02521520	0.02473140	0.00048379
1646	0.02503080	0.02454600	0.00048474
1647	0.02484780	0.02436310	0.00048473
1648	0.02466940	0.02418420	0.00048525
1649	0.02449540	0.02401060	0.00048481
1650	0.02432870	0.02384380	0.00048493
1651	0.02416900	0.02368490	0.00048414
1652	0.02402010	0.02353610	0.00048396
1653	0.02388040	0.02339750	0.00048291
1654	0.02375160	0.02326910	0.00048248
1655	0.02363340	0.02315220	0.00048123
1656	0.02352740	0.02304680	0.00048068
1657	0.02343310	0.02295380	0.00047936
1658	0.02335290	0.02287420	0.00047878
1659	0.02328800	0.02281050	0.00047746
1660	0.02323730	0.02276040	0.00047686
1661	0.02320040	0.02272480	0.00047556
1662	0.02317740	0.02270240	0.00047502
1663	0.02316880	0.02269500	0.00047381
1664	0.02317480	0.02270140	0.00047339
1665	0.02319650	0.02272420	0.00047231
1666	0.02323480	0.02276280	0.00047201
1667	0.02329010	0.02281900	0.00047107
1668	0.02336330	0.02289240	0.00047093
1669	0.02345460	0.02298440	0.00047019
1670	0.02356170	0.02309140	0.00047026
1671	0.02368220	0.02321250	0.00046973
1672	0.02381300	0.02334300	0.00047003
1673	0.02395000	0.02348030	0.00046973
1674	0.02409050	0.02362020	0.00047025
1675	0.02423150	0.02376130	0.00047017
1676	0.02437200	0.02390120	0.00047087
1677	0.02450980	0.02403880	0.00047095
1678	0.02464320	0.02417140	0.00047180
1679	0.02476890	0.02429690	0.00047203
1680	0.02488310	0.02441010	0.00047303
1681	0.02498050	0.02450710	0.00047339
1682	0.02505880	0.02458430	0.00047447
1683	0.02511440	0.02463950	0.00047489
1684	0.02514790	0.02467190	0.00047604
1685	0.02516030	0.02468380	0.00047649
1686	0.02515360	0.02467590	0.00047767
1687	0.02512620	0.02464810	0.00047811
1688	0.02508080	0.02460150	0.00047931
1689	0.02501790	0.02453810	0.00047974
1690	0.02494000	0.02445910	0.00048090
1691	0.02484700	0.02436570	0.00048124
1692	0.02474310	0.02426080	0.00048231
1693	0.02462840	0.02414590	0.00048252
1694	0.02450690	0.02402350	0.00048346
1695	0.02437810	0.02389460	0.00048351
1696	0.02424440	0.02376020	0.00048426
1697	0.02410380	0.02361980	0.00048408
1698	0.02395760	0.02347300	0.00048459
1699	0.02380320	0.02331900	0.00048416
1700	0.02364440	0.02316000	0.00048439
1701	0.02347990	0.02299620	0.00048370
1702	0.02331370	0.02283000	0.00048369
1703	0.02314400	0.02266120	0.00048274
1704	0.02297450	0.02249200	0.00048246
1705	0.02280480	0.02232350	0.00048133
1706	0.02263790	0.02215700	0.00048093
1707	0.02247040	0.02199070	0.00047970
1708	0.02230380	0.02182450	0.00047926
1709	0.02213510	0.02165710	0.00047800
1710	0.02196800	0.02149050	0.00047753
1711	0.02180010	0.02132370	0.00047633
1712	0.02163470	0.02115880	0.00047596
1713	0.02146850	0.02099360	0.00047484
1714	0.02130650	0.02083200	0.00047453
1715	0.02114900	0.02067550	0.00047346
1716	0.02100230	0.02052910	0.00047321
1717	0.02086370	0.02039150	0.00047225
1718	0.02073960	0.02026750	0.00047212
1719	0.02062950	0.02015820	0.00047127
1720	0.02053770	0.02006640	0.00047124
1721	0.02046170	0.01999120	0.00047050
1722	0.02040400	0.01993340	0.00047059
1723	0.02036420	0.01989420	0.00046997
1724	0.02034500	0.01987480	0.00047018
1725	0.02034070	0.01987100	0.00046968
1726	0.02035250	0.01988250	0.00046997
1727	0.02037500	0.01990550	0.00046950
1728	0.02040780	0.01993810	0.00046977
1729	0.02045260	0.01998340	0.00046925
1730	0.02051270	0.02004320	0.00046947
1731	0.02059190	0.02012300	0.00046891
1732	0.02069260	0.02022350	0.00046908
1733	0.02081520	0.02034670	0.00046848
1734	0.02096330	0.02049460	0.00046866
1735	0.02113330	0.02066520	0.00046813
1736	0.02132930	0.02086090	0.00046839
1737	0.02154740	0.02107940	0.00046797
1738	0.02178730	0.02131900	0.00046838
1739	0.02204200	0.02157380	0.00046813
1740	0.02230360	0.02183500	0.00046864
1741	0.02255880	0.02209050	0.00046838
1742	0.02279560	0.02232680	0.00046879
1743	0.02299890	0.02253060	0.00046836
1744	0.02315860	0.02269000	0.00046855
1745	0.02326410	0.02279630	0.00046783
1746	0.02331210	0.02284440	0.00046770
1747	0.02330350	0.02283680	0.00046669
1748	0.02324960	0.02278330	0.00046630
1749	0.02316380	0.02269880	0.00046510
1750	0.02306190	0.02259720	0.00046461
1751	0.02295210	0.02248860	0.00046343
1752	0.02284590	0.02238290	0.00046302
1753	0.02274840	0.02228650	0.00046193
1754	0.02266590	0.02220430	0.00046161
1755	0.02259790	0.02213730	0.00046059
1756	0.02254800	0.02208770	0.00046028
1757	0.02251570	0.02205650	0.00045918
1758	0.02250360	0.02204490	0.00045875
1759	0.02251020	0.02205280	0.00045745
1760	0.02253850	0.02208170	0.00045678
1761	0.02258650	0.02213120	0.00045529
1762	0.02265650	0.02220200	0.00045451
1763	0.02274540	0.02229240	0.00045299
1764	0.02285210	0.02239990	0.00045221
1765	0.02297300	0.02252220	0.00045074
1766	0.02310690	0.02265680	0.00045005
1767	0.02324800	0.02279930	0.00044873
1768	0.02339440	0.02294620	0.00044824
1769	0.02353930	0.02309220	0.00044711
1770	0.02368100	0.02323420	0.00044683
1771	0.02381290	0.02336700	0.00044593
1772	0.02393630	0.02349040	0.00044585
1773	0.02404780	0.02360260	0.00044512
1774	0.02414950	0.02370430	0.00044520
1775	0.02423930	0.02379470	0.00044460
1776	0.02431930	0.02387450	0.00044479
1777	0.02438780	0.02394340	0.00044431
1778	0.02444870	0.02400410	0.00044462
1779	0.02450160	0.02405740	0.00044426
1780	0.02454990	0.02410520	0.00044465
1781	0.02459280	0.02414840	0.00044433
1782	0.02463330	0.02418870	0.00044458
1783	0.02467060	0.02422680	0.00044383
1784	0.02470640	0.02426300	0.00044337
1785	0.02474150	0.02429920	0.00044231
1786	0.02478290	0.02434050	0.00044240
1787	0.02483120	0.02438920	0.00044206
1788	0.02488970	0.02444730	0.00044246
1789	0.02495890	0.02451680	0.00044209
1790	0.02504160	0.02459920	0.00044241
1791	0.02513710	0.02469510	0.00044201
1792	0.02524630	0.02480380	0.00044250
1793	0.02536700	0.02492450	0.00044245
1794	0.02549900	0.02505560	0.00044340
1795	0.02564030	0.02519650	0.00044380
1796	0.02579150	0.02534620	0.00044524
1797	0.02595100	0.02550490	0.00044606
1798	0.02611910	0.02567130	0.00044780
1799	0.02629380	0.02584480	0.00044891
1800	0.02647560	0.02602470	0.00045089
1801	0.02666360	0.02621130	0.00045227
1802	0.02685810	0.02640360	0.00045457
1803	0.02705820	0.02660190	0.00045630
1804	0.02726450	0.02680560	0.00045890
1805	0.02747300	0.02701200	0.00046099
1806	0.02768550	0.02722150	0.00046392
1807	0.02789690	0.02743130	0.00046566
1808	0.02810510	0.02763760	0.00046755
1809	0.02829600	0.02782740	0.00046861
1810	0.02846270	0.02799170	0.00047102
1811	0.02859920	0.02812600	0.00047328
1812	0.02870160	0.02822520	0.00047632
1813	0.02876650	0.02828820	0.00047837
1814	0.02879390	0.02831300	0.00048091
1815	0.02878180	0.02829930	0.00048258
1816	0.02873280	0.02824740	0.00048542
1817	0.02864620	0.02815840	0.00048771
1818	0.02852380	0.02803320	0.00049059
1819	0.02836580	0.02787330	0.00049256
1820	0.02817650	0.02768130	0.00049522
1821	0.02795690	0.02745970	0.00049712
1822	0.02770930	0.02720970	0.00049961
1823	0.02743670	0.02693560	0.00050109
1824	0.02714550	0.02664250	0.00050304
1825	0.02684120	0.02633720	0.00050396
1826	0.02653060	0.02602520	0.00050540
1827	0.02622080	0.02571500	0.00050584
1828	0.02591870	0.02541180	0.00050686
1829	0.02562870	0.02512180	0.00050692
1830	0.02535750	0.02484990	0.00050761
1831	0.02510720	0.02459980	0.00050742
1832	0.02487890	0.02437090	0.00050794
1833	0.02466860	0.02416100	0.00050761
1834	0.02447500	0.02396700	0.00050795
1835	0.02429510	0.02378770	0.00050743
1836	0.02412890	0.02362130	0.00050758
1837	0.02397560	0.02346870	0.00050691
1838	0.02383800	0.02333110	0.00050693
1839	0.02371890	0.02321280	0.00050615
1840	0.02362030	0.02311430	0.00050603
1841	0.02354250	0.02303730	0.00050512
1842	0.02348540	0.02298040	0.00050496
1843	0.02344810	0.02294400	0.00050408
1844	0.02342990	0.02292580	0.00050402
1845	0.02342820	0.02292490	0.00050329
1846	0.02344070	0.02293730	0.00050339
1847	0.02346330	0.02296050	0.00050281
1848	0.02349380	0.02299080	0.00050303
1849	0.02353000	0.02302750	0.00050252
1850	0.02357050	0.02306780	0.00050277
1851	0.02361200	0.02310970	0.00050227
1852	0.02365340	0.02315090	0.00050250
1853	0.02369330	0.02319130	0.00050201
1854	0.02373120	0.02322890	0.00050227
1855	0.02376560	0.02326380	0.00050181
1856	0.02379690	0.02329480	0.00050211
1857	0.02382500	0.02332330	0.00050169
1858	0.02384930	0.02334730	0.00050200
1859	0.02386860	0.02336700	0.00050157
1860	0.02388370	0.02338190	0.00050182
1861	0.02389360	0.02339230	0.00050127
1862	0.02389910	0.02339770	0.00050137
1863	0.02389870	0.02339800	0.00050065
1864	0.02389270	0.02339210	0.00050058
1865	0.02388020	0.02338050	0.00049968
1866	0.02386280	0.02336330	0.00049943
1867	0.02384080	0.02334240	0.00049835
1868	0.02381700	0.02331910	0.00049793
1869	0.02379170	0.02329500	0.00049668
1870	0.02376720	0.02327110	0.00049609
1871	0.02374380	0.02324910	0.00049469
1872	0.02372200	0.02322810	0.00049395
1873	0.02370050	0.02320800	0.00049246
1874	0.02368050	0.02318880	0.00049168
1875	0.02365910	0.02316890	0.00049020
1876	0.02363580	0.02314630	0.00048945
1877	0.02360790	0.02311980	0.00048802
1878	0.02357230	0.02308500	0.00048734
1879	0.02352640	0.02304030	0.00048601
1880	0.02346850	0.02298300	0.00048545
1881	0.02339330	0.02290900	0.00048424
1882	0.02330250	0.02281870	0.00048379
1883	0.02319450	0.02271180	0.00048268
1884	0.02307170	0.02258940	0.00048236
1885	0.02293270	0.02245130	0.00048136
1886	0.02278090	0.02229980	0.00048116
1887	0.02261700	0.02213670	0.00048030
1888	0.02244570	0.02196550	0.00048025
1889	0.02226650	0.02178690	0.00047953
1890	0.02208520	0.02160560	0.00047962
1891	0.02190110	0.02142210	0.00047904
1892	0.02171800	0.02123870	0.00047928
1893	0.02153380	0.02105500	0.00047881
1894	0.02135290	0.02087380	0.00047910
1895	0.02117560	0.02069700	0.00047861
1896	0.02100630	0.02052750	0.00047882
1897	0.02084420	0.02036600	0.00047819
1898	0.02069220	0.02021400	0.00047822
1899	0.02054940	0.02007200	0.00047736
1900	0.02041670	0.01993960	0.00047713
1901	0.02029090	0.01981490	0.00047602
1902	0.02016920	0.01969360	0.00047553
1903	0.02004820	0.01957410	0.00047415
1904	0.01992890	0.01945550	0.00047338
1905	0.01980840	0.01933660	0.00047174
1906	0.01968660	0.01921580	0.00047073
1907	0.01956280	0.01909390	0.00046888
1908	0.01943640	0.01896870	0.00046763
1909	0.01930580	0.01884020	0.00046556
1910	0.01917200	0.01870790	0.00046412
1911	0.01903720	0.01857530	0.00046190
1912	0.01890560	0.01844530	0.00046033
1913	0.01878050	0.01832250	0.00045805
1914	0.01867000	0.01821350	0.00045654
1915	0.01857840	0.01812390	0.00045442
1916	0.01851380	0.01806060	0.00045318
1917	0.01848080	0.01802940	0.00045142
1918	0.01848500	0.01803430	0.00045063
1919	0.01852750	0.01807820	0.00044932
1920	0.01861290	0.01816390	0.00044899
1921	0.01873800	0.01828990	0.00044811
1922	0.01890060	0.01845250	0.00044810
1923	0.01909410	0.01864660	0.00044743
1924	0.01931070	0.01886320	0.00044750
1925	0.01954440	0.01909760	0.00044677
1926	0.01979200	0.01934530	0.00044668
1927	0.02004400	0.01959830	0.00044571
1928	0.02029460	0.01984930	0.00044531
1929	0.02054360	0.02009960	0.00044403
1930	0.02079300	0.02034970	0.00044328
1931	0.02104200	0.02060020	0.00044177
1932	0.02129780	0.02085690	0.00044095
1933	0.02155430	0.02111490	0.00043941
1934	0.02180940	0.02137080	0.00043856
1935	0.02205640	0.02161940	0.00043701
1936	0.02228890	0.02185260	0.00043631
1937	0.02249110	0.02205600	0.00043516
1938	0.02265770	0.02222270	0.00043498
1939	0.02278070	0.02234630	0.00043436
1940	0.02286180	0.02242710	0.00043472
1941	0.02290140	0.02246670	0.00043471
1942	0.02290330	0.02246750	0.00043579
1943	0.02286970	0.02243320	0.00043657
1944	0.02280830	0.02236980	0.00043844
1945	0.02272610	0.02228620	0.00043989
1946	0.02263060	0.02218820	0.00044237
1947	0.02252700	0.02208270	0.00044433
1948	0.02242720	0.02198000	0.00044716
1949	0.02233650	0.02188720	0.00044931
1950	0.02226550	0.02181340	0.00045218
1951	0.02221990	0.02176570	0.00045420
1952	0.02220640	0.02174950	0.00045685
1953	0.02222470	0.02176610	0.00045858
1954	0.02227680	0.02181610	0.00046075
1955	0.02235990	0.02189810	0.00046176
1956	0.02247300	0.02201000	0.00046303
1957	0.02261130	0.02214830	0.00046303
1958	0.02277460	0.02231130	0.00046325
1959	0.02295520	0.02249290	0.00046229
1960	0.02315370	0.02269210	0.00046167
1961	0.02336540	0.02290550	0.00045993
1962	0.02358610	0.02312750	0.00045859
1963	0.02381010	0.02335380	0.00045630
1964	0.02403530	0.02358070	0.00045460
1965	0.02425660	0.02380450	0.00045209
1966	0.02447060	0.02402030	0.00045029
1967	0.02467150	0.02422370	0.00044781
1968	0.02485570	0.02440950	0.00044618
1969	0.02501500	0.02457100	0.00044401
1970	0.02514290	0.02470010	0.00044284
1971	0.02523370	0.02479250	0.00044130
1972	0.02528980	0.02484900	0.00044088
1973	0.02531340	0.02487330	0.00044016
1974	0.02530960	0.02486900	0.00044054
1975	0.02528140	0.02484090	0.00044048
1976	0.02524090	0.02479960	0.00044129
1977	0.02519350	0.02475210	0.00044145
1978	0.02515120	0.02470890	0.00044223
1979	0.02512190	0.02467980	0.00044207
1980	0.02511500	0.02467270	0.00044229
1981	0.02513390	0.02469250	0.00044143
1982	0.02518690	0.02474600	0.00044096
1983	0.02527630	0.02483680	0.00043954
1984	0.02540730	0.02496860	0.00043870
1985	0.02557820	0.02514110	0.00043713
1986	0.02578650	0.02535020	0.00043635
1987	0.02602460	0.02558950	0.00043510
1988	0.02628530	0.02585040	0.00043489
1989	0.02655950	0.02612520	0.00043433
1990	0.02683880	0.02640390	0.00043490
1991	0.02711210	0.02667690	0.00043516
1992	0.02737030	0.02693380	0.00043653
1993	0.02760430	0.02716670	0.00043759
1994	0.02780610	0.02736640	0.00043971
1995	0.02796800	0.02752670	0.00044136
1996	0.02808920	0.02764520	0.00044397
1997	0.02816720	0.02772110	0.00044603
1998	0.02820620	0.02775730	0.00044894
1999	0.02821100	0.02775970	0.00045126
2000	0.02819050	0.02773620	0.00045433
2001	0.02815070	0.02769400	0.00045677
2002	0.02809980	0.02763990	0.00045995
2003	0.02804360	0.02758120	0.00046245
2004	0.02798700	0.02752140	0.00046559
2005	0.02793170	0.02746370	0.00046806
2006	0.02787930	0.02740800	0.00047121
2007	0.02782930	0.02735560	0.00047370
2008	0.02778190	0.02730500	0.00047695
2009	0.02773130	0.02725180	0.00047952
2010	0.02767510	0.02719230	0.00048283
2011	0.02760820	0.02712270	0.00048545
2012	0.02752740	0.02703860	0.00048878
2013	0.02742990	0.02693850	0.00049135
2014	0.02731900	0.02682450	0.00049459
2015	0.02719440	0.02669740	0.00049691
2016	0.02705910	0.02655940	0.00049977
2017	0.02691450	0.02641280	0.00050167
2018	0.02676190	0.02625780	0.00050412
2019	0.02659960	0.02609400	0.00050561
2020	0.02642670	0.02591900	0.00050761
2021	0.02623690	0.02572840	0.00050851
2022	0.02603030	0.02552040	0.00050984
2023	0.02580730	0.02529730	0.00051008
2024	0.02557470	0.02506400	0.00051075
2025	0.02533710	0.02482680	0.00051033
2026	0.02510330	0.02459300	0.00051032
2027	0.02487460	0.02436540	0.00050916
2028	0.02465710	0.02414860	0.00050849
2029	0.02445200	0.02394520	0.00050679
2030	0.02426230	0.02375670	0.00050561
2031	0.02408960	0.02358620	0.00050346
2032	0.02393860	0.02343680	0.00050186
2033	0.02380910	0.02330990	0.00049928
2034	0.02370440	0.02320700	0.00049733
2035	0.02362420	0.02312960	0.00049456
2036	0.02357050	0.02307800	0.00049255
2037	0.02354090	0.02305110	0.00048986
2038	0.02353150	0.02304350	0.00048801
2039	0.02354160	0.02305600	0.00048559
2040	0.02357120	0.02308710	0.00048409
2041	0.02362260	0.02314050	0.00048211
2042	0.02369790	0.02321680	0.00048109
2043	0.02379540	0.02331590	0.00047955
2044	0.02391100	0.02343200	0.00047898
2045	0.02403490	0.02355690	0.00047794
2046	0.02415750	0.02367970	0.00047782
2047	0.02427420	0.02379710	0.00047713
2048	0.02438320	0.02390600	0.00047721
2049	0.02448630	0.02400970	0.00047665
2050	0.02458460	0.02410770	0.00047684
2051	0.02468100	0.02420460	0.00047641
2052	0.02477520	0.02429850	0.00047671
2053	0.02486350	0.02438720	0.00047630
2054	0.02494460	0.02446790	0.00047663
2055	0.02501630	0.02453990	0.00047634
2056	0.02507700	0.02460030	0.00047677
2057	0.02512630	0.02464970	0.00047661
2058	0.02516510	0.02468790	0.00047717
2059	0.02519410	0.02471700	0.00047714
2060	0.02521780	0.02473990	0.00047789
2061	0.02523580	0.02475780	0.00047803
2062	0.02525260	0.02477360	0.00047901
2063	0.02526580	0.02478630	0.00047949
2064	0.02527690	0.02479600	0.00048093
2065	0.02528360	0.02480170	0.00048195
2066	0.02528710	0.02480310	0.00048399
2067	0.02528280	0.02479730	0.00048556
2068	0.02527120	0.02478310	0.00048811
2069	0.02524820	0.02475810	0.00049008
2070	0.02521370	0.02472070	0.00049297
2071	0.02516330	0.02466810	0.00049520
2072	0.02509570	0.02459750	0.00049825
2073	0.02500840	0.02450790	0.00050051
2074	0.02490430	0.02440080	0.00050347
2075	0.02478200	0.02427650	0.00050550
2076	0.02464340	0.02413530	0.00050815
2077	0.02448520	0.02397540	0.00050977
2078	0.02431120	0.02379930	0.00051189
2079	0.02412110	0.02360820	0.00051292
2080	0.02391940	0.02340500	0.00051446
2081	0.02370570	0.02319080	0.00051492
2082	0.02348420	0.02296840	0.00051588
2083	0.02325520	0.02273950	0.00051573
2084	0.02302370	0.02250770	0.00051606
2085	0.02279050	0.02227510	0.00051536
2086	0.02256030	0.02204500	0.00051524
2087	0.02233190	0.02181770	0.00051417
2088	0.02211060	0.02159690	0.00051372
2089	0.02189550	0.02138310	0.00051234
2090	0.02168820	0.02117660	0.00051158
2091	0.02148450	0.02097450	0.00050993
2092	0.02128710	0.02077820	0.00050891
2093	0.02109480	0.02058770	0.00050704
2094	0.02091120	0.02040530	0.00050587
2095	0.02073420	0.02023030	0.00050390
2096	0.02056350	0.02006080	0.00050265
2097	0.02039670	0.01989610	0.00050062
2098	0.02023780	0.01973840	0.00049931
2099	0.02008930	0.01959210	0.00049721
2100	0.01995860	0.01946270	0.00049583
2101	0.01984510	0.01935140	0.00049369
2102	0.01975130	0.01925910	0.00049229
2103	0.01967860	0.01918850	0.00049014
2104	0.01963000	0.01914120	0.00048874
2105	0.01960830	0.01912160	0.00048663
2106	0.01961800	0.01913270	0.00048532
2107	0.01966140	0.01917800	0.00048337
2108	0.01974150	0.01925930	0.00048226
2109	0.01986070	0.01938010	0.00048057
2110	0.02001980	0.01954000	0.00047977
2111	0.02021490	0.01973640	0.00047843
2112	0.02044280	0.01996480	0.00047799
2113	0.02070190	0.02022490	0.00047698
2114	0.02099250	0.02051570	0.00047680
2115	0.02131030	0.02083420	0.00047605
2116	0.02165850	0.02118240	0.00047619
2117	0.02203230	0.02155650	0.00047580
2118	0.02242760	0.02195120	0.00047634
2119	0.02283440	0.02235800	0.00047638
2120	0.02323800	0.02276060	0.00047735
2121	0.02361620	0.02313840	0.00047783
2122	0.02394900	0.02346990	0.00047915
2123	0.02422070	0.02374090	0.00047986
2124	0.02443390	0.02395260	0.00048132
2125	0.02459020	0.02410800	0.00048214
2126	0.02470540	0.02422170	0.00048372
2127	0.02479010	0.02430540	0.00048461
2128	0.02485700	0.02437080	0.00048617
2129	0.02491370	0.02442680	0.00048695
2130	0.02496650	0.02447810	0.00048839
2131	0.02501300	0.02452390	0.00048911
2132	0.02505600	0.02456540	0.00049052
2133	0.02509170	0.02460050	0.00049123
2134	0.02512360	0.02463090	0.00049269
2135	0.02515270	0.02465930	0.00049340
2136	0.02518550	0.02469090	0.00049468
2137	0.02522280	0.02472770	0.00049512
2138	0.02526630	0.02477020	0.00049607
2139	0.02531040	0.02481430	0.00049608
2140	0.02535860	0.02486200	0.00049660
2141	0.02541060	0.02491430	0.00049624
2142	0.02547170	0.02497530	0.00049633
2143	0.02554100	0.02504550	0.00049554
2144	0.02561820	0.02512280	0.00049531
2145	0.02569490	0.02520070	0.00049420
2146	0.02576930	0.02527550	0.00049380
2147	0.02583520	0.02534260	0.00049269
2148	0.02589190	0.02539960	0.00049229
2149	0.02593030	0.02543920	0.00049112
2150	0.02594960	0.02545880	0.00049080
2151	0.02594660	0.02545680	0.00048985
2152	0.02592510	0.02543530	0.00048979
2153	0.02588310	0.02539400	0.00048907
2154	0.02582150	0.02533230	0.00048916
2155	0.02574200	0.02525340	0.00048854
2156	0.02564870	0.02516010	0.00048863
2157	0.02553840	0.02505040	0.00048797
2158	0.02541390	0.02492590	0.00048794
2159	0.02527460	0.02478750	0.00048708
2160	0.02512540	0.02463850	0.00048681
2161	0.02496470	0.02447900	0.00048569
2162	0.02479690	0.02431180	0.00048509
2163	0.02462140	0.02413780	0.00048358
2164	0.02444330	0.02396060	0.00048264
2165	0.02426290	0.02378210	0.00048075
2166	0.02408810	0.02360860	0.00047952
2167	0.02392160	0.02344400	0.00047755
2168	0.02377190	0.02329560	0.00047635
2169	0.02364130	0.02316690	0.00047442
2170	0.02353630	0.02306300	0.00047325
2171	0.02345770	0.02298630	0.00047136
2172	0.02340970	0.02293940	0.00047028
2173	0.02338840	0.02291990	0.00046855
2174	0.02339430	0.02292670	0.00046765
2175	0.02342130	0.02295510	0.00046617
2176	0.02346510	0.02299950	0.00046559
2177	0.02351760	0.02305310	0.00046449
2178	0.02357270	0.02310830	0.00046432
2179	0.02362380	0.02316010	0.00046368
2180	0.02366720	0.02320320	0.00046394
2181	0.02369530	0.02323170	0.00046366
2182	0.02370460	0.02324040	0.00046429
2183	0.02369450	0.02323030	0.00046425
2184	0.02366780	0.02320280	0.00046496
2185	0.02362520	0.02316030	0.00046491
2186	0.02356990	0.02310440	0.00046554
2187	0.02350350	0.02303820	0.00046536
2188	0.02343130	0.02296540	0.00046586
2189	0.02335500	0.02288940	0.00046562
2190	0.02327760	0.02281160	0.00046603
2191	0.02320010	0.02273450	0.00046560
2192	0.02312520	0.02265940	0.00046579
2193	0.02305320	0.02258800	0.00046521
2194	0.02298310	0.02251780	0.00046532
2195	0.02291080	0.02244600	0.00046478
2196	0.02283510	0.02237010	0.00046501
2197	0.02275490	0.02229020	0.00046465
2198	0.02267240	0.02220720	0.00046516
2199	0.02258660	0.02212150	0.00046518
2200	0.02250170	0.02203550	0.00046614
2201	0.02241730	0.02195060	0.00046669
2202	0.02233330	0.02186510	0.00046818
2203	0.02224650	0.02177740	0.00046919
2204	0.02215600	0.02168500	0.00047099
2205	0.02205900	0.02158680	0.00047219
2206	0.02195800	0.02148390	0.00047403
2207	0.02185260	0.02137750	0.00047513
2208	0.02174500	0.02126830	0.00047673
2209	0.02163570	0.02115820	0.00047747
2210	0.02152750	0.02104890	0.00047867
2211	0.02142410	0.02094510	0.00047900
2212	0.02132840	0.02084850	0.00047984
2213	0.02124200	0.02076210	0.00047989
2214	0.02116630	0.02068580	0.00048051
2215	0.02110280	0.02062240	0.00048033
2216	0.02105240	0.02057170	0.00048069
2217	0.02101540	0.02053520	0.00048026
2218	0.02099090	0.02051060	0.00048036
2219	0.02097680	0.02049720	0.00047963
2220	0.02097340	0.02049390	0.00047945
2221	0.02098010	0.02050160	0.00047847
2222	0.02099790	0.02051980	0.00047807
2223	0.02102540	0.02054860	0.00047687
2224	0.02105950	0.02058320	0.00047625
2225	0.02109460	0.02061970	0.00047488
2226	0.02112710	0.02065300	0.00047413
2227	0.02115300	0.02068040	0.00047264
2228	0.02117170	0.02069990	0.00047177
2229	0.02118240	0.02071230	0.00047014
2230	0.02118570	0.02071660	0.00046912
2231	0.02118130	0.02071400	0.00046732
2232	0.02117020	0.02070400	0.00046618
2233	0.02115240	0.02068820	0.00046426
2234	0.02112790	0.02066490	0.00046301
2235	0.02109570	0.02063470	0.00046100
2236	0.02105560	0.02059590	0.00045971
2237	0.02100680	0.02054900	0.00045771
2238	0.02095280	0.02049630	0.00045647
2239	0.02089370	0.02043920	0.00045451
2240	0.02083230	0.02037900	0.00045330
2241	0.02076960	0.02031830	0.00045134
2242	0.02070910	0.02025900	0.00045011
2243	0.02065150	0.02020340	0.00044813
2244	0.02060100	0.02015410	0.00044687
2245	0.02055810	0.02011330	0.00044485
2246	0.02052710	0.02008360	0.00044351
2247	0.02051030	0.02006890	0.00044139
2248	0.02051140	0.02007150	0.00043994
2249	0.02053280	0.02009520	0.00043766
2250	0.02057690	0.02014080	0.00043606
2251	0.02064330	0.02020960	0.00043371
2252	0.02073290	0.02030080	0.00043212
2253	0.02084330	0.02041350	0.00042982
2254	0.02097140	0.02054300	0.00042836
2255	0.02111410	0.02068790	0.00042624
2256	0.02126880	0.02084380	0.00042501
2257	0.02142960	0.02100650	0.00042318
2258	0.02159370	0.02117140	0.00042226
2259	0.02175710	0.02133630	0.00042086
2260	0.02191710	0.02149650	0.00042054
2261	0.02206960	0.02164980	0.00041983
2262	0.02221550	0.02179520	0.00042030
2263	0.02235410	0.02193360	0.00042048
2264	0.02249240	0.02207040	0.00042202
2265	0.02263830	0.02221490	0.00042340
2266	0.02279830	0.02237230	0.00042601
2267	0.02297620	0.02254790	0.00042824
2268	0.02317280	0.02274120	0.00043160
2269	0.02338380	0.02294930	0.00043442
2270	0.02360580	0.02316750	0.00043828
2271	0.02382620	0.02338470	0.00044149
2272	0.02403910	0.02359370	0.00044539
2273	0.02423510	0.02378670	0.00044835
2274	0.02440870	0.02395700	0.00045173
2275	0.02455050	0.02409650	0.00045396
2276	0.02466060	0.02420400	0.00045658
2277	0.02474110	0.02428310	0.00045799
2278	0.02480270	0.02434280	0.00045997
2279	0.02485170	0.02439070	0.00046095
2280	0.02489770	0.02443510	0.00046265
2281	0.02494230	0.02447880	0.00046348
2282	0.02498930	0.02452410	0.00046512
2283	0.02503310	0.02456720	0.00046590
2284	0.02507250	0.02460510	0.00046738
2285	0.02509890	0.02463100	0.00046786
2286	0.02511130	0.02464240	0.00046896
2287	0.02510150	0.02463250	0.00046908
2288	0.02507230	0.02460270	0.00046968
2289	0.02501980	0.02455050	0.00046933
2290	0.02494830	0.02447870	0.00046966
2291	0.02485570	0.02438660	0.00046910
2292	0.02474550	0.02427640	0.00046916
2293	0.02461750	0.02414920	0.00046829
2294	0.02447910	0.02401100	0.00046806
2295	0.02433080	0.02386380	0.00046701
2296	0.02417920	0.02371240	0.00046676
2297	0.02402690	0.02356110	0.00046580
2298	0.02388490	0.02341920	0.00046576
2299	0.02375580	0.02329070	0.00046505
2300	0.02364560	0.02318040	0.00046521
2301	0.02355150	0.02308690	0.00046458
2302	0.02347500	0.02301030	0.00046468
2303	0.02341290	0.02294890	0.00046398
2304	0.02336640	0.02290250	0.00046389
2305	0.02333340	0.02287040	0.00046302
2306	0.02331510	0.02285230	0.00046277
2307	0.02330680	0.02284500	0.00046175
2308	0.02330790	0.02284660	0.00046135
2309	0.02331390	0.02285360	0.00046024
2310	0.02332520	0.02286540	0.00045975
2311	0.02333780	0.02287920	0.00045862
2312	0.02335210	0.02289380	0.00045825
2313	0.02336640	0.02290920	0.00045728
2314	0.02338200	0.02292490	0.00045711
2315	0.02339790	0.02294150	0.00045638
2316	0.02341850	0.02296220	0.00045640
2317	0.02344160	0.02298580	0.00045577
2318	0.02346880	0.02301290	0.00045594
2319	0.02349790	0.02304240	0.00045555
2320	0.02353200	0.02307600	0.00045600
2321	0.02357020	0.02311430	0.00045585
2322	0.02361730	0.02316080	0.00045652
2323	0.02367380	0.02321720	0.00045660
2324	0.02374180	0.02328430	0.00045754
2325	0.02381880	0.02336090	0.00045791
2326	0.02390620	0.02344700	0.00045915
2327	0.02400360	0.02354370	0.00045988
2328	0.02411150	0.02365000	0.00046151
2329	0.02422680	0.02376420	0.00046259
2330	0.02434710	0.02388260	0.00046451
2331	0.02446890	0.02400310	0.00046576
2332	0.02458930	0.02412160	0.00046767
2333	0.02470500	0.02423630	0.00046863
2334	0.02481290	0.02434210	0.00047079
2335	0.02491310	0.02444030	0.00047277
2336	0.02500410	0.02452840	0.00047563
2337	0.02508650	0.02460890	0.00047763
2338	0.02516340	0.02468320	0.00048014
2339	0.02523770	0.02475600	0.00048176
2340	0.02531280	0.02482870	0.00048415
2341	0.02538960	0.02490370	0.00048583
2342	0.02546740	0.02497920	0.00048823
2343	0.02554230	0.02505260	0.00048973
2344	0.02561290	0.02512110	0.00049184
2345	0.02567710	0.02518400	0.00049305
2346	0.02573340	0.02523860	0.00049486
2347	0.02578150	0.02528570	0.00049580
2348	0.02582050	0.02532320	0.00049736
2349	0.02585030	0.02535220	0.00049812
2350	0.02587170	0.02537220	0.00049949
2351	0.02588430	0.02538420	0.00050010
2352	0.02588840	0.02538700	0.00050136
2353	0.02588210	0.02538020	0.00050187
2354	0.02586250	0.02535950	0.00050304
2355	0.02582750	0.02532410	0.00050344
2356	0.02577510	0.02527060	0.00050440
2357	0.02570370	0.02519920	0.00050446
2358	0.02561630	0.02511120	0.00050509
2359	0.02551670	0.02501180	0.00050492
2360	0.02540970	0.02490430	0.00050544
2361	0.02529200	0.02478670	0.00050526
2362	0.02516250	0.02465660	0.00050585
2363	0.02502240	0.02451670	0.00050572
2364	0.02487940	0.02437320	0.00050618
2365	0.02474480	0.02423870	0.00050604
2366	0.02462780	0.02412170	0.00050612
2367	0.02452720	0.02402270	0.00050459
2368	0.02444550	0.02394170	0.00050375
2369	0.02438260	0.02388000	0.00050254
2370	0.02433260	0.02383040	0.00050220
2371	0.02429160	0.02379050	0.00050116
2372	0.02426220	0.02376140	0.00050080
2373	0.02424970	0.02375010	0.00049962
2374	0.02426200	0.02376330	0.00049871
2375	0.02430270	0.02380570	0.00049694
2376	0.02437740	0.02388080	0.00049662
2377	0.02448210	0.02398630	0.00049584
2378	0.02461530	0.02411940	0.00049584
2379	0.02476950	0.02427430	0.00049521
2380	0.02493760	0.02444280	0.00049473
2381	0.02511280	0.02461930	0.00049355
2382	0.02529200	0.02479870	0.00049327
2383	0.02546830	0.02497570	0.00049257
2384	0.02563770	0.02514500	0.00049274
2385	0.02579400	0.02530170	0.00049228
2386	0.02593460	0.02544210	0.00049247
2387	0.02605870	0.02556660	0.00049204
2388	0.02617160	0.02567910	0.00049250
2389	0.02627520	0.02578270	0.00049249
2390	0.02636500	0.02587160	0.00049334
2391	0.02642880	0.02593510	0.00049369
2392	0.02646540	0.02597050	0.00049489
2393	0.02647500	0.02597950	0.00049552
2394	0.02646150	0.02596450	0.00049695
2395	0.02642780	0.02593010	0.00049774
2396	0.02638060	0.02588130	0.00049930
2397	0.02632700	0.02582680	0.00050019
2398	0.02627410	0.02577230	0.00050184
2399	0.02622170	0.02571890	0.00050279
2400	0.02617180	0.02566730	0.00050448
2401	0.02612240	0.02561690	0.00050542
2402	0.02607460	0.02556750	0.00050706
2403	0.02602870	0.02552070	0.00050798
2404	0.02598710	0.02547750	0.00050961
2405	0.02594830	0.02543780	0.00051048
2406	0.02591220	0.02540020	0.00051203
2407	0.02587540	0.02536260	0.00051283
2408	0.02583830	0.02532410	0.00051427
2409	0.02579610	0.02528120	0.00051490
2410	0.02574730	0.02523110	0.00051615
2411	0.02568760	0.02517100	0.00051659
2412	0.02561640	0.02509870	0.00051768
2413	0.02553250	0.02501450	0.00051795
2414	0.02543970	0.02492090	0.00051881
2415	0.02533790	0.02481910	0.00051881
2416	0.02523300	0.02471360	0.00051939
2417	0.02512470	0.02460560	0.00051910
2418	0.02501620	0.02449680	0.00051937
2419	0.02490890	0.02439010	0.00051878
2420	0.02480640	0.02428760	0.00051873
2421	0.02470800	0.02419020	0.00051781
2422	0.02461770	0.02410030	0.00051745
2423	0.02453680	0.02402060	0.00051627
2424	0.02447010	0.02395440	0.00051567
2425	0.02441930	0.02390500	0.00051430
2426	0.02438840	0.02387490	0.00051359
2427	0.02437690	0.02386470	0.00051219
2428	0.02438600	0.02387450	0.00051149
2429	0.02441360	0.02390340	0.00051015
2430	0.02446000	0.02395040	0.00050958
2431	0.02452340	0.02401500	0.00050842
2432	0.02459850	0.02409040	0.00050801
2433	0.02468010	0.02417300	0.00050703
2434	0.02476510	0.02425830	0.00050681
2435	0.02484760	0.02434160	0.00050601
2436	0.02492240	0.02441640	0.00050595
2437	0.02498640	0.02448110	0.00050528
2438	0.02504130	0.02453600	0.00050531
2439	0.02508210	0.02457750	0.00050467
2440	0.02510580	0.02460120	0.00050467
2441	0.02511050	0.02460650	0.00050397
2442	0.02509540	0.02459150	0.00050391
2443	0.02505820	0.02455510	0.00050309
2444	0.02499790	0.02449500	0.00050285
2445	0.02491400	0.02441220	0.00050181
2446	0.02480790	0.02430660	0.00050133
2447	0.02468110	0.02418110	0.00050001
2448	0.02453430	0.02403510	0.00049923
2449	0.02436480	0.02386720	0.00049758
2450	0.02417230	0.02367580	0.00049650
2451	0.02395560	0.02346100	0.00049455
2452	0.02371710	0.02322390	0.00049317
2453	0.02345580	0.02296480	0.00049096
2454	0.02317580	0.02268640	0.00048938
2455	0.02287850	0.02239140	0.00048703
2456	0.02256720	0.02208180	0.00048540
2457	0.02224420	0.02176120	0.00048305
2458	0.02191530	0.02143380	0.00048144
2459	0.02158410	0.02110500	0.00047913
2460	0.02125720	0.02077970	0.00047753
2461	0.02093640	0.02046120	0.00047519
2462	0.02062620	0.02015260	0.00047355
2463	0.02032580	0.01985470	0.00047115
2464	0.02003790	0.01956840	0.00046946
2465	0.01976410	0.01929710	0.00046699
2466	0.01951380	0.01904860	0.00046520
2467	0.01929810	0.01883550	0.00046259
2468	0.01912920	0.01866850	0.00046067
2469	0.01901590	0.01855790	0.00045799
2470	0.01896550	0.01850950	0.00045602
2471	0.01898280	0.01852950	0.00045333
2472	0.01907560	0.01862430	0.00045134
2473	0.01924910	0.01880050	0.00044862
2474	0.01950370	0.01905700	0.00044667
2475	0.01983620	0.01939200	0.00044413
2476	0.02024200	0.01979950	0.00044250
2477	0.02071260	0.02027210	0.00044048
2478	0.02122820	0.02078860	0.00043958
2479	0.02175450	0.02131620	0.00043835
2480	0.02225920	0.02182100	0.00043814
2481	0.02271330	0.02227600	0.00043738
2482	0.02309380	0.02265640	0.00043742
2483	0.02339390	0.02295710	0.00043675
2484	0.02361650	0.02317970	0.00043677
2485	0.02377010	0.02333400	0.00043612
2486	0.02387010	0.02343380	0.00043631
2487	0.02392770	0.02349170	0.00043598
2488	0.02395110	0.02351450	0.00043660
2489	0.02395270	0.02351570	0.00043695
2490	0.02394440	0.02350600	0.00043839
2491	0.02393680	0.02349730	0.00043946
2492	0.02394200	0.02350050	0.00044145
2493	0.02396490	0.02352200	0.00044293
2494	0.02400530	0.02356000	0.00044530
2495	0.02405630	0.02360930	0.00044701
2496	0.02411370	0.02366430	0.00044935
2497	0.02416960	0.02371870	0.00045089
2498	0.02422420	0.02377120	0.00045302
2499	0.02427500	0.02382080	0.00045423
2500	0.02432630	0.02387030	0.00045605
