Time	Cd Total	Cd Pressure	Cd Viscous
1	0.17227400	0.16630100	0.00597260
2	0.23150900	0.22412400	0.00738440
3	0.29014300	0.28121200	0.00893110
4	0.31716700	0.30680100	0.01036570
5	0.29992600	0.28834200	0.01158450
6	0.24601300	0.23353400	0.01247890
7	0.17700000	0.16392800	0.01307190
8	0.11688400	0.10348400	0.01339960
9	0.08292100	0.06939440	0.01352650
10	0.08122350	0.06773150	0.01349200
11	0.10685800	0.09352550	0.01333280
12	0.14715400	0.13409200	0.01306150
13	0.18816600	0.17544900	0.01271690
14	0.21850900	0.20618200	0.01232730
15	0.23286800	0.22094700	0.01192140
16	0.23151700	0.22000000	0.01151740
17	0.21939800	0.20826900	0.01112890
18	0.20326300	0.19249800	0.01076470
19	0.18934400	0.17891100	0.01043300
20	0.18169000	0.17155200	0.01013840
21	0.18138700	0.17150500	0.00988195
22	0.18712900	0.17746800	0.00966156
23	0.19618300	0.18670600	0.00947681
24	0.20563800	0.19631900	0.00931918
25	0.21321100	0.20402700	0.00918472
26	0.21783000	0.20876200	0.00906807
27	0.21952100	0.21055600	0.00896499
28	0.21909300	0.21022200	0.00887176
29	0.21771800	0.20893000	0.00878781
30	0.21655600	0.20784100	0.00871472
31	0.21632500	0.20767300	0.00865188
32	0.21734700	0.20874800	0.00859865
33	0.21944800	0.21089400	0.00855474
34	0.22225800	0.21374000	0.00851831
35	0.22532800	0.21684100	0.00848703
36	0.22821500	0.21975600	0.00845886
37	0.23070200	0.22226900	0.00843299
38	0.23273300	0.22432700	0.00840580
39	0.23434900	0.22597200	0.00837657
40	0.23576100	0.22741700	0.00834478
41	0.23715700	0.22884700	0.00830989
42	0.23868600	0.23041600	0.00826993
43	0.24045300	0.23222900	0.00822365
44	0.24251300	0.23434200	0.00817126
45	0.24486400	0.23675300	0.00811156
46	0.24744600	0.23940200	0.00804434
47	0.25022500	0.24225200	0.00797250
48	0.25308200	0.24518300	0.00789907
49	0.25605400	0.24822700	0.00782656
50	0.25913000	0.25137300	0.00775625
51	0.26231800	0.25463100	0.00768700
52	0.26560200	0.25798400	0.00761793
53	0.26892400	0.26137400	0.00754973
54	0.27220900	0.26472600	0.00748338
55	0.27542200	0.26800200	0.00741962
56	0.27855600	0.27119600	0.00735960
57	0.28158300	0.27427900	0.00730343
58	0.28452200	0.27727300	0.00724879
59	0.28733500	0.28014000	0.00719533
60	0.29008400	0.28294100	0.00714300
61	0.29280500	0.28571500	0.00709058
62	0.29553600	0.28849900	0.00703650
63	0.29831300	0.29133200	0.00698113
64	0.30117800	0.29425400	0.00692357
65	0.30414900	0.29728500	0.00686326
66	0.30723700	0.30043800	0.00679920
67	0.31045700	0.30372700	0.00672967
68	0.31381800	0.30716500	0.00665314
69	0.31726500	0.31069400	0.00657061
70	0.32069700	0.31421600	0.00648097
71	0.32395700	0.31757500	0.00638262
72	0.32694500	0.32066800	0.00627720
73	0.32951000	0.32334400	0.00616649
74	0.33161500	0.32556000	0.00605518
75	0.33334600	0.32739900	0.00594709
76	0.33480000	0.32895800	0.00584234
77	0.33600500	0.33026500	0.00574053
78	0.33698800	0.33134700	0.00564095
79	0.33775300	0.33220900	0.00554409
80	0.33827000	0.33282000	0.00544978
81	0.33857200	0.33321400	0.00535879
82	0.33876100	0.33348900	0.00527193
83	0.33898600	0.33379600	0.00518966
84	0.33942400	0.33431300	0.00511113
85	0.34023300	0.33519700	0.00503584
86	0.34150900	0.33654600	0.00496309
87	0.34333800	0.33844400	0.00489339
88	0.34573000	0.34090300	0.00482680
89	0.34863700	0.34387400	0.00476318
90	0.35199400	0.34729100	0.00470249
91	0.35576400	0.35112000	0.00464423
92	0.35985200	0.35526400	0.00458822
93	0.36424000	0.35970600	0.00453445
94	0.36891100	0.36442700	0.00448350
95	0.37385400	0.36941900	0.00443582
96	0.37903300	0.37464200	0.00439042
97	0.38437400	0.38002800	0.00434585
98	0.38976400	0.38546300	0.00430096
99	0.39507500	0.39082100	0.00425405
100	0.40011800	0.39591400	0.00420442
101	0.40473500	0.40058200	0.00415253
102	0.40880800	0.40470800	0.00409976
103	0.41228700	0.40823900	0.00404731
104	0.41520000	0.41120400	0.00399585
105	0.41763700	0.41369300	0.00394394
106	0.41969900	0.41580700	0.00389215
107	0.42151600	0.41767500	0.00384025
108	0.42313900	0.41935100	0.00378832
109	0.42458500	0.42084800	0.00373699
110	0.42584000	0.42215400	0.00368613
111	0.42686700	0.42323200	0.00363592
112	0.42765000	0.42406200	0.00358766
113	0.42822500	0.42468300	0.00354185
114	0.42862000	0.42512100	0.00349955
115	0.42888800	0.42542700	0.00346098
116	0.42909900	0.42567200	0.00342694
117	0.42930300	0.42590500	0.00339849
118	0.42954200	0.42616600	0.00337587
119	0.42985800	0.42649900	0.00335956
120	0.43026900	0.42692100	0.00334850
121	0.43078500	0.42744300	0.00334190
122	0.43140600	0.42806600	0.00333950
123	0.43208200	0.42874100	0.00334162
124	0.43277800	0.42942900	0.00334824
125	0.43341800	0.43005900	0.00335926
126	0.43396700	0.43059300	0.00337393
127	0.43444500	0.43105400	0.00339111
128	0.43479000	0.43138000	0.00340999
129	0.43499000	0.43156000	0.00343030
130	0.43496900	0.43151700	0.00345165
131	0.43473000	0.43125700	0.00347263
132	0.43422400	0.43073200	0.00349261
133	0.43348500	0.42997400	0.00351086
134	0.43250000	0.42897400	0.00352629
135	0.43132500	0.42778700	0.00353784
136	0.42996300	0.42641800	0.00354522
137	0.42842300	0.42487400	0.00354882
138	0.42668700	0.42313800	0.00354909
139	0.42480400	0.42125700	0.00354688
140	0.42284000	0.41929700	0.00354383
141	0.42088200	0.41734100	0.00354095
142	0.41901500	0.41547600	0.00353900
143	0.41730400	0.41376500	0.00353836
144	0.41578200	0.41224400	0.00353852
145	0.41447200	0.41093300	0.00353863
146	0.41337600	0.40983800	0.00353789
147	0.41245100	0.40891500	0.00353598
148	0.41166300	0.40813000	0.00353289
149	0.41095800	0.40743100	0.00352775
150	0.41030100	0.40678000	0.00352117
151	0.40964200	0.40612900	0.00351308
152	0.40898900	0.40548500	0.00350405
153	0.40831000	0.40481600	0.00349447
154	0.40765000	0.40416600	0.00348447
155	0.40703700	0.40356300	0.00347411
156	0.40651500	0.40305100	0.00346428
157	0.40608700	0.40263100	0.00345611
158	0.40570400	0.40225400	0.00345005
159	0.40533600	0.40189000	0.00344605
160	0.40490400	0.40146000	0.00344430
161	0.40441500	0.40097000	0.00344467
162	0.40383900	0.40039200	0.00344694
163	0.40321900	0.39976800	0.00345098
164	0.40258900	0.39913200	0.00345625
165	0.40200200	0.39854000	0.00346197
166	0.40150000	0.39803200	0.00346766
167	0.40108700	0.39761400	0.00347296
168	0.40074700	0.39727000	0.00347729
169	0.40047600	0.39699600	0.00348049
170	0.40027400	0.39679200	0.00348246
171	0.40014600	0.39666200	0.00348357
172	0.40008400	0.39659900	0.00348436
173	0.40010600	0.39662100	0.00348554
174	0.40017900	0.39669300	0.00348664
175	0.40031800	0.39683100	0.00348733
176	0.40055400	0.39706700	0.00348776
177	0.40093300	0.39744500	0.00348826
178	0.40143800	0.39794900	0.00348907
179	0.40208500	0.39859400	0.00349098
180	0.40281600	0.39932200	0.00349441
181	0.40356800	0.40006800	0.00349983
182	0.40431400	0.40080600	0.00350754
183	0.40501800	0.40150000	0.00351795
184	0.40563900	0.40210800	0.00353123
185	0.40615100	0.40260300	0.00354733
186	0.40653600	0.40296900	0.00356631
187	0.40677500	0.40318700	0.00358791
188	0.40685700	0.40324600	0.00361174
189	0.40679100	0.40315400	0.00363700
190	0.40655300	0.40289000	0.00366282
191	0.40611100	0.40242200	0.00368890
192	0.40543700	0.40172300	0.00371450
193	0.40449600	0.40075700	0.00373896
194	0.40331800	0.39955600	0.00376170
195	0.40195400	0.39817100	0.00378227
196	0.40043700	0.39663600	0.00380045
197	0.39885200	0.39503500	0.00381637
198	0.39728800	0.39345800	0.00382975
199	0.39585500	0.39201500	0.00384050
200	0.39460900	0.39076000	0.00384870
201	0.39356100	0.38970600	0.00385500
202	0.39271200	0.38885200	0.00385993
203	0.39201100	0.38814700	0.00386385
204	0.39141300	0.38754600	0.00386688
205	0.39085700	0.38698800	0.00386887
206	0.39029600	0.38642600	0.00386959
207	0.38971200	0.38584400	0.00386844
208	0.38910700	0.38524100	0.00386565
209	0.38848800	0.38462600	0.00386133
210	0.38787400	0.38401800	0.00385545
211	0.38730500	0.38345700	0.00384828
212	0.38678200	0.38294200	0.00384002
213	0.38632100	0.38249000	0.00383066
214	0.38592500	0.38210500	0.00382068
215	0.38561900	0.38180900	0.00381042
216	0.38541600	0.38161600	0.00379984
217	0.38535200	0.38156200	0.00378951
218	0.38545600	0.38167600	0.00378006
219	0.38575800	0.38198600	0.00377177
220	0.38625800	0.38249400	0.00376444
221	0.38695300	0.38319500	0.00375790
222	0.38778900	0.38403700	0.00375203
223	0.38874400	0.38499800	0.00374671
224	0.38976000	0.38601800	0.00374210
225	0.39079300	0.38705500	0.00373828
226	0.39179400	0.38805900	0.00373546
227	0.39273400	0.38899900	0.00373423
228	0.39358800	0.38985400	0.00373433
229	0.39435900	0.39062400	0.00373576
230	0.39503000	0.39129200	0.00373819
231	0.39560100	0.39186000	0.00374114
232	0.39606500	0.39232100	0.00374464
233	0.39641200	0.39266400	0.00374821
234	0.39661500	0.39286300	0.00375214
235	0.39664600	0.39289000	0.00375596
236	0.39647500	0.39271500	0.00375920
237	0.39604300	0.39228200	0.00376168
238	0.39531100	0.39154800	0.00376306
239	0.39425200	0.39048800	0.00376340
240	0.39288200	0.38911900	0.00376262
241	0.39121600	0.38745500	0.00376074
242	0.38931500	0.38555700	0.00375792
243	0.38721600	0.38346100	0.00375431
244	0.38498200	0.38123200	0.00374993
245	0.38264900	0.37890500	0.00374470
246	0.38026900	0.37653000	0.00373834
247	0.37786700	0.37413700	0.00373052
248	0.37547700	0.37175500	0.00372183
249	0.37311300	0.36940100	0.00371225
250	0.37080700	0.36710500	0.00370229
251	0.36857900	0.36488800	0.00369179
252	0.36645600	0.36277400	0.00368174
253	0.36446200	0.36079000	0.00367241
254	0.36265800	0.35899400	0.00366419
255	0.36103900	0.35738200	0.00365669
256	0.35960100	0.35595000	0.00365056
257	0.35830600	0.35466000	0.00364570
258	0.35714900	0.35350700	0.00364219
259	0.35611400	0.35247400	0.00364046
260	0.35519400	0.35155400	0.00364062
261	0.35437900	0.35073700	0.00364228
262	0.35366100	0.35001600	0.00364490
263	0.35302400	0.34937600	0.00364840
264	0.35246700	0.34881400	0.00365268
265	0.35197100	0.34831400	0.00365768
266	0.35153000	0.34786700	0.00366320
267	0.35115700	0.34748800	0.00366919
268	0.35086000	0.34718400	0.00367576
269	0.35063100	0.34694800	0.00368271
270	0.35047300	0.34678300	0.00369032
271	0.35037300	0.34667400	0.00369875
272	0.35032600	0.34661800	0.00370821
273	0.35030800	0.34659000	0.00371848
274	0.35030700	0.34657700	0.00372957
275	0.35029300	0.34655100	0.00374170
276	0.35024400	0.34648900	0.00375470
277	0.35015800	0.34639000	0.00376788
278	0.35003100	0.34625000	0.00378080
279	0.34988600	0.34609400	0.00379259
280	0.34972700	0.34592400	0.00380300
281	0.34956300	0.34575100	0.00381217
282	0.34938900	0.34556900	0.00382002
283	0.34922200	0.34539500	0.00382650
284	0.34904600	0.34521500	0.00383158
285	0.34888700	0.34505100	0.00383552
286	0.34872800	0.34488900	0.00383872
287	0.34855700	0.34471500	0.00384142
288	0.34836000	0.34451700	0.00384360
289	0.34814100	0.34429600	0.00384515
290	0.34789700	0.34405100	0.00384582
291	0.34764400	0.34379900	0.00384524
292	0.34737800	0.34353500	0.00384360
293	0.34711600	0.34327500	0.00384081
294	0.34688800	0.34305100	0.00383679
295	0.34671900	0.34288700	0.00383151
296	0.34661300	0.34278800	0.00382506
297	0.34659700	0.34277900	0.00381779
298	0.34667800	0.34286800	0.00381020
299	0.34686400	0.34306100	0.00380281
300	0.34709900	0.34330300	0.00379580
301	0.34732100	0.34353200	0.00378922
302	0.34746200	0.34367900	0.00378293
303	0.34750900	0.34373300	0.00377660
304	0.34751100	0.34374100	0.00377022
305	0.34746000	0.34369700	0.00376359
306	0.34737200	0.34361500	0.00375660
307	0.34722300	0.34347300	0.00374944
308	0.34696500	0.34322400	0.00374163
309	0.34660400	0.34287200	0.00373268
310	0.34621500	0.34249200	0.00372220
311	0.34577700	0.34206700	0.00370993
312	0.34528600	0.34159000	0.00369586
313	0.34470500	0.34102500	0.00367977
314	0.34401700	0.34035500	0.00366205
315	0.34324900	0.33960500	0.00364311
316	0.34240500	0.33878100	0.00362363
317	0.34153000	0.33792600	0.00360395
318	0.34064900	0.33706500	0.00358441
319	0.33980200	0.33623700	0.00356520
320	0.33897200	0.33542500	0.00354699
321	0.33817800	0.33464800	0.00353010
322	0.33741600	0.33390100	0.00351494
323	0.33671500	0.33321300	0.00350187
324	0.33606900	0.33257800	0.00349085
325	0.33548500	0.33200400	0.00348161
326	0.33495700	0.33148300	0.00347386
327	0.33449400	0.33102600	0.00346731
328	0.33408300	0.33062100	0.00346205
329	0.33374300	0.33028500	0.00345837
330	0.33346900	0.33001200	0.00345626
331	0.33328900	0.32983300	0.00345562
332	0.33318700	0.32973000	0.00345646
333	0.33318200	0.32972300	0.00345861
334	0.33326500	0.32980300	0.00346189
335	0.33342100	0.32995500	0.00346619
336	0.33363500	0.33016300	0.00347126
337	0.33392000	0.33044300	0.00347706
338	0.33428600	0.33080200	0.00348382
339	0.33473100	0.33123900	0.00349190
340	0.33523000	0.33172900	0.00350116
341	0.33577800	0.33226700	0.00351132
342	0.33637500	0.33285200	0.00352294
343	0.33703300	0.33349700	0.00353615
344	0.33775600	0.33420500	0.00355114
345	0.33853700	0.33496900	0.00356765
346	0.33938700	0.33580100	0.00358579
347	0.34029100	0.33668500	0.00360516
348	0.34123000	0.33760400	0.00362595
349	0.34217400	0.33852600	0.00364768
350	0.34311600	0.33944700	0.00366984
351	0.34404700	0.34035600	0.00369172
352	0.34496200	0.34124800	0.00371348
353	0.34585500	0.34212000	0.00373490
354	0.34671500	0.34295900	0.00375604
355	0.34751000	0.34373400	0.00377669
356	0.34822900	0.34443100	0.00379707
357	0.34886800	0.34505100	0.00381737
358	0.34942200	0.34558400	0.00383736
359	0.34990400	0.34604600	0.00385767
360	0.35032300	0.34644500	0.00387778
361	0.35070400	0.34680600	0.00389725
362	0.35105000	0.34713400	0.00391626
363	0.35139100	0.34745700	0.00393457
364	0.35173800	0.34778600	0.00395193
365	0.35210800	0.34813900	0.00396873
366	0.35249600	0.34851100	0.00398471
367	0.35290900	0.34890900	0.00400023
368	0.35333100	0.34931500	0.00401514
369	0.35377800	0.34974900	0.00402893
370	0.35424900	0.35020700	0.00404171
371	0.35475700	0.35070400	0.00405330
372	0.35528100	0.35121800	0.00406354
373	0.35579800	0.35172500	0.00407340
374	0.35629400	0.35221200	0.00408271
375	0.35675900	0.35266700	0.00409244
376	0.35721800	0.35311600	0.00410238
377	0.35769800	0.35358600	0.00411224
378	0.35821900	0.35409700	0.00412221
379	0.35879200	0.35466100	0.00413162
380	0.35940600	0.35526500	0.00414083
381	0.36004600	0.35589700	0.00414914
382	0.36069100	0.35653300	0.00415727
383	0.36132600	0.35716100	0.00416464
384	0.36195000	0.35777800	0.00417184
385	0.36255100	0.35837300	0.00417879
386	0.36312900	0.35894400	0.00418542
387	0.36368500	0.35949300	0.00419193
388	0.36421300	0.36001500	0.00419804
389	0.36470800	0.36050500	0.00420364
390	0.36518700	0.36097800	0.00420879
391	0.36566500	0.36145100	0.00421365
392	0.36612800	0.36191000	0.00421799
393	0.36658400	0.36236300	0.00422171
394	0.36700900	0.36278500	0.00422476
395	0.36738200	0.36315500	0.00422697
396	0.36767800	0.36345000	0.00422793
397	0.36791400	0.36368600	0.00422769
398	0.36810300	0.36387600	0.00422624
399	0.36827400	0.36405000	0.00422372
400	0.36845400	0.36423400	0.00422032
401	0.36865700	0.36444100	0.00421602
402	0.36886900	0.36465800	0.00421088
403	0.36907400	0.36486900	0.00420472
404	0.36924800	0.36505100	0.00419732
405	0.36937800	0.36519000	0.00418859
406	0.36945000	0.36527100	0.00417861
407	0.36947300	0.36530500	0.00416741
408	0.36943700	0.36528200	0.00415519
409	0.36934300	0.36520100	0.00414223
410	0.36917500	0.36504700	0.00412848
411	0.36893800	0.36482300	0.00411487
412	0.36862500	0.36452300	0.00410169
413	0.36824800	0.36415800	0.00408926
414	0.36781600	0.36373800	0.00407753
415	0.36734700	0.36328000	0.00406688
416	0.36685200	0.36279500	0.00405727
417	0.36635500	0.36230600	0.00404896
418	0.36587400	0.36183200	0.00404203
419	0.36542300	0.36138700	0.00403607
420	0.36499700	0.36096600	0.00403146
421	0.36459800	0.36057000	0.00402823
422	0.36421800	0.36019300	0.00402582
423	0.36384500	0.35982100	0.00402436
424	0.36346800	0.35944400	0.00402413
425	0.36305700	0.35903200	0.00402471
426	0.36261700	0.35859100	0.00402609
427	0.36213400	0.35810600	0.00402767
428	0.36161400	0.35758500	0.00402889
429	0.36104100	0.35701100	0.00402967
430	0.36042300	0.35639300	0.00402997
431	0.35975500	0.35572500	0.00402979
432	0.35905200	0.35502200	0.00402926
433	0.35831200	0.35428400	0.00402837
434	0.35754500	0.35351800	0.00402729
435	0.35675800	0.35273200	0.00402631
436	0.35595800	0.35193200	0.00402549
437	0.35515600	0.35113100	0.00402475
438	0.35435100	0.35032700	0.00402384
439	0.35356300	0.34954000	0.00402261
440	0.35280300	0.34878200	0.00402089
441	0.35207700	0.34805800	0.00401841
442	0.35140100	0.34738500	0.00401534
443	0.35079300	0.34678200	0.00401182
444	0.35029600	0.34628700	0.00400821
445	0.34992400	0.34591900	0.00400498
446	0.34971500	0.34571300	0.00400208
447	0.34965500	0.34565500	0.00399934
448	0.34971900	0.34572300	0.00399647
449	0.34988400	0.34589100	0.00399320
450	0.35012300	0.34613300	0.00398958
451	0.35040700	0.34642200	0.00398585
452	0.35073400	0.34675200	0.00398270
453	0.35111400	0.34713500	0.00397962
454	0.35155600	0.34757900	0.00397650
455	0.35206300	0.34808900	0.00397396
456	0.35264200	0.34866900	0.00397256
457	0.35329400	0.34932200	0.00397247
458	0.35402400	0.35004900	0.00397406
459	0.35483400	0.35085600	0.00397763
460	0.35571400	0.35173000	0.00398334
461	0.35664900	0.35265800	0.00399054
462	0.35762500	0.35362500	0.00399933
463	0.35861700	0.35460800	0.00400919
464	0.35960200	0.35558200	0.00401988
465	0.36056200	0.35653000	0.00403125
466	0.36146700	0.35742400	0.00404332
467	0.36229900	0.35824400	0.00405568
468	0.36303600	0.35896800	0.00406792
469	0.36368000	0.35960000	0.00407984
470	0.36418900	0.36009700	0.00409138
471	0.36455200	0.36045000	0.00410277
472	0.36476900	0.36065500	0.00411405
473	0.36483400	0.36070800	0.00412537
474	0.36473300	0.36059600	0.00413681
475	0.36447900	0.36033100	0.00414841
476	0.36407700	0.35991700	0.00415998
477	0.36354500	0.35937300	0.00417143
478	0.36289500	0.35871200	0.00418285
479	0.36214800	0.35795300	0.00419432
480	0.36131200	0.35710600	0.00420572
481	0.36041500	0.35619800	0.00421691
482	0.35947100	0.35524300	0.00422766
483	0.35849800	0.35426000	0.00423782
484	0.35752500	0.35327700	0.00424733
485	0.35655700	0.35230100	0.00425587
486	0.35558100	0.35131800	0.00426353
487	0.35459700	0.35032600	0.00427040
488	0.35364300	0.34936600	0.00427656
489	0.35271400	0.34843200	0.00428216
490	0.35184600	0.34755900	0.00428732
491	0.35103200	0.34674000	0.00429219
492	0.35024300	0.34594600	0.00429665
493	0.34948500	0.34518400	0.00430057
494	0.34871800	0.34441400	0.00430401
495	0.34791100	0.34360400	0.00430673
496	0.34705300	0.34274400	0.00430875
497	0.34615000	0.34184000	0.00431020
498	0.34522300	0.34091200	0.00431103
499	0.34430300	0.33999200	0.00431110
500	0.34341300	0.33910300	0.00431036
501	0.34261000	0.33830100	0.00430872
502	0.34189300	0.33758700	0.00430604
503	0.34126000	0.33695800	0.00430212
504	0.34071000	0.33641400	0.00429674
505	0.34021500	0.33592400	0.00429015
506	0.33976000	0.33547800	0.00428233
507	0.33935600	0.33508300	0.00427340
508	0.33900400	0.33474000	0.00426360
509	0.33871000	0.33445700	0.00425349
510	0.33848400	0.33424100	0.00424254
511	0.33834200	0.33411100	0.00423131
512	0.33829400	0.33407300	0.00422023
513	0.33832200	0.33411300	0.00420969
514	0.33841100	0.33421100	0.00419987
515	0.33852500	0.33433400	0.00419071
516	0.33865200	0.33447000	0.00418217
517	0.33879100	0.33461600	0.00417428
518	0.33892100	0.33475400	0.00416682
519	0.33902100	0.33486100	0.00415981
520	0.33908100	0.33492800	0.00415333
521	0.33905900	0.33491200	0.00414726
522	0.33895200	0.33481100	0.00414110
523	0.33874700	0.33461200	0.00413482
524	0.33844600	0.33431700	0.00412843
525	0.33803100	0.33390900	0.00412275
526	0.33752000	0.33340100	0.00411856
527	0.33693000	0.33281400	0.00411664
528	0.33629100	0.33217400	0.00411714
529	0.33562700	0.33150800	0.00411926
530	0.33496200	0.33083900	0.00412303
531	0.33432600	0.33019700	0.00412812
532	0.33374800	0.32961500	0.00413390
533	0.33330800	0.32916800	0.00414025
534	0.33306900	0.32892200	0.00414688
535	0.33306100	0.32890800	0.00415347
536	0.33329500	0.32913500	0.00415986
537	0.33379900	0.32963300	0.00416606
538	0.33458300	0.33041100	0.00417215
539	0.33560900	0.33143100	0.00417840
540	0.33684700	0.33266200	0.00418483
541	0.33826900	0.33407800	0.00419079
542	0.33986100	0.33566400	0.00419650
543	0.34159300	0.33739100	0.00420198
544	0.34343500	0.33922800	0.00420692
545	0.34536200	0.34115100	0.00421103
546	0.34736400	0.34315100	0.00421348
547	0.34944300	0.34522900	0.00421373
548	0.35154200	0.34733000	0.00421265
549	0.35363700	0.34942700	0.00421023
550	0.35570000	0.35149400	0.00420685
551	0.35769900	0.35349600	0.00420275
552	0.35959700	0.35539900	0.00419821
553	0.36138800	0.35719500	0.00419303
554	0.36305500	0.35886800	0.00418782
555	0.36460100	0.36041800	0.00418265
556	0.36604000	0.36186200	0.00417770
557	0.36738600	0.36321300	0.00417311
558	0.36865200	0.36448300	0.00416938
559	0.36983600	0.36567000	0.00416612
560	0.37093000	0.36676600	0.00416386
561	0.37189900	0.36773600	0.00416300
562	0.37272200	0.36855900	0.00416341
563	0.37336200	0.36919700	0.00416454
564	0.37379000	0.36962300	0.00416673
565	0.37401600	0.36984600	0.00416994
566	0.37406800	0.36989400	0.00417381
567	0.37397100	0.36979300	0.00417849
568	0.37375800	0.36957400	0.00418404
569	0.37345900	0.36926900	0.00419009
570	0.37312100	0.36892400	0.00419655
571	0.37278500	0.36858100	0.00420338
572	0.37249100	0.36828000	0.00421082
573	0.37227500	0.36805700	0.00421888
574	0.37217600	0.36794800	0.00422770
575	0.37222400	0.36798600	0.00423709
576	0.37242600	0.36817900	0.00424692
577	0.37278400	0.36852600	0.00425729
578	0.37330300	0.36903500	0.00426818
579	0.37397600	0.36969600	0.00427976
580	0.37477900	0.37048700	0.00429188
581	0.37571900	0.37141500	0.00430437
582	0.37677500	0.37245800	0.00431702
583	0.37796200	0.37363200	0.00432976
584	0.37926900	0.37492700	0.00434217
585	0.38068800	0.37633400	0.00435400
586	0.38218700	0.37782200	0.00436535
587	0.38373900	0.37936300	0.00437605
588	0.38531300	0.38092600	0.00438622
589	0.38688900	0.38249300	0.00439580
590	0.38844200	0.38403800	0.00440465
591	0.38998100	0.38556900	0.00441226
592	0.39152000	0.38710100	0.00441870
593	0.39309400	0.38867000	0.00442402
594	0.39471500	0.39028700	0.00442843
595	0.39641700	0.39198600	0.00443185
596	0.39819500	0.39376100	0.00443454
597	0.40002600	0.39558900	0.00443681
598	0.40189400	0.39745500	0.00443902
599	0.40374100	0.39929900	0.00444173
600	0.40549000	0.40104500	0.00444537
601	0.40707900	0.40262800	0.00445022
602	0.40844700	0.40399000	0.00445646
603	0.40956700	0.40510300	0.00446381
604	0.41037500	0.40590300	0.00447217
605	0.41083400	0.40635300	0.00448103
606	0.41091400	0.40642400	0.00449003
607	0.41060400	0.40610500	0.00449888
608	0.40984200	0.40533500	0.00450738
609	0.40865400	0.40413900	0.00451486
610	0.40711900	0.40259800	0.00452132
611	0.40532100	0.40079400	0.00452655
612	0.40334700	0.39881600	0.00453065
613	0.40126200	0.39672800	0.00453360
614	0.39915200	0.39461600	0.00453597
615	0.39707900	0.39254100	0.00453794
616	0.39506900	0.39052900	0.00453985
617	0.39313500	0.38859300	0.00454140
618	0.39127300	0.38673100	0.00454216
619	0.38947800	0.38493600	0.00454199
620	0.38776800	0.38322600	0.00454133
621	0.38611800	0.38157700	0.00454057
622	0.38453800	0.37999900	0.00453953
623	0.38304100	0.37850300	0.00453842
624	0.38166600	0.37712800	0.00453789
625	0.38049600	0.37595800	0.00453805
626	0.37958800	0.37504900	0.00453843
627	0.37895600	0.37441700	0.00453847
628	0.37860000	0.37406300	0.00453780
629	0.37846800	0.37393100	0.00453643
630	0.37848800	0.37395400	0.00453405
631	0.37857700	0.37404600	0.00453078
632	0.37865800	0.37413200	0.00452698
633	0.37866700	0.37414400	0.00452249
634	0.37854900	0.37403100	0.00451794
635	0.37826900	0.37375500	0.00451349
636	0.37779900	0.37328900	0.00450962
637	0.37716200	0.37265500	0.00450688
638	0.37639500	0.37188900	0.00450530
639	0.37553900	0.37103500	0.00450472
640	0.37462500	0.37012000	0.00450507
641	0.37368800	0.36918200	0.00450613
642	0.37275100	0.36824300	0.00450759
643	0.37182000	0.36731100	0.00450932
644	0.37088300	0.36637200	0.00451117
645	0.36993900	0.36542600	0.00451331
646	0.36896700	0.36445200	0.00451571
647	0.36794300	0.36342400	0.00451826
648	0.36685000	0.36233000	0.00452066
649	0.36569200	0.36116900	0.00452264
650	0.36448200	0.35995800	0.00452398
651	0.36323600	0.35871100	0.00452499
652	0.36198200	0.35745500	0.00452604
653	0.36073700	0.35621000	0.00452729
654	0.35953500	0.35500600	0.00452900
655	0.35840200	0.35387000	0.00453166
656	0.35738400	0.35284800	0.00453581
657	0.35650900	0.35196700	0.00454180
658	0.35581200	0.35126300	0.00454933
659	0.35529500	0.35073700	0.00455825
660	0.35497200	0.35040300	0.00456835
661	0.35483400	0.35025400	0.00457994
662	0.35489200	0.35029900	0.00459294
663	0.35511300	0.35050600	0.00460693
664	0.35547900	0.35085800	0.00462158
665	0.35593500	0.35129800	0.00463668
666	0.35645900	0.35180700	0.00465229
667	0.35702600	0.35235800	0.00466826
668	0.35763500	0.35295100	0.00468413
669	0.35829700	0.35359700	0.00469968
670	0.35902800	0.35431300	0.00471468
671	0.35982100	0.35509300	0.00472884
672	0.36068400	0.35594200	0.00474197
673	0.36160800	0.35685400	0.00475405
674	0.36259000	0.35782500	0.00476487
675	0.36358800	0.35881400	0.00477425
676	0.36458300	0.35980100	0.00478229
677	0.36553500	0.36074600	0.00478895
678	0.36642300	0.36162900	0.00479411
679	0.36720700	0.36240900	0.00479756
680	0.36785700	0.36305700	0.00479917
681	0.36833600	0.36353700	0.00479887
682	0.36864600	0.36385000	0.00479676
683	0.36875700	0.36396400	0.00479299
684	0.36866400	0.36387600	0.00478769
685	0.36835100	0.36357000	0.00478099
686	0.36782200	0.36304900	0.00477308
687	0.36707200	0.36230800	0.00476406
688	0.36613300	0.36137900	0.00475381
689	0.36502200	0.36027900	0.00474289
690	0.36377500	0.35904300	0.00473172
691	0.36241500	0.35769400	0.00472055
692	0.36097400	0.35626500	0.00470976
693	0.35946100	0.35476100	0.00469998
694	0.35791000	0.35321800	0.00469130
695	0.35631800	0.35163500	0.00468345
696	0.35469400	0.35001700	0.00467687
697	0.35305600	0.34838400	0.00467177
698	0.35142400	0.34675600	0.00466778
699	0.34981800	0.34515300	0.00466491
700	0.34824100	0.34357800	0.00466310
701	0.34669900	0.34203700	0.00466238
702	0.34519700	0.34053400	0.00466257
703	0.34371300	0.33905000	0.00466355
704	0.34222300	0.33755800	0.00466546
705	0.34071600	0.33604800	0.00466862
706	0.33918900	0.33451600	0.00467258
707	0.33766500	0.33298900	0.00467618
708	0.33614300	0.33146300	0.00467989
709	0.33464900	0.32996600	0.00468310
710	0.33321500	0.32853000	0.00468526
711	0.33187200	0.32718600	0.00468642
712	0.33064100	0.32595600	0.00468574
713	0.32956400	0.32487900	0.00468463
714	0.32866200	0.32398000	0.00468240
715	0.32795600	0.32327700	0.00467924
716	0.32744000	0.32276400	0.00467658
717	0.32709300	0.32242000	0.00467328
718	0.32689100	0.32222300	0.00466882
719	0.32684600	0.32218300	0.00466366
720	0.32694000	0.32228300	0.00465710
721	0.32718300	0.32253400	0.00464907
722	0.32758400	0.32294300	0.00464020
723	0.32813400	0.32350300	0.00463047
724	0.32880700	0.32418700	0.00461991
725	0.32958400	0.32497500	0.00460911
726	0.33045200	0.32585400	0.00459805
727	0.33140800	0.32682100	0.00458680
728	0.33244900	0.32787400	0.00457501
729	0.33358400	0.32902100	0.00456265
730	0.33481300	0.33026300	0.00454933
731	0.33613600	0.33160100	0.00453555
732	0.33755100	0.33303000	0.00452157
733	0.33905000	0.33454300	0.00450764
734	0.34062500	0.33613100	0.00449368
735	0.34223800	0.33775800	0.00447979
736	0.34383700	0.33937000	0.00446621
737	0.34536800	0.34091500	0.00445299
738	0.34678700	0.34234700	0.00444081
739	0.34806100	0.34363000	0.00443008
740	0.34917200	0.34475100	0.00442101
741	0.35013100	0.34571700	0.00441419
742	0.35098200	0.34657200	0.00441039
743	0.35175900	0.34734900	0.00441032
744	0.35247300	0.34805900	0.00441391
745	0.35315900	0.34873900	0.00442074
746	0.35382300	0.34939200	0.00443050
747	0.35446100	0.35001800	0.00444235
748	0.35505500	0.35060000	0.00445578
749	0.35558900	0.35111900	0.00447020
750	0.35605900	0.35157400	0.00448519
751	0.35646800	0.35196800	0.00450046
752	0.35682200	0.35230600	0.00451605
753	0.35712100	0.35258900	0.00453199
754	0.35735600	0.35280800	0.00454832
755	0.35749600	0.35293100	0.00456478
756	0.35752600	0.35294500	0.00458083
757	0.35744900	0.35285300	0.00459584
758	0.35728700	0.35267700	0.00460964
759	0.35709600	0.35247400	0.00462209
760	0.35691900	0.35228600	0.00463298
761	0.35681900	0.35217700	0.00464222
762	0.35683400	0.35218400	0.00465010
763	0.35699500	0.35233800	0.00465698
764	0.35729900	0.35263600	0.00466280
765	0.35776400	0.35309700	0.00466769
766	0.35839700	0.35372500	0.00467219
767	0.35923100	0.35455500	0.00467598
768	0.36028600	0.35560700	0.00467918
769	0.36158000	0.35689800	0.00468178
770	0.36311800	0.35843500	0.00468372
771	0.36490400	0.36021900	0.00468525
772	0.36690000	0.36221400	0.00468688
773	0.36905400	0.36436500	0.00468855
774	0.37131400	0.36662400	0.00469010
775	0.37363000	0.36893900	0.00469126
776	0.37597300	0.37128100	0.00469206
777	0.37831000	0.37361800	0.00469247
778	0.38063400	0.37594100	0.00469260
779	0.38293300	0.37824000	0.00469262
780	0.38521300	0.38052100	0.00469260
781	0.38745900	0.38276600	0.00469242
782	0.38967000	0.38497800	0.00469231
783	0.39182800	0.38713500	0.00469227
784	0.39392100	0.38922800	0.00469237
785	0.39593600	0.39124400	0.00469242
786	0.39789600	0.39320300	0.00469247
787	0.39978600	0.39509400	0.00469247
788	0.40163000	0.39693800	0.00469246
789	0.40344800	0.39875500	0.00469245
790	0.40525900	0.40056700	0.00469257
791	0.40707700	0.40238400	0.00469308
792	0.40886900	0.40417500	0.00469421
793	0.41061300	0.40591700	0.00469624
794	0.41227600	0.40757700	0.00469907
795	0.41383500	0.40913300	0.00470255
796	0.41527000	0.41056300	0.00470651
797	0.41656300	0.41185200	0.00471065
798	0.41773500	0.41302100	0.00471464
799	0.41878000	0.41406100	0.00471846
800	0.41969300	0.41497100	0.00472200
801	0.42046200	0.41573700	0.00472492
802	0.42108000	0.41635300	0.00472726
803	0.42154100	0.41681200	0.00472898
804	0.42185100	0.41712100	0.00472976
805	0.42201500	0.41728600	0.00472969
806	0.42202800	0.41729900	0.00472892
807	0.42189500	0.41716700	0.00472743
808	0.42159500	0.41687000	0.00472504
809	0.42113600	0.41641400	0.00472194
810	0.42049300	0.41577500	0.00471845
811	0.41966600	0.41495100	0.00471490
812	0.41866400	0.41395200	0.00471109
813	0.41751400	0.41280700	0.00470716
814	0.41626200	0.41155900	0.00470342
815	0.41494900	0.41024900	0.00470028
816	0.41359100	0.40889300	0.00469837
817	0.41226600	0.40756800	0.00469759
818	0.41099600	0.40629800	0.00469816
819	0.40982100	0.40512000	0.00470025
820	0.40876200	0.40405800	0.00470361
821	0.40785400	0.40314600	0.00470793
822	0.40709200	0.40237800	0.00471331
823	0.40645700	0.40173700	0.00471982
824	0.40593300	0.40120500	0.00472770
825	0.40549500	0.40075800	0.00473683
826	0.40514500	0.40039800	0.00474690
827	0.40487900	0.40012200	0.00475772
828	0.40468100	0.39991200	0.00476893
829	0.40452200	0.39974200	0.00478058
830	0.40437900	0.39958600	0.00479255
831	0.40422100	0.39941700	0.00480445
832	0.40402700	0.39921100	0.00481620
833	0.40376800	0.39894100	0.00482758
834	0.40343200	0.39859400	0.00483836
835	0.40299300	0.39814500	0.00484832
836	0.40245000	0.39759300	0.00485740
837	0.40180800	0.39694200	0.00486578
838	0.40108200	0.39620800	0.00487353
839	0.40026600	0.39538600	0.00488079
840	0.39937400	0.39448600	0.00488763
841	0.39841700	0.39352200	0.00489437
842	0.39741500	0.39251400	0.00490120
843	0.39638000	0.39147200	0.00490811
844	0.39532800	0.39041300	0.00491512
845	0.39429000	0.38936800	0.00492215
846	0.39329400	0.38836500	0.00492916
847	0.39236900	0.38743200	0.00493621
848	0.39154000	0.38659800	0.00494297
849	0.39084400	0.38589400	0.00494935
850	0.39030700	0.38535200	0.00495486
851	0.38994800	0.38498900	0.00495966
852	0.38977000	0.38480600	0.00496374
853	0.38976500	0.38479800	0.00496757
854	0.38992400	0.38495200	0.00497103
855	0.39023600	0.38526200	0.00497381
856	0.39067700	0.38570100	0.00497570
857	0.39121800	0.38624100	0.00497680
858	0.39182600	0.38684900	0.00497725
859	0.39246900	0.38749200	0.00497723
860	0.39311500	0.38813900	0.00497666
861	0.39371900	0.38874400	0.00497561
862	0.39424900	0.38927400	0.00497431
863	0.39465500	0.38968200	0.00497302
864	0.39491900	0.38994700	0.00497182
865	0.39500700	0.39003600	0.00497049
866	0.39491400	0.38994500	0.00496888
867	0.39461900	0.38965200	0.00496712
868	0.39413000	0.38916500	0.00496532
869	0.39344900	0.38848600	0.00496354
870	0.39260700	0.38764600	0.00496145
871	0.39164500	0.38668600	0.00495906
872	0.39061200	0.38565500	0.00495656
873	0.38953400	0.38458000	0.00495437
874	0.38844800	0.38349500	0.00495292
875	0.38737500	0.38242300	0.00495265
876	0.38633700	0.38138400	0.00495293
877	0.38535300	0.38040000	0.00495357
878	0.38445000	0.37949600	0.00495463
879	0.38363900	0.37868200	0.00495636
880	0.38291700	0.37795800	0.00495880
881	0.38228600	0.37732400	0.00496194
882	0.38175000	0.37678400	0.00496598
883	0.38129700	0.37632700	0.00497070
884	0.38091900	0.37594300	0.00497634
885	0.38058800	0.37560500	0.00498232
886	0.38029200	0.37530300	0.00498875
887	0.38000600	0.37501100	0.00499530
888	0.37970700	0.37470600	0.00500163
889	0.37936300	0.37435500	0.00500777
890	0.37895100	0.37393800	0.00501337
891	0.37843400	0.37341600	0.00501810
892	0.37780600	0.37278500	0.00502148
893	0.37702900	0.37200600	0.00502303
894	0.37608600	0.37106400	0.00502279
895	0.37496500	0.36994500	0.00502056
896	0.37368900	0.36867200	0.00501657
897	0.37228400	0.36727400	0.00501059
898	0.37078100	0.36577800	0.00500299
899	0.36920000	0.36420600	0.00499360
900	0.36757200	0.36258900	0.00498290
901	0.36592400	0.36095300	0.00497125
902	0.36428800	0.35932800	0.00495966
903	0.36269700	0.35774800	0.00494847
904	0.36119300	0.35625500	0.00493814
905	0.35982600	0.35489700	0.00492869
906	0.35863500	0.35371400	0.00492043
907	0.35766300	0.35275000	0.00491295
908	0.35692900	0.35202300	0.00490644
909	0.35642800	0.35152700	0.00490098
910	0.35614400	0.35124700	0.00489665
911	0.35606200	0.35116800	0.00489351
912	0.35615900	0.35126700	0.00489166
913	0.35639900	0.35150700	0.00489128
914	0.35674600	0.35185400	0.00489263
915	0.35715400	0.35225800	0.00489543
916	0.35758100	0.35268100	0.00489953
917	0.35798700	0.35308300	0.00490468
918	0.35834300	0.35343300	0.00491049
919	0.35863300	0.35371600	0.00491681
920	0.35885400	0.35393100	0.00492316
921	0.35902600	0.35409700	0.00492930
922	0.35914100	0.35420600	0.00493498
923	0.35920800	0.35426700	0.00494017
924	0.35921800	0.35427400	0.00494393
925	0.35915900	0.35421300	0.00494655
926	0.35901100	0.35406400	0.00494771
927	0.35875300	0.35380500	0.00494797
928	0.35837100	0.35342400	0.00494715
929	0.35787000	0.35292400	0.00494555
930	0.35726400	0.35232000	0.00494348
931	0.35658000	0.35163900	0.00494123
932	0.35585000	0.35091100	0.00493909
933	0.35511500	0.35017700	0.00493769
934	0.35440000	0.34946300	0.00493739
935	0.35374300	0.34880500	0.00493814
936	0.35312400	0.34818400	0.00493983
937	0.35254100	0.34759900	0.00494230
938	0.35198600	0.34704100	0.00494528
939	0.35146200	0.34651400	0.00494834
940	0.35095900	0.34600900	0.00495095
941	0.35047100	0.34551800	0.00495248
942	0.34998800	0.34503500	0.00495277
943	0.34948300	0.34453100	0.00495151
944	0.34895500	0.34400700	0.00494856
945	0.34843900	0.34349500	0.00494414
946	0.34795500	0.34301600	0.00493837
947	0.34753000	0.34259800	0.00493164
948	0.34717700	0.34225200	0.00492433
949	0.34691800	0.34200100	0.00491688
950	0.34674700	0.34183700	0.00490937
951	0.34664400	0.34174200	0.00490196
952	0.34658700	0.34169200	0.00489491
953	0.34656500	0.34167700	0.00488828
954	0.34656200	0.34168000	0.00488233
955	0.34656700	0.34169000	0.00487701
956	0.34657100	0.34169800	0.00487280
957	0.34657700	0.34170700	0.00486988
958	0.34658300	0.34171400	0.00486866
959	0.34661800	0.34174800	0.00486934
960	0.34668000	0.34180800	0.00487182
961	0.34678600	0.34191000	0.00487572
962	0.34693000	0.34204900	0.00488110
963	0.34710900	0.34222100	0.00488760
964	0.34729400	0.34239900	0.00489479
965	0.34746500	0.34256200	0.00490247
966	0.34757700	0.34266600	0.00491059
967	0.34759800	0.34267900	0.00491888
968	0.34751100	0.34258400	0.00492720
969	0.34731100	0.34237500	0.00493535
970	0.34700800	0.34206500	0.00494325
971	0.34662600	0.34167600	0.00495071
972	0.34619900	0.34124100	0.00495790
973	0.34574500	0.34078000	0.00496484
974	0.34527300	0.34030200	0.00497145
975	0.34479100	0.33981400	0.00497768
976	0.34431300	0.33932900	0.00498357
977	0.34385700	0.33886800	0.00498943
978	0.34344300	0.33844800	0.00499525
979	0.34310500	0.33810400	0.00500117
980	0.34286500	0.33785800	0.00500735
981	0.34276500	0.33775100	0.00501411
982	0.34279900	0.33777800	0.00502131
983	0.34296800	0.33793900	0.00502923
984	0.34326700	0.33822900	0.00503797
985	0.34369500	0.33864700	0.00504747
986	0.34423500	0.33917800	0.00505733
987	0.34488000	0.33981200	0.00506745
988	0.34560200	0.34052500	0.00507741
989	0.34638500	0.34129800	0.00508735
990	0.34718400	0.34208700	0.00509757
991	0.34798500	0.34287700	0.00510775
992	0.34877000	0.34365200	0.00511776
993	0.34953500	0.34440800	0.00512751
994	0.35027100	0.34513400	0.00513717
995	0.35095800	0.34581100	0.00514682
996	0.35158100	0.34642500	0.00515620
997	0.35212200	0.34695700	0.00516492
998	0.35258100	0.34740900	0.00517274
999	0.35295000	0.34777000	0.00517990
1000	0.35323200	0.34804500	0.00518647
1001	0.35343300	0.34824000	0.00519264
1002	0.35357200	0.34837300	0.00519865
1003	0.35365600	0.34845200	0.00520466
1004	0.35371400	0.34850400	0.00521051
1005	0.35375800	0.34854200	0.00521612
1006	0.35379800	0.34857700	0.00522180
1007	0.35382900	0.34860100	0.00522786
1008	0.35385200	0.34861700	0.00523428
1009	0.35385900	0.34861800	0.00524126
1010	0.35384900	0.34860100	0.00524872
1011	0.35381200	0.34855500	0.00525637
1012	0.35376700	0.34850200	0.00526429
1013	0.35373200	0.34846000	0.00527246
1014	0.35372100	0.34844000	0.00528064
1015	0.35376400	0.34847500	0.00528884
1016	0.35386300	0.34856600	0.00529693
1017	0.35401800	0.34871300	0.00530478
1018	0.35420400	0.34889200	0.00531253
1019	0.35444300	0.34912300	0.00531992
1020	0.35474700	0.34942000	0.00532669
1021	0.35512000	0.34978800	0.00533255
1022	0.35555800	0.35022100	0.00533731
1023	0.35607700	0.35073700	0.00534068
1024	0.35668900	0.35134600	0.00534244
1025	0.35739800	0.35205600	0.00534247
1026	0.35822600	0.35288500	0.00534059
1027	0.35919400	0.35385800	0.00533659
1028	0.36028900	0.35495900	0.00533046
1029	0.36152300	0.35620100	0.00532227
1030	0.36288700	0.35757500	0.00531229
1031	0.36439900	0.35909800	0.00530061
1032	0.36604400	0.36075600	0.00528751
1033	0.36781400	0.36254100	0.00527319
1034	0.36968900	0.36443100	0.00525793
1035	0.37165500	0.36641300	0.00524187
1036	0.37366800	0.36844200	0.00522547
1037	0.37567800	0.37046900	0.00520899
1038	0.37763000	0.37243800	0.00519273
1039	0.37949400	0.37431800	0.00517623
1040	0.38125700	0.37609800	0.00515902
1041	0.38283400	0.37769300	0.00514119
1042	0.38415000	0.37902700	0.00512274
1043	0.38509300	0.37998900	0.00510430
1044	0.38560500	0.38051800	0.00508654
1045	0.38569600	0.38062600	0.00506983
1046	0.38539500	0.38034100	0.00505436
1047	0.38472100	0.37968100	0.00504027
1048	0.38374100	0.37871300	0.00502753
1049	0.38251300	0.37749700	0.00501612
1050	0.38110500	0.37609900	0.00500580
1051	0.37961700	0.37462100	0.00499646
1052	0.37812800	0.37314000	0.00498823
1053	0.37671900	0.37173800	0.00498097
1054	0.37544700	0.37047200	0.00497474
1055	0.37436000	0.36939100	0.00496976
1056	0.37349100	0.36852500	0.00496605
1057	0.37285900	0.36789500	0.00496352
1058	0.37247100	0.36750900	0.00496210
1059	0.37233400	0.36737300	0.00496147
1060	0.37243600	0.36747500	0.00496152
1061	0.37276000	0.36779800	0.00496178
1062	0.37329800	0.36833600	0.00496188
1063	0.37403500	0.36907400	0.00496154
1064	0.37495800	0.36999700	0.00496056
1065	0.37606400	0.37110600	0.00495870
1066	0.37733100	0.37237500	0.00495570
1067	0.37874500	0.37379400	0.00495125
1068	0.38027500	0.37532900	0.00494535
1069	0.38189900	0.37696100	0.00493813
1070	0.38358400	0.37865500	0.00492948
1071	0.38531300	0.38039400	0.00491941
1072	0.38706400	0.38215600	0.00490809
1073	0.38882800	0.38393200	0.00489555
1074	0.39059000	0.38570800	0.00488188
1075	0.39234200	0.38747500	0.00486711
1076	0.39407200	0.38922100	0.00485128
1077	0.39577800	0.39094400	0.00483459
1078	0.39745000	0.39263300	0.00481723
1079	0.39908700	0.39428700	0.00479934
1080	0.40067600	0.39589500	0.00478115
1081	0.40221400	0.39745100	0.00476298
1082	0.40369300	0.39894800	0.00474520
1083	0.40511800	0.40039000	0.00472825
1084	0.40648600	0.40177300	0.00471244
1085	0.40779300	0.40309500	0.00469800
1086	0.40902100	0.40433600	0.00468523
1087	0.41017100	0.40549600	0.00467421
1088	0.41123200	0.40656700	0.00466513
1089	0.41220400	0.40754500	0.00465819
1090	0.41308000	0.40842700	0.00465358
1091	0.41387200	0.40922100	0.00465153
1092	0.41458200	0.40993000	0.00465194
1093	0.41520700	0.41055300	0.00465455
1094	0.41574400	0.41108500	0.00465889
1095	0.41618800	0.41152300	0.00466448
1096	0.41653900	0.41186900	0.00467079
1097	0.41680400	0.41212700	0.00467725
1098	0.41698600	0.41230300	0.00468358
1099	0.41708800	0.41239800	0.00468960
1100	0.41710900	0.41241400	0.00469521
1101	0.41704700	0.41234600	0.00470042
1102	0.41689700	0.41219200	0.00470527
1103	0.41665300	0.41194300	0.00470992
1104	0.41630500	0.41159100	0.00471451
1105	0.41585400	0.41113500	0.00471903
1106	0.41530200	0.41057900	0.00472353
1107	0.41466000	0.40993200	0.00472781
1108	0.41394300	0.40921100	0.00473204
1109	0.41317700	0.40844000	0.00473635
1110	0.41237400	0.40763400	0.00474061
1111	0.41155100	0.40680600	0.00474479
1112	0.41070400	0.40595500	0.00474912
1113	0.40982500	0.40507200	0.00475358
1114	0.40890200	0.40414400	0.00475788
1115	0.40791900	0.40315700	0.00476187
1116	0.40685600	0.40209000	0.00476543
1117	0.40569800	0.40093000	0.00476843
1118	0.40446000	0.39968900	0.00477096
1119	0.40314500	0.39837200	0.00477296
1120	0.40176300	0.39698900	0.00477464
1121	0.40033100	0.39555500	0.00477581
1122	0.39884100	0.39406500	0.00477641
1123	0.39730900	0.39253200	0.00477646
1124	0.39572700	0.39095100	0.00477625
1125	0.39409600	0.38932000	0.00477583
1126	0.39238700	0.38761200	0.00477551
1127	0.39057900	0.38580300	0.00477560
1128	0.38863500	0.38385900	0.00477641
1129	0.38653200	0.38175400	0.00477818
1130	0.38424700	0.37946700	0.00478089
1131	0.38177700	0.37699200	0.00478492
1132	0.37910800	0.37431800	0.00479014
1133	0.37626100	0.37146500	0.00479677
1134	0.37325100	0.36844600	0.00480472
1135	0.37011200	0.36529900	0.00481384
1136	0.36686100	0.36203700	0.00482406
1137	0.36352000	0.35868500	0.00483529
1138	0.36014100	0.35529300	0.00484750
1139	0.35676900	0.35190800	0.00486067
1140	0.35347000	0.34859600	0.00487438
1141	0.35030500	0.34541600	0.00488866
1142	0.34734100	0.34243700	0.00490324
1143	0.34461900	0.33970200	0.00491761
1144	0.34216300	0.33723200	0.00493149
1145	0.34000000	0.33505500	0.00494482
1146	0.33813500	0.33317800	0.00495731
1147	0.33659600	0.33162700	0.00496846
1148	0.33540300	0.33042400	0.00497858
1149	0.33458100	0.32959400	0.00498760
1150	0.33412000	0.32912500	0.00499541
1151	0.33401300	0.32901000	0.00500229
1152	0.33424400	0.32923600	0.00500826
1153	0.33481300	0.32980000	0.00501338
1154	0.33566600	0.33064800	0.00501782
1155	0.33674300	0.33172100	0.00502192
1156	0.33800600	0.33298000	0.00502595
1157	0.33938500	0.33435500	0.00503000
1158	0.34081800	0.33578300	0.00503424
1159	0.34225300	0.33721500	0.00503879
1160	0.34364400	0.33860000	0.00504377
1161	0.34498500	0.33993600	0.00504937
1162	0.34629100	0.34123600	0.00505541
1163	0.34758600	0.34252500	0.00506176
1164	0.34887100	0.34380300	0.00506827
1165	0.35015700	0.34508200	0.00507496
1166	0.35144300	0.34636100	0.00508211
1167	0.35269300	0.34760300	0.00508968
1168	0.35386000	0.34876200	0.00509767
1169	0.35491300	0.34980700	0.00510591
1170	0.35583900	0.35072400	0.00511429
1171	0.35665200	0.35153000	0.00512244
1172	0.35740600	0.35227600	0.00513026
1173	0.35814200	0.35300400	0.00513760
1174	0.35890000	0.35375500	0.00514457
1175	0.35969300	0.35454200	0.00515096
1176	0.36053800	0.35538100	0.00515688
1177	0.36145800	0.35629600	0.00516245
1178	0.36245800	0.35729000	0.00516752
1179	0.36350300	0.35833000	0.00517221
1180	0.36456900	0.35939300	0.00517636
1181	0.36562300	0.36044300	0.00517988
1182	0.36666000	0.36147800	0.00518266
1183	0.36762200	0.36243800	0.00518449
1184	0.36843900	0.36325400	0.00518532
1185	0.36906300	0.36387800	0.00518516
1186	0.36949400	0.36431000	0.00518431
1187	0.36975700	0.36457400	0.00518284
1188	0.36988200	0.36470100	0.00518092
1189	0.36988700	0.36470800	0.00517866
1190	0.36981500	0.36463900	0.00517587
1191	0.36967100	0.36449900	0.00517262
1192	0.36948300	0.36431400	0.00516933
1193	0.36927400	0.36410800	0.00516622
1194	0.36906800	0.36390500	0.00516352
1195	0.36887600	0.36371500	0.00516154
1196	0.36870900	0.36354800	0.00516062
1197	0.36856600	0.36340600	0.00516062
1198	0.36849000	0.36332900	0.00516166
1199	0.36842800	0.36326400	0.00516393
1200	0.36841800	0.36325100	0.00516729
1201	0.36844200	0.36327000	0.00517188
1202	0.36849800	0.36332000	0.00517769
1203	0.36859200	0.36340700	0.00518468
1204	0.36872600	0.36353400	0.00519258
1205	0.36890800	0.36370700	0.00520116
1206	0.36910200	0.36389200	0.00521015
1207	0.36931900	0.36409900	0.00521928
1208	0.36956400	0.36433600	0.00522826
1209	0.36989000	0.36465300	0.00523672
1210	0.37033300	0.36508900	0.00524436
1211	0.37091000	0.36565900	0.00525101
1212	0.37162400	0.36636700	0.00525690
1213	0.37246100	0.36719900	0.00526189
1214	0.37340100	0.36813400	0.00526617
1215	0.37443800	0.36916800	0.00526977
1216	0.37556200	0.37028900	0.00527333
1217	0.37678100	0.37150300	0.00527720
1218	0.37809400	0.37281300	0.00528128
1219	0.37951000	0.37422400	0.00528563
1220	0.38102000	0.37573000	0.00529004
1221	0.38262200	0.37732800	0.00529472
1222	0.38430100	0.37900100	0.00529976
1223	0.38602300	0.38071800	0.00530495
1224	0.38776700	0.38245700	0.00530990
1225	0.38951800	0.38420300	0.00531453
1226	0.39125900	0.38594000	0.00531901
1227	0.39299600	0.38767300	0.00532283
1228	0.39473900	0.38941300	0.00532577
1229	0.39649900	0.39117200	0.00532736
1230	0.39828500	0.39295700	0.00532787
1231	0.40010400	0.39477700	0.00532704
1232	0.40194700	0.39662200	0.00532468
1233	0.40382400	0.39850400	0.00532049
1234	0.40574400	0.40042900	0.00531487
1235	0.40772100	0.40241300	0.00530797
1236	0.40975600	0.40445600	0.00529960
1237	0.41182300	0.40653300	0.00529041
1238	0.41389000	0.40860900	0.00528044
1239	0.41592900	0.41065800	0.00527095
1240	0.41793700	0.41267400	0.00526232
1241	0.41990900	0.41465400	0.00525441
1242	0.42183400	0.41658700	0.00524696
1243	0.42370000	0.41846000	0.00523994
1244	0.42548700	0.42025400	0.00523234
1245	0.42719700	0.42197300	0.00522420
1246	0.42879400	0.42357800	0.00521568
1247	0.43023900	0.42503300	0.00520657
1248	0.43147700	0.42628000	0.00519678
1249	0.43248600	0.42730000	0.00518654
1250	0.43324500	0.42806900	0.00517589
1251	0.43376600	0.42860100	0.00516480
1252	0.43404000	0.42888700	0.00515298
1253	0.43411100	0.42897000	0.00514087
1254	0.43399100	0.42886300	0.00512812
1255	0.43372500	0.42861000	0.00511472
1256	0.43330700	0.42820600	0.00510063
1257	0.43275600	0.42767000	0.00508586
1258	0.43207700	0.42700700	0.00507069
1259	0.43129000	0.42623500	0.00505509
1260	0.43039800	0.42535900	0.00503912
1261	0.42941800	0.42439500	0.00502258
1262	0.42835100	0.42334600	0.00500536
1263	0.42724500	0.42225800	0.00498703
1264	0.42613000	0.42116300	0.00496732
1265	0.42504800	0.42010100	0.00494649
1266	0.42401600	0.41909100	0.00492517
1267	0.42305200	0.41814800	0.00490410
1268	0.42217000	0.41728600	0.00488378
1269	0.42137600	0.41651200	0.00486431
1270	0.42068100	0.41583600	0.00484514
1271	0.42009500	0.41526800	0.00482638
1272	0.41962000	0.41481300	0.00480731
1273	0.41924600	0.41445700	0.00478841
1274	0.41896100	0.41419000	0.00477054
1275	0.41873400	0.41398000	0.00475370
1276	0.41854800	0.41381000	0.00473838
1277	0.41837400	0.41365000	0.00472464
1278	0.41819800	0.41348600	0.00471197
1279	0.41799600	0.41329500	0.00470071
1280	0.41775200	0.41306100	0.00469134
1281	0.41745400	0.41277000	0.00468397
1282	0.41707700	0.41239800	0.00467866
1283	0.41660800	0.41193400	0.00467485
1284	0.41603500	0.41136200	0.00467222
1285	0.41536200	0.41069100	0.00467012
1286	0.41458600	0.40991800	0.00466818
1287	0.41371600	0.40905000	0.00466602
1288	0.41276100	0.40809800	0.00466343
1289	0.41174900	0.40708800	0.00466047
1290	0.41069000	0.40603300	0.00465704
1291	0.40960400	0.40495100	0.00465310
1292	0.40847800	0.40382900	0.00464864
1293	0.40730500	0.40266200	0.00464343
1294	0.40607600	0.40143900	0.00463716
1295	0.40479000	0.40016100	0.00462966
1296	0.40343600	0.39881500	0.00462111
1297	0.40200600	0.39739400	0.00461193
1298	0.40049500	0.39589300	0.00460205
1299	0.39891000	0.39431800	0.00459176
1300	0.39724500	0.39266400	0.00458110
1301	0.39548500	0.39091500	0.00456993
1302	0.39363500	0.38907600	0.00455899
1303	0.39171400	0.38716600	0.00454781
1304	0.38971000	0.38517400	0.00453669
1305	0.38761300	0.38308700	0.00452538
1306	0.38544100	0.38092700	0.00451372
1307	0.38321700	0.37871500	0.00450192
1308	0.38100000	0.37651000	0.00449006
1309	0.37883200	0.37435400	0.00447834
1310	0.37676600	0.37229900	0.00446672
1311	0.37484700	0.37039200	0.00445525
1312	0.37311000	0.36866500	0.00444444
1313	0.37155300	0.36711900	0.00443426
1314	0.37019700	0.36577300	0.00442454
1315	0.36902600	0.36461100	0.00441530
1316	0.36801200	0.36360500	0.00440661
1317	0.36708300	0.36268500	0.00439839
1318	0.36619900	0.36180900	0.00439052
1319	0.36529600	0.36091300	0.00438299
1320	0.36435700	0.35998200	0.00437570
1321	0.36335900	0.35899000	0.00436845
1322	0.36229300	0.35793100	0.00436130
1323	0.36117800	0.35682300	0.00435454
1324	0.36005000	0.35570100	0.00434887
1325	0.35893700	0.35459300	0.00434436
1326	0.35786800	0.35352600	0.00434176
1327	0.35689000	0.35255000	0.00434048
1328	0.35595400	0.35161300	0.00434066
1329	0.35508200	0.35074100	0.00434176
1330	0.35426500	0.34992100	0.00434363
1331	0.35350400	0.34915700	0.00434701
1332	0.35278800	0.34843600	0.00435224
1333	0.35214100	0.34778200	0.00435918
1334	0.35155500	0.34718700	0.00436760
1335	0.35102700	0.34665000	0.00437665
1336	0.35051700	0.34613100	0.00438654
1337	0.35003300	0.34563600	0.00439752
1338	0.34958900	0.34518000	0.00440891
1339	0.34922100	0.34480000	0.00442074
1340	0.34890800	0.34447500	0.00443327
1341	0.34864100	0.34419500	0.00444626
1342	0.34844000	0.34398100	0.00445945
1343	0.34830000	0.34382800	0.00447259
1344	0.34823400	0.34374900	0.00448530
1345	0.34827000	0.34377300	0.00449735
1346	0.34842900	0.34392100	0.00450818
1347	0.34874800	0.34423100	0.00451763
1348	0.34921400	0.34468900	0.00452530
1349	0.34984500	0.34531400	0.00453115
1350	0.35061900	0.34608300	0.00453512
1351	0.35154300	0.34700700	0.00453653
1352	0.35260800	0.34807300	0.00453562
1353	0.35377900	0.34924700	0.00453210
1354	0.35504100	0.35051400	0.00452635
1355	0.35637800	0.35186000	0.00451838
1356	0.35778400	0.35327500	0.00450868
1357	0.35926300	0.35476500	0.00449782
1358	0.36083200	0.35634600	0.00448594
1359	0.36251600	0.35804300	0.00447304
1360	0.36434700	0.35988800	0.00445912
1361	0.36634900	0.36190500	0.00444452
1362	0.36851900	0.36408900	0.00442957
1363	0.37084800	0.36643400	0.00441428
1364	0.37331700	0.36891800	0.00439882
1365	0.37590800	0.37152500	0.00438318
1366	0.37861600	0.37424900	0.00436745
1367	0.38140800	0.37705700	0.00435167
1368	0.38424900	0.37991400	0.00433566
1369	0.38711200	0.38279300	0.00431914
1370	0.38995100	0.38564800	0.00430231
1371	0.39272800	0.38844400	0.00428461
1372	0.39541400	0.39114800	0.00426655
1373	0.39798900	0.39374100	0.00424792
1374	0.40043600	0.39620700	0.00422946
1375	0.40272300	0.39851200	0.00421073
1376	0.40482000	0.40062800	0.00419220
1377	0.40671000	0.40253600	0.00417377
1378	0.40837400	0.40421800	0.00415598
1379	0.40980600	0.40566700	0.00413893
1380	0.41102100	0.40689800	0.00412288
1381	0.41204500	0.40793700	0.00410813
1382	0.41289100	0.40879600	0.00409486
1383	0.41357100	0.40948700	0.00408344
1384	0.41409700	0.41002300	0.00407400
1385	0.41449200	0.41042500	0.00406699
1386	0.41475700	0.41069400	0.00406274
1387	0.41492300	0.41086100	0.00406146
1388	0.41499400	0.41093100	0.00406301
1389	0.41497200	0.41090400	0.00406766
1390	0.41483800	0.41076200	0.00407572
1391	0.41459500	0.41050800	0.00408730
1392	0.41425500	0.41015300	0.00410261
1393	0.41383300	0.40971100	0.00412151
1394	0.41334400	0.40920000	0.00414404
1395	0.41281600	0.40864600	0.00416989
1396	0.41226900	0.40807000	0.00419894
1397	0.41173400	0.40750400	0.00423083
1398	0.41122800	0.40696300	0.00426542
1399	0.41075500	0.40645200	0.00430247
1400	0.41031800	0.40597600	0.00434160
1401	0.40990800	0.40552600	0.00438273
1402	0.40953600	0.40511100	0.00442513
1403	0.40921000	0.40474100	0.00446864
1404	0.40894600	0.40443300	0.00451258
1405	0.40875500	0.40419800	0.00455693
1406	0.40864700	0.40404600	0.00460129
1407	0.40862000	0.40397400	0.00464559
1408	0.40865300	0.40396400	0.00468906
1409	0.40873700	0.40400600	0.00473129
1410	0.40885900	0.40408700	0.00477212
1411	0.40901900	0.40420700	0.00481137
1412	0.40922500	0.40437600	0.00484891
1413	0.40947200	0.40458800	0.00488459
1414	0.40977600	0.40485800	0.00491830
1415	0.41014000	0.40519000	0.00494995
1416	0.41057100	0.40559100	0.00497925
1417	0.41106100	0.40605500	0.00500596
1418	0.41161200	0.40658200	0.00502993
1419	0.41219400	0.40714300	0.00505094
1420	0.41279000	0.40772100	0.00506888
1421	0.41337300	0.40828900	0.00508355
1422	0.41394200	0.40884700	0.00509499
1423	0.41448000	0.40937700	0.00510347
1424	0.41498500	0.40987600	0.00510945
1425	0.41546600	0.41035200	0.00511318
1426	0.41593000	0.41081600	0.00511444
1427	0.41636100	0.41124800	0.00511320
1428	0.41675000	0.41164100	0.00510932
1429	0.41706800	0.41196500	0.00510293
1430	0.41728400	0.41218900	0.00509504
1431	0.41737100	0.41228500	0.00508563
1432	0.41730800	0.41223400	0.00507477
1433	0.41706300	0.41200000	0.00506284
1434	0.41662900	0.41158000	0.00504974
1435	0.41602700	0.41099100	0.00503532
1436	0.41527900	0.41025900	0.00501971
1437	0.41442200	0.40941900	0.00500287
1438	0.41347200	0.40848700	0.00498502
1439	0.41247500	0.40750900	0.00496637
1440	0.41146400	0.40651700	0.00494720
1441	0.41047200	0.40554500	0.00492746
1442	0.40950400	0.40459700	0.00490736
1443	0.40857100	0.40368400	0.00488691
1444	0.40766100	0.40279500	0.00486607
1445	0.40676900	0.40192500	0.00484482
1446	0.40588500	0.40106100	0.00482348
1447	0.40502300	0.40022100	0.00480236
1448	0.40419500	0.39941400	0.00478153
1449	0.40341900	0.39865800	0.00476085
1450	0.40271000	0.39797000	0.00474018
1451	0.40208100	0.39736200	0.00471945
1452	0.40154200	0.39684300	0.00469844
1453	0.40108400	0.39640700	0.00467696
1454	0.40069900	0.39604400	0.00465453
1455	0.40038600	0.39575500	0.00463079
1456	0.40012900	0.39552300	0.00460563
1457	0.39991200	0.39533300	0.00457897
1458	0.39973600	0.39518400	0.00455143
1459	0.39958100	0.39505700	0.00452337
1460	0.39945200	0.39495700	0.00449472
1461	0.39934700	0.39488100	0.00446561
1462	0.39926400	0.39482700	0.00443677
1463	0.39920200	0.39479300	0.00440893
1464	0.39918600	0.39480300	0.00438281
1465	0.39924400	0.39488400	0.00435934
1466	0.39936900	0.39503000	0.00433921
1467	0.39954600	0.39522300	0.00432291
1468	0.39974900	0.39543800	0.00431126
1469	0.39996900	0.39566400	0.00430459
1470	0.40021000	0.39590700	0.00430320
1471	0.40048100	0.39617400	0.00430678
1472	0.40078000	0.39646500	0.00431468
1473	0.40109300	0.39676700	0.00432632
1474	0.40140500	0.39706300	0.00434124
1475	0.40170000	0.39734100	0.00435895
1476	0.40196200	0.39758300	0.00437911
1477	0.40216800	0.39776600	0.00440134
1478	0.40231900	0.39789400	0.00442484
1479	0.40240000	0.39795100	0.00444885
1480	0.40240800	0.39793500	0.00447261
1481	0.40234000	0.39784500	0.00449534
1482	0.40220300	0.39768600	0.00451647
1483	0.40202600	0.39749100	0.00453526
1484	0.40184400	0.39729300	0.00455121
1485	0.40170900	0.39714500	0.00456434
1486	0.40165800	0.39708300	0.00457505
1487	0.40173400	0.39715000	0.00458363
1488	0.40195000	0.39735900	0.00459062
1489	0.40233200	0.39773500	0.00459654
1490	0.40286400	0.39826300	0.00460165
1491	0.40354000	0.39893300	0.00460642
1492	0.40434100	0.39973000	0.00461101
1493	0.40524100	0.40062600	0.00461557
1494	0.40621500	0.40159500	0.00462014
1495	0.40722600	0.40260100	0.00462512
1496	0.40823400	0.40360300	0.00463037
1497	0.40920200	0.40456500	0.00463638
1498	0.41010100	0.40545800	0.00464302
1499	0.41091000	0.40626000	0.00465001
1500	0.41160700	0.40695000	0.00465705
1501	0.41217300	0.40750900	0.00466400
1502	0.41260500	0.40793400	0.00467052
1503	0.41290200	0.40822500	0.00467634
1504	0.41307000	0.40838900	0.00468112
1505	0.41310900	0.40842400	0.00468470
1506	0.41301400	0.40832700	0.00468680
1507	0.41276900	0.40808200	0.00468714
1508	0.41236700	0.40768100	0.00468619
1509	0.41181900	0.40713500	0.00468365
1510	0.41112100	0.40644200	0.00467986
1511	0.41028400	0.40561000	0.00467458
1512	0.40930400	0.40463500	0.00466832
1513	0.40817700	0.40351600	0.00466107
1514	0.40690300	0.40224900	0.00465330
1515	0.40549100	0.40084600	0.00464477
1516	0.40394500	0.39931000	0.00463556
1517	0.40227000	0.39764400	0.00462577
1518	0.40048100	0.39586500	0.00461535
1519	0.39860000	0.39399500	0.00460461
1520	0.39663600	0.39204300	0.00459360
1521	0.39462000	0.39003800	0.00458239
1522	0.39256900	0.38799800	0.00457123
1523	0.39048800	0.38592700	0.00456026
1524	0.38837900	0.38382900	0.00454969
1525	0.38625300	0.38171300	0.00453947
1526	0.38411000	0.37958000	0.00452952
1527	0.38195600	0.37743600	0.00451986
1528	0.37979900	0.37528900	0.00451065
1529	0.37764600	0.37314400	0.00450211
1530	0.37549800	0.37100400	0.00449419
1531	0.37334600	0.36885900	0.00448701
1532	0.37116800	0.36668700	0.00448098
1533	0.36895000	0.36447400	0.00447633
1534	0.36669300	0.36222000	0.00447268
1535	0.36439300	0.35992300	0.00447004
1536	0.36203500	0.35756700	0.00446822
1537	0.35964800	0.35518100	0.00446706
1538	0.35725400	0.35278700	0.00446635
1539	0.35486800	0.35040200	0.00446604
1540	0.35253900	0.34807400	0.00446580
1541	0.35032100	0.34585500	0.00446578
1542	0.34824800	0.34378100	0.00446624
1543	0.34633400	0.34186600	0.00446741
1544	0.34459700	0.34012800	0.00446912
1545	0.34304000	0.33857000	0.00447068
1546	0.34166500	0.33719300	0.00447242
1547	0.34047300	0.33599900	0.00447444
1548	0.33948700	0.33501000	0.00447695
1549	0.33872900	0.33424900	0.00448047
1550	0.33821600	0.33373100	0.00448534
1551	0.33795600	0.33346400	0.00449190
1552	0.33796700	0.33346700	0.00450025
1553	0.33824500	0.33373500	0.00451043
1554	0.33878600	0.33426300	0.00452238
1555	0.33959300	0.33505700	0.00453613
1556	0.34065600	0.33610400	0.00455144
1557	0.34196900	0.33740100	0.00456816
1558	0.34351100	0.33892500	0.00458601
1559	0.34527000	0.34066600	0.00460424
1560	0.34721600	0.34259300	0.00462230
1561	0.34930500	0.34466500	0.00464018
1562	0.35148700	0.34682900	0.00465784
1563	0.35372500	0.34905000	0.00467510
1564	0.35598800	0.35129600	0.00469159
1565	0.35823500	0.35352800	0.00470680
1566	0.36042700	0.35570600	0.00472041
1567	0.36254700	0.35781500	0.00473249
1568	0.36457800	0.35983500	0.00474320
1569	0.36649200	0.36174000	0.00475281
1570	0.36827100	0.36350900	0.00476146
1571	0.36992200	0.36515200	0.00476966
1572	0.37146900	0.36669200	0.00477734
1573	0.37294200	0.36815800	0.00478433
1574	0.37435300	0.36956300	0.00479058
1575	0.37572700	0.37093100	0.00479617
1576	0.37705400	0.37225200	0.00480140
1577	0.37833200	0.37352600	0.00480641
1578	0.37953700	0.37472600	0.00481157
1579	0.38065000	0.37583300	0.00481729
1580	0.38164400	0.37682000	0.00482368
1581	0.38249800	0.37766700	0.00483094
1582	0.38319600	0.37835700	0.00483919
1583	0.38373400	0.37888500	0.00484869
1584	0.38410600	0.37924700	0.00485943
1585	0.38431600	0.37944500	0.00487139
1586	0.38437400	0.37949000	0.00488437
1587	0.38429100	0.37939200	0.00489816
1588	0.38409000	0.37917800	0.00491259
1589	0.38378400	0.37885600	0.00492747
1590	0.38340500	0.37846200	0.00494263
1591	0.38301500	0.37805700	0.00495767
1592	0.38264600	0.37767300	0.00497231
1593	0.38232800	0.37734100	0.00498647
1594	0.38207400	0.37707400	0.00500003
1595	0.38188200	0.37687000	0.00501290
1596	0.38174000	0.37671500	0.00502495
1597	0.38163900	0.37660300	0.00503618
1598	0.38156600	0.37651900	0.00504696
1599	0.38150800	0.37645000	0.00505750
1600	0.38144600	0.37637800	0.00506799
1601	0.38138300	0.37630500	0.00507838
1602	0.38133500	0.37624600	0.00508872
1603	0.38129800	0.37619800	0.00509913
1604	0.38127600	0.37616600	0.00510971
1605	0.38124600	0.37612500	0.00512048
1606	0.38119500	0.37606400	0.00513139
1607	0.38111600	0.37597400	0.00514231
1608	0.38100500	0.37585200	0.00515305
1609	0.38085400	0.37569000	0.00516346
1610	0.38070100	0.37552800	0.00517372
1611	0.38056200	0.37537800	0.00518389
1612	0.38046700	0.37527300	0.00519427
1613	0.38043200	0.37522700	0.00520494
1614	0.38046300	0.37524700	0.00521600
1615	0.38055800	0.37533000	0.00522776
1616	0.38072100	0.37548000	0.00524051
1617	0.38094700	0.37569300	0.00525443
1618	0.38123400	0.37596500	0.00526943
1619	0.38157300	0.37628800	0.00528551
1620	0.38197200	0.37667000	0.00530253
1621	0.38242300	0.37710300	0.00532041
1622	0.38293200	0.37759300	0.00533882
1623	0.38348200	0.37812500	0.00535749
1624	0.38406600	0.37869000	0.00537601
1625	0.38467700	0.37928300	0.00539404
1626	0.38534500	0.37993400	0.00541130
1627	0.38610500	0.38067800	0.00542740
1628	0.38700900	0.38156700	0.00544202
1629	0.38810100	0.38264600	0.00545472
1630	0.38940700	0.38394200	0.00546521
1631	0.39092000	0.38544700	0.00547307
1632	0.39263100	0.38715300	0.00547800
1633	0.39450700	0.38902700	0.00547979
1634	0.39651500	0.39103600	0.00547877
1635	0.39860300	0.39312700	0.00547573
1636	0.40075200	0.39528100	0.00547068
1637	0.40294500	0.39748100	0.00546404
1638	0.40515100	0.39969500	0.00545586
1639	0.40732600	0.40188000	0.00544613
1640	0.40944200	0.40400700	0.00543504
1641	0.41146900	0.40604600	0.00542288
1642	0.41337800	0.40796800	0.00540994
1643	0.41514200	0.40974500	0.00539649
1644	0.41672500	0.41134200	0.00538267
1645	0.41812600	0.41275800	0.00536859
1646	0.41934400	0.41399000	0.00535435
1647	0.42038000	0.41504000	0.00533971
1648	0.42123800	0.41591300	0.00532507
1649	0.42193500	0.41662500	0.00531042
1650	0.42248600	0.41719100	0.00529560
1651	0.42292000	0.41764000	0.00528040
1652	0.42325800	0.41799400	0.00526456
1653	0.42351200	0.41826400	0.00524802
1654	0.42370100	0.41847000	0.00523080
1655	0.42383900	0.41862600	0.00521258
1656	0.42395600	0.41876300	0.00519363
1657	0.42406400	0.41889000	0.00517411
1658	0.42417500	0.41902100	0.00515385
1659	0.42429300	0.41915900	0.00513318
1660	0.42441000	0.41929700	0.00511264
1661	0.42452200	0.41943000	0.00509200
1662	0.42462500	0.41955400	0.00507113
1663	0.42473000	0.41968000	0.00504959
1664	0.42485700	0.41983000	0.00502681
1665	0.42504000	0.42003800	0.00500239
1666	0.42529800	0.42032200	0.00497634
1667	0.42565100	0.42070100	0.00494983
1668	0.42609500	0.42117100	0.00492327
1669	0.42663500	0.42173900	0.00489626
1670	0.42725600	0.42238700	0.00486859
1671	0.42795400	0.42311400	0.00484036
1672	0.42870700	0.42389500	0.00481230
1673	0.42950300	0.42471800	0.00478508
1674	0.43032000	0.42556100	0.00475928
1675	0.43113300	0.42639800	0.00473508
1676	0.43190900	0.42719600	0.00471307
1677	0.43262800	0.42793400	0.00469381
1678	0.43328400	0.42860700	0.00467707
1679	0.43387000	0.42920800	0.00466259
1680	0.43438000	0.42973000	0.00465011
1681	0.43480800	0.43016800	0.00463954
1682	0.43514100	0.43051100	0.00463006
1683	0.43536200	0.43074100	0.00462117
1684	0.43547600	0.43086300	0.00461329
1685	0.43548500	0.43087900	0.00460676
1686	0.43538500	0.43078400	0.00460117
1687	0.43514500	0.43054900	0.00459619
1688	0.43475300	0.43016100	0.00459190
1689	0.43422100	0.42963300	0.00458811
1690	0.43353100	0.42894700	0.00458459
1691	0.43266600	0.42808500	0.00458134
1692	0.43160900	0.42703000	0.00457864
1693	0.43034400	0.42576700	0.00457696
1694	0.42888200	0.42430600	0.00457612
1695	0.42722100	0.42264500	0.00457599
1696	0.42536500	0.42078800	0.00457636
1697	0.42330300	0.41872600	0.00457698
1698	0.42104200	0.41646400	0.00457809
1699	0.41860400	0.41402400	0.00458013
1700	0.41603400	0.41145000	0.00458317
1701	0.41333900	0.40875200	0.00458722
1702	0.41053800	0.40594600	0.00459236
1703	0.40764200	0.40304400	0.00459804
1704	0.40468200	0.40007800	0.00460417
1705	0.40167700	0.39706600	0.00461091
1706	0.39866800	0.39405000	0.00461833
1707	0.39566200	0.39103500	0.00462610
1708	0.39267400	0.38803900	0.00463439
1709	0.38969900	0.38505600	0.00464322
1710	0.38676600	0.38211300	0.00465251
1711	0.38388300	0.37922100	0.00466178
1712	0.38106200	0.37639000	0.00467130
1713	0.37827500	0.37359400	0.00468143
1714	0.37552300	0.37083000	0.00469261
1715	0.37282200	0.36811700	0.00470472
1716	0.37020000	0.36548200	0.00471736
1717	0.36767100	0.36294200	0.00472973
1718	0.36525700	0.36051500	0.00474187
1719	0.36295400	0.35820000	0.00475316
1720	0.36073300	0.35597000	0.00476374
1721	0.35859400	0.35382100	0.00477299
1722	0.35651400	0.35173400	0.00478048
1723	0.35447700	0.34969100	0.00478606
1724	0.35248500	0.34769500	0.00479018
1725	0.35054400	0.34575100	0.00479242
1726	0.34864200	0.34385000	0.00479255
1727	0.34679000	0.34199900	0.00479059
1728	0.34499300	0.34020600	0.00478674
1729	0.34325500	0.33847400	0.00478141
1730	0.34159200	0.33681700	0.00477484
1731	0.34000600	0.33523800	0.00476751
1732	0.33854500	0.33378500	0.00476001
1733	0.33722700	0.33247400	0.00475276
1734	0.33606600	0.33132000	0.00474583
1735	0.33509000	0.33035000	0.00473951
1736	0.33429600	0.32956300	0.00473374
1737	0.33367000	0.32894100	0.00472865
1738	0.33321300	0.32848900	0.00472447
1739	0.33290900	0.32818800	0.00472150
1740	0.33277200	0.32805200	0.00472007
1741	0.33282100	0.32810100	0.00472023
1742	0.33309200	0.32836900	0.00472291
1743	0.33360100	0.32887200	0.00472897
1744	0.33435700	0.32961900	0.00473799
1745	0.33535000	0.33060100	0.00474871
1746	0.33658100	0.33182200	0.00475928
1747	0.33801400	0.33324500	0.00476893
1748	0.33957400	0.33479700	0.00477704
1749	0.34120300	0.33641900	0.00478337
1750	0.34285800	0.33807000	0.00478819
1751	0.34450700	0.33971500	0.00479192
1752	0.34613100	0.34133600	0.00479525
1753	0.34772000	0.34292200	0.00479875
1754	0.34927000	0.34446700	0.00480278
1755	0.35078300	0.34597600	0.00480742
1756	0.35228000	0.34746800	0.00481270
1757	0.35378000	0.34896100	0.00481859
1758	0.35527900	0.35045400	0.00482508
1759	0.35677500	0.35194300	0.00483190
1760	0.35825400	0.35341500	0.00483909
1761	0.35969000	0.35484300	0.00484638
1762	0.36106400	0.35621100	0.00485345
1763	0.36237700	0.35751700	0.00486025
1764	0.36363900	0.35877200	0.00486698
1765	0.36486100	0.35998700	0.00487372
1766	0.36606300	0.36118200	0.00488067
1767	0.36727400	0.36238600	0.00488800
1768	0.36849400	0.36359800	0.00489593
1769	0.36972200	0.36481700	0.00490442
1770	0.37093900	0.36602500	0.00491336
1771	0.37213300	0.36721000	0.00492276
1772	0.37329300	0.36836000	0.00493271
1773	0.37439700	0.36945400	0.00494311
1774	0.37543800	0.37048400	0.00495383
1775	0.37639300	0.37142800	0.00496480
1776	0.37724000	0.37226400	0.00497615
1777	0.37797400	0.37298600	0.00498783
1778	0.37860900	0.37361000	0.00499973
1779	0.37916000	0.37414800	0.00501190
1780	0.37963400	0.37460900	0.00502435
1781	0.38004900	0.37501200	0.00503722
1782	0.38042300	0.37537300	0.00505048
1783	0.38075700	0.37569300	0.00506420
1784	0.38105400	0.37597600	0.00507846
1785	0.38133200	0.37623900	0.00509328
1786	0.38160600	0.37649800	0.00510875
1787	0.38188000	0.37675500	0.00512484
1788	0.38214800	0.37700600	0.00514154
1789	0.38241300	0.37725400	0.00515886
1790	0.38268000	0.37750400	0.00517663
1791	0.38295500	0.37776100	0.00519467
1792	0.38323600	0.37802400	0.00521272
1793	0.38352100	0.37829000	0.00523055
1794	0.38378500	0.37853700	0.00524826
1795	0.38401800	0.37875300	0.00526561
1796	0.38420600	0.37892400	0.00528228
1797	0.38434800	0.37905000	0.00529819
1798	0.38443700	0.37912300	0.00531359
1799	0.38448000	0.37915200	0.00532849
1800	0.38448200	0.37913900	0.00534278
1801	0.38445400	0.37909800	0.00535631
1802	0.38441500	0.37904600	0.00536916
1803	0.38438900	0.37900700	0.00538156
1804	0.38440100	0.37900700	0.00539349
1805	0.38447100	0.37906600	0.00540517
1806	0.38462600	0.37921000	0.00541643
1807	0.38488400	0.37945700	0.00542659
1808	0.38527800	0.37984300	0.00543552
1809	0.38581700	0.38037400	0.00544325
1810	0.38648200	0.38103100	0.00545018
1811	0.38723400	0.38177800	0.00545638
1812	0.38804100	0.38257800	0.00546226
1813	0.38887000	0.38340200	0.00546773
1814	0.38971600	0.38424300	0.00547280
1815	0.39056800	0.38509000	0.00547775
1816	0.39143400	0.38595200	0.00548249
1817	0.39229700	0.38681000	0.00548741
1818	0.39317000	0.38767800	0.00549269
1819	0.39405300	0.38855500	0.00549839
1820	0.39494900	0.38944400	0.00550435
1821	0.39587000	0.39035900	0.00551090
1822	0.39681800	0.39130000	0.00551744
1823	0.39780000	0.39227600	0.00552374
1824	0.39881200	0.39328200	0.00552974
1825	0.39987800	0.39434300	0.00553546
1826	0.40101400	0.39547300	0.00554047
1827	0.40222900	0.39668400	0.00554458
1828	0.40351900	0.39797200	0.00554753
1829	0.40488500	0.39933600	0.00554935
1830	0.40629300	0.40074300	0.00554967
1831	0.40773300	0.40218500	0.00554843
1832	0.40917000	0.40362500	0.00554531
1833	0.41059300	0.40505300	0.00554015
1834	0.41195600	0.40642300	0.00553282
1835	0.41323700	0.40771400	0.00552301
1836	0.41440800	0.40889700	0.00551110
1837	0.41548500	0.40998800	0.00549728
1838	0.41648500	0.41100300	0.00548177
1839	0.41745700	0.41199200	0.00546483
1840	0.41844700	0.41300000	0.00544660
1841	0.41944600	0.41401900	0.00542718
1842	0.42050800	0.41510100	0.00540682
1843	0.42165900	0.41627300	0.00538568
1844	0.42291000	0.41754600	0.00536374
1845	0.42425600	0.41891500	0.00534072
1846	0.42569300	0.42037600	0.00531622
1847	0.42718300	0.42189200	0.00529029
1848	0.42867900	0.42341600	0.00526304
1849	0.43014600	0.42491200	0.00523447
1850	0.43156600	0.42636100	0.00520488
1851	0.43293100	0.42775700	0.00517411
1852	0.43424300	0.42910100	0.00514205
1853	0.43548700	0.43037900	0.00510881
1854	0.43666600	0.43159000	0.00507543
1855	0.43777400	0.43273200	0.00504261
1856	0.43882400	0.43381300	0.00501049
1857	0.43981600	0.43483600	0.00497961
1858	0.44074800	0.43579700	0.00495069
1859	0.44160600	0.43668200	0.00492439
1860	0.44237600	0.43747500	0.00490111
1861	0.44304700	0.43816500	0.00488130
1862	0.44361700	0.43875300	0.00486436
1863	0.44408800	0.43923800	0.00485020
1864	0.44446400	0.43962600	0.00483842
1865	0.44474300	0.43991400	0.00482836
1866	0.44492700	0.44010700	0.00481969
1867	0.44500500	0.44019200	0.00481299
1868	0.44497400	0.44016600	0.00480845
1869	0.44480900	0.44000400	0.00480519
1870	0.44450100	0.43969800	0.00480238
1871	0.44402500	0.43922500	0.00479935
1872	0.44337800	0.43858200	0.00479571
1873	0.44256800	0.43777700	0.00479116
1874	0.44159700	0.43681100	0.00478558
1875	0.44046200	0.43568300	0.00477888
1876	0.43917000	0.43439900	0.00477099
1877	0.43773700	0.43297400	0.00476223
1878	0.43614700	0.43139400	0.00475269
1879	0.43442600	0.42968400	0.00474290
1880	0.43259100	0.42785800	0.00473310
1881	0.43065200	0.42592800	0.00472384
1882	0.42860700	0.42389200	0.00471513
1883	0.42646600	0.42175900	0.00470668
1884	0.42423400	0.41953500	0.00469819
1885	0.42192600	0.41723600	0.00468958
1886	0.41953500	0.41485500	0.00468064
1887	0.41705600	0.41238400	0.00467192
1888	0.41449100	0.40982800	0.00466374
1889	0.41182700	0.40717100	0.00465654
1890	0.40905200	0.40440200	0.00465048
1891	0.40613100	0.40148600	0.00464558
1892	0.40306800	0.39842700	0.00464169
1893	0.39985200	0.39521300	0.00463899
1894	0.39651000	0.39187200	0.00463733
1895	0.39304700	0.38841100	0.00463576
1896	0.38949900	0.38486500	0.00463446
1897	0.38587000	0.38123700	0.00463288
1898	0.38218000	0.37754900	0.00463011
1899	0.37846000	0.37383400	0.00462608
1900	0.37475300	0.37013200	0.00462056
1901	0.37110200	0.36648700	0.00461447
1902	0.36751600	0.36290800	0.00460796
1903	0.36406900	0.35946700	0.00460179
1904	0.36083500	0.35624000	0.00459549
1905	0.35785400	0.35326400	0.00458944
1906	0.35516900	0.35058500	0.00458405
1907	0.35277800	0.34819800	0.00457996
1908	0.35064800	0.34607100	0.00457729
1909	0.34877300	0.34419700	0.00457581
1910	0.34713900	0.34256400	0.00457503
1911	0.34573300	0.34115800	0.00457550
1912	0.34451200	0.33993500	0.00457721
1913	0.34346400	0.33888300	0.00458034
1914	0.34254900	0.33796400	0.00458517
1915	0.34177900	0.33718700	0.00459156
1916	0.34113200	0.33653200	0.00459936
1917	0.34060600	0.33599700	0.00460824
1918	0.34016900	0.33555100	0.00461735
1919	0.33980900	0.33518300	0.00462634
1920	0.33951500	0.33488100	0.00463480
1921	0.33930500	0.33466200	0.00464243
1922	0.33917300	0.33452400	0.00464933
1923	0.33915100	0.33449500	0.00465575
1924	0.33924500	0.33458300	0.00466183
1925	0.33947500	0.33480700	0.00466784
1926	0.33983300	0.33515900	0.00467365
1927	0.34035300	0.33567300	0.00467942
1928	0.34105500	0.33637000	0.00468505
1929	0.34194600	0.33725500	0.00469019
1930	0.34297600	0.33828100	0.00469452
1931	0.34410500	0.33940700	0.00469822
1932	0.34528300	0.34058100	0.00470153
1933	0.34647500	0.34177000	0.00470474
1934	0.34764200	0.34293400	0.00470776
1935	0.34877800	0.34406700	0.00471064
1936	0.34985400	0.34514000	0.00471374
1937	0.35084900	0.34613200	0.00471737
1938	0.35178800	0.34706600	0.00472180
1939	0.35269400	0.34796600	0.00472713
1940	0.35362500	0.34889300	0.00473224
1941	0.35463300	0.34989600	0.00473707
1942	0.35576200	0.35102100	0.00474119
1943	0.35704600	0.35230100	0.00474488
1944	0.35848900	0.35374100	0.00474827
1945	0.36007300	0.35532100	0.00475139
1946	0.36174500	0.35699100	0.00475454
1947	0.36345600	0.35869900	0.00475754
1948	0.36517300	0.36041300	0.00476008
1949	0.36686000	0.36209800	0.00476212
1950	0.36849700	0.36373300	0.00476389
1951	0.37004800	0.36528200	0.00476530
1952	0.37149300	0.36672700	0.00476653
1953	0.37282300	0.36805600	0.00476763
1954	0.37403200	0.36926300	0.00476883
1955	0.37510100	0.37033100	0.00477063
1956	0.37602400	0.37125100	0.00477321
1957	0.37679800	0.37202100	0.00477650
1958	0.37741200	0.37263200	0.00478056
1959	0.37786700	0.37308100	0.00478518
1960	0.37819300	0.37340300	0.00479035
1961	0.37841600	0.37362000	0.00479597
1962	0.37856500	0.37376300	0.00480212
1963	0.37866900	0.37386100	0.00480865
1964	0.37873600	0.37392000	0.00481560
1965	0.37878300	0.37396000	0.00482306
1966	0.37881700	0.37398600	0.00483098
1967	0.37883400	0.37399500	0.00483946
1968	0.37882500	0.37397600	0.00484863
1969	0.37880800	0.37394900	0.00485873
1970	0.37880800	0.37393800	0.00487016
1971	0.37884900	0.37396600	0.00488326
1972	0.37895600	0.37405800	0.00489828
1973	0.37914300	0.37422800	0.00491511
1974	0.37941900	0.37448600	0.00493365
1975	0.37978300	0.37482900	0.00495386
1976	0.38021000	0.37523400	0.00497522
1977	0.38068100	0.37568400	0.00499741
1978	0.38116000	0.37614000	0.00502002
1979	0.38164200	0.37659900	0.00504266
1980	0.38209000	0.37702500	0.00506472
1981	0.38248100	0.37739500	0.00508588
1982	0.38279600	0.37769000	0.00510577
1983	0.38303200	0.37790800	0.00512402
1984	0.38319300	0.37805200	0.00514043
1985	0.38328600	0.37813100	0.00515493
1986	0.38329700	0.37812900	0.00516784
1987	0.38324700	0.37806800	0.00517947
1988	0.38316300	0.37797300	0.00519016
1989	0.38304600	0.37784600	0.00520020
1990	0.38290800	0.37769800	0.00521000
1991	0.38276500	0.37754500	0.00521982
1992	0.38263600	0.37740600	0.00522979
1993	0.38252100	0.37728100	0.00523994
1994	0.38242400	0.37717400	0.00525030
1995	0.38235500	0.37709400	0.00526087
1996	0.38233500	0.37706300	0.00527141
1997	0.38238600	0.37710400	0.00528193
1998	0.38252900	0.37723700	0.00529211
1999	0.38276700	0.37746600	0.00530179
2000	0.38310100	0.37779000	0.00531132
2001	0.38351000	0.37819000	0.00532066
2002	0.38398500	0.37865600	0.00532950
2003	0.38450700	0.37917000	0.00533711
2004	0.38507300	0.37973000	0.00534350
2005	0.38567600	0.38032800	0.00534805
2006	0.38631500	0.38096500	0.00535057
2007	0.38700400	0.38165400	0.00535043
2008	0.38774500	0.38239800	0.00534741
2009	0.38854700	0.38320500	0.00534169
2010	0.38943100	0.38409800	0.00533302
2011	0.39039600	0.38507400	0.00532213
2012	0.39146800	0.38615900	0.00530897
2013	0.39268400	0.38739000	0.00529365
2014	0.39403500	0.38875800	0.00527654
2015	0.39551100	0.39025300	0.00525808
2016	0.39710400	0.39186600	0.00523811
2017	0.39878500	0.39356800	0.00521698
2018	0.40052500	0.39533000	0.00519495
2019	0.40229400	0.39712200	0.00517176
2020	0.40406800	0.39892000	0.00514821
2021	0.40583200	0.40070700	0.00512472
2022	0.40760600	0.40250500	0.00510104
2023	0.40939300	0.40431500	0.00507767
2024	0.41117900	0.40612500	0.00505442
2025	0.41297800	0.40794700	0.00503142
2026	0.41480800	0.40980000	0.00500858
2027	0.41667700	0.41169000	0.00498645
2028	0.41857000	0.41360500	0.00496448
2029	0.42048500	0.41554200	0.00494280
2030	0.42237200	0.41745100	0.00492159
2031	0.42420000	0.41929900	0.00490095
2032	0.42592100	0.42103900	0.00488159
2033	0.42749500	0.42263200	0.00486351
2034	0.42889800	0.42405200	0.00484601
2035	0.43013200	0.42530400	0.00482882
2036	0.43120700	0.42639500	0.00481179
2037	0.43215400	0.42735900	0.00479508
2038	0.43300400	0.42822500	0.00477948
2039	0.43379700	0.42903200	0.00476474
2040	0.43454700	0.42979600	0.00475095
2041	0.43525800	0.43052000	0.00473764
2042	0.43592600	0.43120100	0.00472529
2043	0.43655400	0.43184000	0.00471444
2044	0.43714500	0.43244100	0.00470427
2045	0.43768900	0.43299500	0.00469473
2046	0.43817300	0.43348700	0.00468548
2047	0.43858900	0.43391300	0.00467621
2048	0.43894100	0.43427300	0.00466740
2049	0.43923900	0.43458100	0.00465854
2050	0.43950100	0.43485000	0.00465086
2051	0.43974000	0.43509500	0.00464443
2052	0.43996400	0.43532500	0.00463913
2053	0.44017500	0.43554000	0.00463483
2054	0.44037100	0.43574000	0.00463081
2055	0.44054600	0.43591800	0.00462730
2056	0.44068500	0.43606100	0.00462409
2057	0.44078300	0.43616200	0.00462120
2058	0.44083500	0.43621600	0.00461856
2059	0.44084100	0.43622500	0.00461597
2060	0.44079700	0.43618300	0.00461326
2061	0.44069500	0.43608400	0.00461067
2062	0.44053500	0.43592700	0.00460784
2063	0.44030100	0.43569700	0.00460454
2064	0.43998200	0.43538100	0.00460036
2065	0.43956100	0.43496600	0.00459534
2066	0.43902700	0.43443700	0.00458942
2067	0.43836800	0.43378500	0.00458247
2068	0.43757700	0.43300300	0.00457469
2069	0.43664800	0.43208200	0.00456645
2070	0.43557600	0.43101800	0.00455791
2071	0.43436400	0.42981500	0.00454916
2072	0.43301800	0.42847700	0.00454034
2073	0.43153500	0.42700300	0.00453164
2074	0.42992300	0.42540000	0.00452340
2075	0.42820500	0.42368900	0.00451624
2076	0.42639100	0.42188000	0.00451039
2077	0.42447900	0.41997300	0.00450586
2078	0.42246800	0.41796500	0.00450258
2079	0.42036300	0.41586200	0.00450070
2080	0.41816700	0.41366600	0.00450050
2081	0.41588800	0.41138600	0.00450174
2082	0.41355100	0.40904700	0.00450423
2083	0.41115300	0.40664500	0.00450753
2084	0.40869400	0.40418200	0.00451179
2085	0.40620500	0.40168800	0.00451720
2086	0.40368500	0.39916100	0.00452351
2087	0.40112200	0.39659200	0.00453025
2088	0.39851300	0.39397500	0.00453736
2089	0.39585900	0.39131500	0.00454455
2090	0.39317800	0.38862600	0.00455183
2091	0.39045800	0.38589900	0.00455871
2092	0.38771800	0.38315300	0.00456535
2093	0.38496600	0.38039500	0.00457165
2094	0.38222000	0.37764200	0.00457777
2095	0.37947100	0.37488700	0.00458377
2096	0.37671600	0.37212700	0.00458907
2097	0.37396000	0.36936700	0.00459332
2098	0.37121300	0.36661700	0.00459669
2099	0.36847600	0.36387700	0.00459916
2100	0.36577700	0.36117800	0.00459927
2101	0.36312100	0.35852300	0.00459784
2102	0.36052100	0.35592600	0.00459499
2103	0.35798700	0.35339600	0.00459100
2104	0.35555400	0.35096800	0.00458563
2105	0.35324100	0.34866100	0.00458007
2106	0.35108600	0.34651100	0.00457471
2107	0.34912800	0.34455800	0.00456999
2108	0.34740100	0.34283500	0.00456612
2109	0.34593900	0.34137600	0.00456334
2110	0.34474100	0.34017900	0.00456186
2111	0.34380100	0.33924000	0.00456148
2112	0.34307500	0.33851300	0.00456229
2113	0.34253800	0.33797300	0.00456455
2114	0.34214900	0.33758100	0.00456811
2115	0.34188400	0.33731100	0.00457323
2116	0.34172100	0.33714100	0.00457993
2117	0.34168800	0.33710000	0.00458784
2118	0.34178800	0.33719100	0.00459705
2119	0.34205900	0.33745100	0.00460766
2120	0.34254300	0.33792400	0.00461964
2121	0.34332400	0.33869000	0.00463362
2122	0.34441700	0.33976900	0.00464868
2123	0.34585100	0.34118700	0.00466368
2124	0.34756000	0.34288200	0.00467786
2125	0.34946000	0.34476900	0.00469063
2126	0.35145900	0.34675800	0.00470144
2127	0.35348900	0.34877900	0.00471026
2128	0.35543500	0.35071800	0.00471736
2129	0.35722900	0.35250600	0.00472305
2130	0.35883700	0.35410900	0.00472806
2131	0.36025600	0.35552300	0.00473311
2132	0.36153900	0.35680100	0.00473825
2133	0.36273400	0.35799100	0.00474310
2134	0.36389000	0.35914200	0.00474773
2135	0.36504000	0.36028800	0.00475207
2136	0.36619600	0.36144000	0.00475622
2137	0.36735600	0.36259500	0.00476020
2138	0.36852100	0.36375700	0.00476390
2139	0.36968400	0.36491700	0.00476760
2140	0.37082700	0.36605600	0.00477137
2141	0.37196600	0.36719100	0.00477532
2142	0.37312100	0.36834100	0.00477958
2143	0.37428500	0.36950100	0.00478395
2144	0.37544100	0.37065200	0.00478877
2145	0.37656200	0.37176700	0.00479457
2146	0.37760800	0.37280600	0.00480165
2147	0.37854100	0.37373100	0.00480956
2148	0.37932300	0.37450400	0.00481874
2149	0.37992600	0.37509600	0.00482954
2150	0.38033900	0.37549800	0.00484127
2151	0.38055900	0.37570500	0.00485422
2152	0.38061000	0.37574200	0.00486821
2153	0.38050800	0.37562400	0.00488353
2154	0.38026900	0.37536900	0.00489980
2155	0.37993800	0.37502200	0.00491651
2156	0.37955600	0.37462200	0.00493342
2157	0.37912800	0.37417800	0.00495066
2158	0.37870000	0.37373100	0.00496877
2159	0.37828900	0.37330200	0.00498725
2160	0.37792800	0.37292200	0.00500535
2161	0.37762600	0.37260300	0.00502252
2162	0.37739700	0.37235800	0.00503868
2163	0.37724800	0.37219500	0.00505333
2164	0.37717500	0.37210800	0.00506710
2165	0.37718800	0.37210700	0.00508041
2166	0.37728300	0.37219000	0.00509313
2167	0.37745200	0.37234700	0.00510533
2168	0.37770400	0.37258700	0.00511739
2169	0.37804100	0.37291200	0.00512911
2170	0.37848000	0.37333900	0.00514040
2171	0.37903800	0.37388700	0.00515141
2172	0.37972400	0.37456200	0.00516164
2173	0.38053500	0.37536400	0.00517075
2174	0.38145700	0.37627800	0.00517885
2175	0.38246800	0.37728200	0.00518569
2176	0.38352900	0.37833700	0.00519145
2177	0.38461800	0.37942200	0.00519591
2178	0.38573600	0.38053700	0.00519908
2179	0.38688100	0.38168000	0.00520109
2180	0.38806600	0.38286400	0.00520192
2181	0.38929800	0.38409600	0.00520150
2182	0.39058100	0.38538100	0.00519997
2183	0.39191500	0.38671800	0.00519743
2184	0.39330700	0.38811300	0.00519388
2185	0.39473400	0.38954500	0.00518952
2186	0.39618000	0.39099600	0.00518446
2187	0.39763900	0.39246000	0.00517879
2188	0.39909300	0.39392100	0.00517256
2189	0.40052800	0.39536200	0.00516590
2190	0.40192000	0.39676100	0.00515907
2191	0.40327100	0.39811800	0.00515237
2192	0.40458300	0.39943700	0.00514603
2193	0.40585400	0.40071400	0.00514042
2194	0.40709100	0.40195600	0.00513575
2195	0.40830700	0.40317500	0.00513238
2196	0.40954100	0.40441100	0.00513055
2197	0.41082400	0.40569300	0.00513028
2198	0.41216300	0.40703200	0.00513135
2199	0.41354500	0.40841100	0.00513329
2200	0.41499200	0.40985600	0.00513577
2201	0.41650900	0.41137100	0.00513837
2202	0.41805900	0.41291900	0.00514072
2203	0.41960200	0.41445900	0.00514264
2204	0.42109300	0.41594900	0.00514387
2205	0.42249200	0.41734800	0.00514438
2206	0.42376900	0.41862500	0.00514430
2207	0.42489500	0.41975200	0.00514370
2208	0.42584600	0.42070300	0.00514286
2209	0.42660800	0.42146600	0.00514197
2210	0.42717500	0.42203400	0.00514124
2211	0.42756400	0.42242300	0.00514056
2212	0.42777400	0.42263400	0.00513966
2213	0.42781800	0.42268000	0.00513832
2214	0.42770800	0.42257100	0.00513672
2215	0.42746500	0.42233100	0.00513444
2216	0.42713200	0.42200100	0.00513101
2217	0.42676500	0.42163800	0.00512606
2218	0.42641300	0.42129300	0.00511913
2219	0.42611300	0.42100400	0.00510965
2220	0.42588500	0.42078700	0.00509713
2221	0.42573600	0.42065500	0.00508129
2222	0.42567900	0.42061700	0.00506189
2223	0.42571400	0.42067500	0.00503867
2224	0.42583200	0.42082000	0.00501186
2225	0.42600600	0.42102400	0.00498200
2226	0.42621200	0.42126300	0.00494950
2227	0.42643100	0.42151700	0.00491487
2228	0.42665600	0.42177700	0.00487909
2229	0.42686200	0.42202000	0.00484249
2230	0.42705000	0.42224400	0.00480565
2231	0.42721000	0.42244100	0.00476869
2232	0.42733500	0.42260300	0.00473191
2233	0.42741900	0.42272200	0.00469647
2234	0.42746400	0.42280000	0.00466317
2235	0.42747200	0.42284100	0.00463157
2236	0.42743100	0.42283000	0.00460142
2237	0.42731600	0.42274300	0.00457270
2238	0.42709900	0.42255300	0.00454546
2239	0.42674900	0.42222900	0.00451934
2240	0.42623700	0.42174300	0.00449493
2241	0.42554300	0.42107000	0.00447254
2242	0.42465000	0.42019600	0.00445350
2243	0.42351600	0.41907800	0.00443799
2244	0.42213300	0.41770600	0.00442619
2245	0.42048500	0.41606700	0.00441829
2246	0.41860300	0.41418900	0.00441399
2247	0.41650500	0.41209200	0.00441308
2248	0.41422900	0.40981400	0.00441534
2249	0.41180300	0.40738300	0.00442041
2250	0.40925300	0.40482600	0.00442758
2251	0.40658900	0.40215200	0.00443687
2252	0.40383800	0.39939100	0.00444778
2253	0.40101800	0.39655900	0.00445991
2254	0.39815700	0.39368400	0.00447252
2255	0.39530200	0.39081700	0.00448517
2256	0.39248800	0.38799000	0.00449756
2257	0.38972000	0.38521000	0.00450964
2258	0.38700700	0.38248600	0.00452108
2259	0.38438000	0.37984800	0.00453163
2260	0.38186000	0.37731900	0.00454097
2261	0.37947300	0.37492400	0.00454901
2262	0.37725300	0.37269700	0.00455528
2263	0.37521500	0.37065500	0.00456053
2264	0.37337300	0.36880800	0.00456496
2265	0.37171200	0.36714300	0.00456924
2266	0.37023600	0.36566200	0.00457326
2267	0.36893200	0.36435600	0.00457690
2268	0.36779000	0.36321000	0.00457972
2269	0.36681900	0.36223600	0.00458239
2270	0.36601400	0.36142900	0.00458475
2271	0.36537600	0.36078900	0.00458686
2272	0.36492500	0.36033600	0.00458860
2273	0.36464900	0.36005900	0.00458991
2274	0.36450100	0.35991000	0.00459093
2275	0.36447200	0.35988000	0.00459186
2276	0.36452900	0.35993600	0.00459260
2277	0.36463600	0.36004300	0.00459311
2278	0.36475900	0.36016600	0.00459361
2279	0.36486200	0.36026800	0.00459352
2280	0.36492000	0.36032700	0.00459346
2281	0.36491700	0.36032300	0.00459373
2282	0.36484000	0.36024500	0.00459482
2283	0.36467000	0.36007300	0.00459692
2284	0.36440600	0.35980600	0.00460031
2285	0.36404600	0.35944100	0.00460487
2286	0.36361500	0.35900400	0.00461046
2287	0.36312700	0.35851000	0.00461699
2288	0.36260700	0.35798300	0.00462406
2289	0.36207100	0.35744000	0.00463101
2290	0.36153800	0.35690000	0.00463771
2291	0.36103300	0.35638800	0.00464425
2292	0.36055400	0.35590400	0.00465020
2293	0.36009500	0.35544000	0.00465531
2294	0.35966700	0.35500700	0.00465972
2295	0.35927700	0.35461300	0.00466339
2296	0.35892800	0.35426100	0.00466645
2297	0.35863200	0.35396300	0.00466903
2298	0.35838800	0.35371700	0.00467081
2299	0.35819500	0.35352300	0.00467182
2300	0.35806000	0.35338800	0.00467198
2301	0.35793500	0.35326400	0.00467104
2302	0.35781900	0.35315000	0.00466878
2303	0.35773400	0.35306900	0.00466513
2304	0.35771100	0.35305000	0.00466042
2305	0.35778800	0.35313400	0.00465442
2306	0.35800800	0.35336000	0.00464770
2307	0.35840200	0.35376100	0.00464101
2308	0.35898600	0.35435100	0.00463477
2309	0.35976300	0.35513400	0.00462978
2310	0.36070800	0.35608200	0.00462620
2311	0.36178700	0.35716300	0.00462430
2312	0.36296300	0.35833900	0.00462421
2313	0.36419000	0.35956400	0.00462598
2314	0.36541300	0.36078300	0.00462985
2315	0.36661000	0.36197400	0.00463603
2316	0.36782400	0.36317900	0.00464478
2317	0.36904600	0.36438900	0.00465625
2318	0.37026200	0.36559100	0.00467030
2319	0.37147400	0.36678700	0.00468702
2320	0.37267700	0.36797100	0.00470645
2321	0.37386600	0.36913800	0.00472831
2322	0.37503500	0.37028300	0.00475212
2323	0.37618300	0.37140500	0.00477773
2324	0.37729800	0.37249300	0.00480478
2325	0.37837200	0.37353900	0.00483308
2326	0.37941300	0.37455100	0.00486213
2327	0.38043600	0.37554400	0.00489190
2328	0.38145200	0.37653000	0.00492205
2329	0.38247800	0.37752600	0.00495256
2330	0.38351400	0.37853100	0.00498319
2331	0.38454800	0.37953400	0.00501376
2332	0.38556200	0.38051800	0.00504434
2333	0.38654800	0.38147300	0.00507501
2334	0.38747400	0.38236800	0.00510602
2335	0.38835600	0.38321800	0.00513776
2336	0.38917500	0.38400400	0.00517075
2337	0.38995600	0.38475100	0.00520498
2338	0.39070600	0.38546500	0.00524096
2339	0.39144600	0.38616700	0.00527868
2340	0.39217900	0.38686200	0.00531738
2341	0.39292800	0.38757200	0.00535609
2342	0.39370200	0.38830800	0.00539431
2343	0.39450500	0.38907300	0.00543165
2344	0.39534700	0.38987900	0.00546795
2345	0.39622900	0.39072500	0.00550419
2346	0.39716700	0.39162700	0.00553949
2347	0.39815700	0.39258300	0.00557353
2348	0.39920600	0.39360000	0.00560606
2349	0.40030800	0.39467200	0.00563674
2350	0.40145100	0.39578600	0.00566566
2351	0.40262500	0.39693300	0.00569230
2352	0.40380900	0.39809300	0.00571631
2353	0.40499200	0.39925500	0.00573739
2354	0.40616500	0.40041000	0.00575539
2355	0.40733500	0.40156400	0.00577034
2356	0.40849900	0.40271700	0.00578232
2357	0.40965300	0.40386200	0.00579120
2358	0.41080100	0.40500400	0.00579687
2359	0.41196000	0.40616100	0.00579917
2360	0.41312900	0.40733100	0.00579816
2361	0.41429200	0.40849800	0.00579419
2362	0.41541600	0.40962900	0.00578758
2363	0.41645800	0.41067900	0.00577898
2364	0.41738300	0.41161400	0.00576868
2365	0.41816300	0.41240700	0.00575674
2366	0.41880800	0.41306400	0.00574354
2367	0.41931400	0.41358400	0.00572959
2368	0.41968000	0.41396500	0.00571505
2369	0.41990700	0.41420700	0.00570016
2370	0.42000900	0.41432500	0.00568460
2371	0.41999800	0.41433000	0.00566846
2372	0.41987700	0.41422500	0.00565211
2373	0.41965600	0.41402100	0.00563575
2374	0.41935400	0.41373500	0.00561935
2375	0.41901800	0.41341500	0.00560309
2376	0.41868900	0.41310200	0.00558719
2377	0.41838800	0.41281600	0.00557180
2378	0.41812800	0.41257100	0.00555692
2379	0.41791900	0.41237700	0.00554259
2380	0.41776200	0.41223300	0.00552884
2381	0.41765700	0.41214100	0.00551557
2382	0.41760600	0.41210300	0.00550291
2383	0.41760600	0.41211600	0.00549058
2384	0.41766500	0.41218700	0.00547847
2385	0.41777700	0.41231100	0.00546560
2386	0.41795100	0.41249900	0.00545133
2387	0.41818600	0.41275100	0.00543562
2388	0.41848600	0.41306800	0.00541856
2389	0.41885000	0.41344900	0.00540076
2390	0.41928500	0.41390200	0.00538250
2391	0.41979200	0.41442900	0.00536382
2392	0.42036700	0.41502200	0.00534439
2393	0.42099300	0.41567000	0.00532369
2394	0.42165300	0.41635100	0.00530206
2395	0.42232300	0.41704300	0.00527974
2396	0.42297100	0.41771400	0.00525694
2397	0.42356700	0.41833300	0.00523439
2398	0.42409800	0.41888500	0.00521225
2399	0.42453800	0.41934700	0.00519087
2400	0.42485700	0.41968700	0.00517027
2401	0.42504600	0.41989500	0.00515084
2402	0.42510300	0.41997100	0.00513273
2403	0.42503300	0.41991700	0.00511588
2404	0.42483600	0.41973600	0.00510034
2405	0.42450700	0.41942100	0.00508600
2406	0.42404000	0.41896700	0.00507290
2407	0.42342600	0.41836500	0.00506113
2408	0.42268200	0.41763100	0.00505077
2409	0.42178900	0.41674700	0.00504162
2410	0.42075300	0.41572000	0.00503340
2411	0.41957200	0.41454600	0.00502600
2412	0.41826000	0.41324100	0.00501953
2413	0.41682900	0.41181600	0.00501296
2414	0.41530500	0.41029900	0.00500689
2415	0.41370800	0.40870700	0.00500115
2416	0.41206200	0.40706600	0.00499567
2417	0.41036400	0.40537400	0.00499010
2418	0.40861400	0.40363000	0.00498456
2419	0.40682600	0.40184700	0.00497814
2420	0.40501400	0.40004300	0.00497072
2421	0.40318600	0.39822300	0.00496258
2422	0.40136700	0.39641300	0.00495417
2423	0.39956000	0.39461400	0.00494567
2424	0.39776500	0.39282800	0.00493679
2425	0.39598800	0.39106000	0.00492737
2426	0.39425500	0.38933700	0.00491791
2427	0.39255800	0.38765000	0.00490882
2428	0.39089800	0.38599800	0.00490004
2429	0.38926900	0.38437700	0.00489172
2430	0.38768600	0.38280300	0.00488317
2431	0.38614100	0.38126700	0.00487441
2432	0.38464000	0.37977400	0.00486556
2433	0.38316400	0.37830800	0.00485637
2434	0.38171200	0.37686500	0.00484681
2435	0.38026100	0.37542400	0.00483687
2436	0.37877900	0.37395200	0.00482697
2437	0.37723800	0.37242100	0.00481733
2438	0.37563200	0.37082400	0.00480731
2439	0.37393500	0.36913800	0.00479750
2440	0.37210600	0.36731800	0.00478846
2441	0.37011100	0.36533200	0.00477977
2442	0.36795300	0.36318200	0.00477081
2443	0.36562900	0.36086800	0.00476144
2444	0.36316000	0.35840800	0.00475169
2445	0.36056300	0.35582200	0.00474080
2446	0.35788100	0.35315200	0.00472893
2447	0.35516700	0.35045100	0.00471631
2448	0.35247100	0.34776800	0.00470308
2449	0.34979900	0.34511000	0.00468904
2450	0.34716300	0.34248900	0.00467432
2451	0.34460200	0.33994300	0.00465882
2452	0.34214500	0.33750200	0.00464278
2453	0.33980300	0.33517600	0.00462647
2454	0.33758600	0.33297600	0.00461059
2455	0.33550000	0.33090500	0.00459556
2456	0.33355200	0.32897100	0.00458184
2457	0.33176000	0.32718900	0.00457052
2458	0.33014800	0.32558600	0.00456186
2459	0.32873700	0.32418000	0.00455617
2460	0.32753800	0.32298500	0.00455305
2461	0.32656100	0.32200800	0.00455319
2462	0.32577900	0.32122200	0.00455616
2463	0.32519100	0.32063000	0.00456160
2464	0.32476000	0.32019100	0.00456844
2465	0.32448100	0.31990400	0.00457658
2466	0.32433400	0.31974900	0.00458560
2467	0.32432900	0.31973400	0.00459457
2468	0.32443800	0.31983500	0.00460291
2469	0.32467200	0.32006200	0.00461014
2470	0.32504300	0.32042800	0.00461550
2471	0.32558000	0.32096100	0.00461864
2472	0.32628300	0.32166400	0.00461972
2473	0.32715500	0.32253600	0.00461881
2474	0.32820000	0.32358400	0.00461621
2475	0.32938800	0.32477500	0.00461238
2476	0.33072400	0.32611600	0.00460792
2477	0.33220200	0.32759800	0.00460391
2478	0.33384300	0.32924300	0.00460030
2479	0.33564300	0.33104600	0.00459722
2480	0.33761700	0.33302300	0.00459444
2481	0.33976400	0.33517300	0.00459141
2482	0.34209500	0.33750800	0.00458747
2483	0.34460800	0.34002600	0.00458261
2484	0.34729300	0.34271600	0.00457648
2485	0.35014400	0.34557500	0.00456925
2486	0.35314600	0.34858500	0.00456127
2487	0.35629100	0.35173800	0.00455307
2488	0.35951800	0.35497300	0.00454547
2489	0.36276400	0.35822600	0.00453847
2490	0.36599300	0.36146000	0.00453298
2491	0.36919900	0.36467000	0.00452921
2492	0.37237200	0.36784500	0.00452716
2493	0.37551800	0.37099200	0.00452677
2494	0.37863800	0.37411000	0.00452803
2495	0.38172600	0.37719400	0.00453103
2496	0.38477700	0.38024200	0.00453523
2497	0.38776500	0.38322500	0.00454072
2498	0.39065200	0.38610400	0.00454738
2499	0.39338500	0.38883000	0.00455501
2500	0.39590500	0.39134200	0.00456361
