Time	Cd Total	Cd Pressure	Cd Viscous
1	0.01697780	0.01590470	0.00107304
2	0.04206560	0.04078520	0.00128039
3	0.06436730	0.06284060	0.00152669
4	0.07443550	0.07265340	0.00178206
5	0.06991770	0.06790360	0.00201412
6	0.05432920	0.05214770	0.00218148
7	0.03416480	0.03187220	0.00229259
8	0.01609250	0.01371250	0.00237998
9	0.00475639	0.00231148	0.00244491
10	0.00140010	-0.00108026	0.00248036
11	0.00481594	0.00231419	0.00250174
12	0.01207320	0.00956733	0.00250585
13	0.02022780	0.01772440	0.00250334
14	0.02700250	0.02452360	0.00247891
15	0.03119930	0.02875240	0.00244686
16	0.03266320	0.03024770	0.00241552
17	0.03209230	0.02970910	0.00238321
18	0.03046360	0.02811510	0.00234857
19	0.02877010	0.02645480	0.00231529
20	0.02772140	0.02544230	0.00227905
21	0.02759210	0.02534920	0.00224288
22	0.02827420	0.02606210	0.00221211
23	0.02953640	0.02734550	0.00219089
24	0.03099150	0.02882220	0.00216929
25	0.03233530	0.03018080	0.00215448
26	0.03338210	0.03124200	0.00214010
27	0.03405430	0.03192640	0.00212796
28	0.03442500	0.03231170	0.00211338
29	0.03460410	0.03250610	0.00209802
30	0.03471060	0.03263140	0.00207913
31	0.03489850	0.03283560	0.00206291
32	0.03518140	0.03313770	0.00204378
33	0.03553380	0.03350430	0.00202956
34	0.03586570	0.03385180	0.00201387
35	0.03609160	0.03408680	0.00200480
36	0.03610720	0.03411220	0.00199507
37	0.03592320	0.03393260	0.00199060
38	0.03553000	0.03354330	0.00198665
39	0.03496670	0.03297990	0.00198680
40	0.03433840	0.03235220	0.00198628
41	0.03373020	0.03174420	0.00198600
42	0.03324450	0.03126070	0.00198380
43	0.03290340	0.03092390	0.00197949
44	0.03268660	0.03071320	0.00197333
45	0.03257250	0.03060770	0.00196481
46	0.03255560	0.03060190	0.00195368
47	0.03260500	0.03066410	0.00194085
48	0.03268760	0.03076090	0.00192661
49	0.03278370	0.03087220	0.00191147
50	0.03291370	0.03101760	0.00189600
51	0.03307870	0.03119880	0.00187987
52	0.03328280	0.03141820	0.00186454
53	0.03350370	0.03165320	0.00185050
54	0.03372390	0.03188620	0.00183773
55	0.03387660	0.03205070	0.00182591
56	0.03399630	0.03217830	0.00181795
57	0.03406590	0.03225370	0.00181219
58	0.03416200	0.03235400	0.00180797
59	0.03430240	0.03249790	0.00180447
60	0.03453820	0.03273710	0.00180113
61	0.03488730	0.03309020	0.00179709
62	0.03536620	0.03357270	0.00179350
63	0.03595980	0.03416980	0.00179004
64	0.03663050	0.03484290	0.00178767
65	0.03733160	0.03554550	0.00178611
66	0.03797610	0.03619190	0.00178419
67	0.03849940	0.03671710	0.00178228
68	0.03888590	0.03710400	0.00178181
69	0.03912240	0.03733940	0.00178300
70	0.03924470	0.03745950	0.00178525
71	0.03927670	0.03749140	0.00178535
72	0.03927870	0.03749420	0.00178448
73	0.03924250	0.03745750	0.00178494
74	0.03917680	0.03738910	0.00178773
75	0.03908860	0.03729520	0.00179340
76	0.03899250	0.03719130	0.00180119
77	0.03891230	0.03710000	0.00181229
78	0.03886150	0.03703450	0.00182701
79	0.03886010	0.03701600	0.00184409
80	0.03891000	0.03704790	0.00186206
81	0.03899480	0.03711570	0.00187912
82	0.03908360	0.03718990	0.00189366
83	0.03917870	0.03727140	0.00190734
84	0.03927840	0.03735660	0.00192179
85	0.03938380	0.03744930	0.00193451
86	0.03950400	0.03755810	0.00194584
87	0.03963620	0.03768110	0.00195508
88	0.03977810	0.03781560	0.00196254
89	0.03992560	0.03795720	0.00196832
90	0.04010370	0.03813090	0.00197278
91	0.04030660	0.03833070	0.00197583
92	0.04052550	0.03854790	0.00197761
93	0.04073310	0.03875490	0.00197820
94	0.04092920	0.03895190	0.00197736
95	0.04110740	0.03913080	0.00197660
96	0.04125820	0.03928190	0.00197628
97	0.04140050	0.03942390	0.00197668
98	0.04155930	0.03958270	0.00197665
99	0.04176450	0.03979010	0.00197443
100	0.04201630	0.04004500	0.00197125
101	0.04233140	0.04036430	0.00196710
102	0.04269770	0.04073570	0.00196195
103	0.04310960	0.04115400	0.00195564
104	0.04356030	0.04161220	0.00194812
105	0.04407140	0.04213230	0.00193904
106	0.04465080	0.04272150	0.00192926
107	0.04531500	0.04339430	0.00192068
108	0.04605540	0.04414110	0.00191436
109	0.04688650	0.04497620	0.00191033
110	0.04779580	0.04588790	0.00190786
111	0.04876820	0.04686190	0.00190635
112	0.04979510	0.04789010	0.00190500
113	0.05084050	0.04893600	0.00190445
114	0.05186630	0.04996230	0.00190394
115	0.05285550	0.05095240	0.00190316
116	0.05378470	0.05188310	0.00190159
117	0.05466580	0.05276600	0.00189977
118	0.05550810	0.05361010	0.00189804
119	0.05633000	0.05443320	0.00189684
120	0.05714790	0.05525180	0.00189613
121	0.05796690	0.05607050	0.00189648
122	0.05876650	0.05686770	0.00189884
123	0.05950510	0.05760180	0.00190328
124	0.06015000	0.05824030	0.00190967
125	0.06066140	0.05874360	0.00191774
126	0.06100680	0.05907980	0.00192696
127	0.06118130	0.05924470	0.00193656
128	0.06118810	0.05924320	0.00194494
129	0.06103640	0.05908500	0.00195140
130	0.06073980	0.05878420	0.00195567
131	0.06031100	0.05835250	0.00195851
132	0.05977620	0.05781660	0.00195963
133	0.05915990	0.05720110	0.00195885
134	0.05849980	0.05654330	0.00195650
135	0.05781940	0.05586620	0.00195320
136	0.05715800	0.05520960	0.00194845
137	0.05652090	0.05457810	0.00194284
138	0.05592110	0.05398430	0.00193681
139	0.05536580	0.05343550	0.00193022
140	0.05484350	0.05292000	0.00192353
141	0.05434210	0.05242490	0.00191717
142	0.05386410	0.05195280	0.00191128
143	0.05341150	0.05150520	0.00190633
144	0.05298550	0.05108230	0.00190317
145	0.05257200	0.05066980	0.00190217
146	0.05216110	0.05025810	0.00190302
147	0.05173470	0.04982980	0.00190485
148	0.05127850	0.04937160	0.00190683
149	0.05078440	0.04887590	0.00190845
150	0.05025600	0.04834660	0.00190940
151	0.04970900	0.04779910	0.00190988
152	0.04917230	0.04726180	0.00191043
153	0.04867360	0.04676240	0.00191119
154	0.04823170	0.04631940	0.00191230
155	0.04784500	0.04593110	0.00191388
156	0.04751900	0.04560300	0.00191602
157	0.04725640	0.04533770	0.00191868
158	0.04705000	0.04512840	0.00192163
159	0.04689510	0.04497040	0.00192472
160	0.04679480	0.04486660	0.00192816
161	0.04675060	0.04481840	0.00193213
162	0.04676490	0.04482800	0.00193694
163	0.04683560	0.04489290	0.00194270
164	0.04694480	0.04499530	0.00194947
165	0.04708120	0.04512350	0.00195767
166	0.04724080	0.04527320	0.00196755
167	0.04742000	0.04544060	0.00197935
168	0.04762030	0.04562700	0.00199333
169	0.04782110	0.04581160	0.00200950
170	0.04800400	0.04597680	0.00202723
171	0.04815110	0.04610570	0.00204545
172	0.04824110	0.04617730	0.00206376
173	0.04825090	0.04616920	0.00208168
174	0.04817320	0.04607460	0.00209864
175	0.04802030	0.04590570	0.00211459
176	0.04780840	0.04567950	0.00212899
177	0.04755960	0.04541800	0.00214162
178	0.04727590	0.04512340	0.00215254
179	0.04697020	0.04480950	0.00216071
180	0.04664220	0.04447710	0.00216518
181	0.04629330	0.04412710	0.00216622
182	0.04593040	0.04376710	0.00216327
183	0.04556230	0.04340530	0.00215706
184	0.04520450	0.04305570	0.00214878
185	0.04486870	0.04272960	0.00213917
186	0.04455640	0.04242800	0.00212849
187	0.04426790	0.04215080	0.00211708
188	0.04399570	0.04189070	0.00210505
189	0.04374250	0.04164940	0.00209315
190	0.04350930	0.04142800	0.00208134
191	0.04330730	0.04123720	0.00207008
192	0.04314240	0.04108310	0.00205932
193	0.04301270	0.04096320	0.00204949
194	0.04291860	0.04087740	0.00204117
195	0.04285100	0.04081630	0.00203468
196	0.04278700	0.04075610	0.00203093
197	0.04271680	0.04068660	0.00203025
198	0.04264660	0.04061410	0.00203245
199	0.04259300	0.04055670	0.00203627
200	0.04258050	0.04054000	0.00204052
201	0.04262870	0.04058340	0.00204536
202	0.04273730	0.04068620	0.00205109
203	0.04289580	0.04083830	0.00205751
204	0.04309350	0.04102920	0.00206431
205	0.04332390	0.04125240	0.00207149
206	0.04358450	0.04150500	0.00207942
207	0.04387100	0.04178220	0.00208882
208	0.04418240	0.04208190	0.00210055
209	0.04450250	0.04238660	0.00211592
210	0.04482750	0.04269190	0.00213555
211	0.04516150	0.04300210	0.00215944
212	0.04551680	0.04332970	0.00218714
213	0.04590190	0.04368320	0.00221875
214	0.04630620	0.04405360	0.00225260
215	0.04673070	0.04444390	0.00228679
216	0.04717040	0.04485000	0.00232046
217	0.04761790	0.04526480	0.00235316
218	0.04805840	0.04567380	0.00238465
219	0.04848590	0.04607200	0.00241391
220	0.04889390	0.04645440	0.00243956
221	0.04928670	0.04682590	0.00246079
222	0.04966050	0.04718340	0.00247711
223	0.05001460	0.04752560	0.00248905
224	0.05034690	0.04785040	0.00249654
225	0.05064680	0.04814660	0.00250022
226	0.05089570	0.04839510	0.00250060
227	0.05107430	0.04857620	0.00249811
228	0.05115700	0.04866400	0.00249302
229	0.05112050	0.04863490	0.00248560
230	0.05095470	0.04847870	0.00247601
231	0.05064980	0.04818530	0.00246445
232	0.05021340	0.04776230	0.00245113
233	0.04966270	0.04722680	0.00243589
234	0.04901390	0.04659550	0.00241840
235	0.04828680	0.04588780	0.00239898
236	0.04749750	0.04511940	0.00237804
237	0.04667370	0.04431750	0.00235616
238	0.04584430	0.04351100	0.00233334
239	0.04505000	0.04274040	0.00230964
240	0.04431550	0.04203000	0.00228551
241	0.04364990	0.04138810	0.00226175
242	0.04305640	0.04081710	0.00223924
243	0.04253440	0.04031550	0.00221890
244	0.04208470	0.03988420	0.00220057
245	0.04170410	0.03951980	0.00218423
246	0.04138330	0.03921310	0.00217018
247	0.04111310	0.03895450	0.00215868
248	0.04088100	0.03873150	0.00214957
249	0.04067390	0.03853130	0.00214261
250	0.04047560	0.03833780	0.00213774
251	0.04028070	0.03814570	0.00213498
252	0.04008530	0.03795130	0.00213397
253	0.03988570	0.03775120	0.00213451
254	0.03968210	0.03754580	0.00213631
255	0.03947260	0.03733300	0.00213963
256	0.03926450	0.03712050	0.00214402
257	0.03907170	0.03692260	0.00214907
258	0.03890060	0.03674590	0.00215469
259	0.03875720	0.03659630	0.00216088
260	0.03864740	0.03647990	0.00216754
261	0.03857160	0.03639690	0.00217475
262	0.03853100	0.03634860	0.00218240
263	0.03851790	0.03632750	0.00219033
264	0.03853140	0.03633310	0.00219839
265	0.03856100	0.03635460	0.00220645
266	0.03859890	0.03638440	0.00221447
267	0.03863410	0.03641160	0.00222247
268	0.03865690	0.03642640	0.00223054
269	0.03866020	0.03642150	0.00223869
270	0.03864380	0.03639690	0.00224696
271	0.03860340	0.03634830	0.00225511
272	0.03853940	0.03627660	0.00226281
273	0.03844990	0.03617990	0.00226996
274	0.03833890	0.03606240	0.00227658
275	0.03820870	0.03592610	0.00228259
276	0.03806770	0.03577980	0.00228790
277	0.03791460	0.03562220	0.00229242
278	0.03775640	0.03545980	0.00229652
279	0.03758960	0.03528930	0.00230033
280	0.03741860	0.03511460	0.00230405
281	0.03724150	0.03493420	0.00230733
282	0.03705850	0.03474850	0.00231005
283	0.03686850	0.03455640	0.00231214
284	0.03667310	0.03435950	0.00231355
285	0.03647600	0.03416220	0.00231386
286	0.03628030	0.03396720	0.00231307
287	0.03609580	0.03378480	0.00231099
288	0.03593950	0.03363200	0.00230749
289	0.03582210	0.03351980	0.00230230
290	0.03575650	0.03346100	0.00229553
291	0.03574930	0.03346170	0.00228754
292	0.03580630	0.03352760	0.00227862
293	0.03593270	0.03366370	0.00226896
294	0.03612910	0.03387020	0.00225884
295	0.03638970	0.03414120	0.00224847
296	0.03669720	0.03445920	0.00223796
297	0.03704220	0.03481480	0.00222740
298	0.03740640	0.03518940	0.00221696
299	0.03777980	0.03557310	0.00220671
300	0.03814570	0.03594870	0.00219701
301	0.03849190	0.03630380	0.00218805
302	0.03880470	0.03662500	0.00217971
303	0.03907910	0.03690730	0.00217186
304	0.03930690	0.03714260	0.00216429
305	0.03948260	0.03732570	0.00215690
306	0.03960510	0.03745540	0.00214965
307	0.03967790	0.03753540	0.00214251
308	0.03970670	0.03757120	0.00213549
309	0.03970090	0.03757240	0.00212849
310	0.03967520	0.03755380	0.00212145
311	0.03964390	0.03752960	0.00211435
312	0.03961340	0.03750620	0.00210712
313	0.03959300	0.03749340	0.00209963
314	0.03959500	0.03750310	0.00209186
315	0.03962680	0.03754270	0.00208410
316	0.03969280	0.03761650	0.00207630
317	0.03979300	0.03772450	0.00206842
318	0.03992440	0.03786400	0.00206048
319	0.04008660	0.03803420	0.00205240
320	0.04028090	0.03823670	0.00204428
321	0.04049530	0.03845930	0.00203603
322	0.04072540	0.03869740	0.00202793
323	0.04096120	0.03894050	0.00202067
324	0.04119400	0.03917940	0.00201459
325	0.04141250	0.03940240	0.00201012
326	0.04161080	0.03960320	0.00200757
327	0.04178770	0.03978070	0.00200696
328	0.04194850	0.03994000	0.00200853
329	0.04209910	0.04008770	0.00201141
330	0.04224820	0.04023360	0.00201464
331	0.04238930	0.04037210	0.00201721
332	0.04250360	0.04048450	0.00201907
333	0.04257760	0.04055780	0.00201980
334	0.04260230	0.04058240	0.00201993
335	0.04255780	0.04053860	0.00201920
336	0.04242790	0.04041060	0.00201725
337	0.04219320	0.04017950	0.00201364
338	0.04183630	0.03982780	0.00200850
339	0.04134480	0.03934270	0.00200217
340	0.04071090	0.03871640	0.00199452
341	0.03992780	0.03794220	0.00198559
342	0.03901710	0.03704170	0.00197541
343	0.03801450	0.03605020	0.00196423
344	0.03694720	0.03499450	0.00195273
345	0.03586590	0.03392480	0.00194111
346	0.03481940	0.03288910	0.00193026
347	0.03387640	0.03195560	0.00192078
348	0.03308690	0.03117330	0.00191354
349	0.03247880	0.03057060	0.00190827
350	0.03204780	0.03014340	0.00190439
351	0.03176130	0.02986010	0.00190111
352	0.03157950	0.02968210	0.00189739
353	0.03145810	0.02956530	0.00189276
354	0.03136910	0.02948230	0.00188673
355	0.03128520	0.02940590	0.00187939
356	0.03118970	0.02931870	0.00187099
357	0.03107010	0.02920840	0.00186162
358	0.03092840	0.02907700	0.00185140
359	0.03078860	0.02894790	0.00184075
360	0.03067520	0.02884500	0.00183025
361	0.03059900	0.02877870	0.00182031
362	0.03057400	0.02876320	0.00181088
363	0.03060530	0.02880320	0.00180219
364	0.03069920	0.02890470	0.00179451
365	0.03083700	0.02904930	0.00178769
366	0.03100570	0.02922430	0.00178131
367	0.03118490	0.02940940	0.00177545
368	0.03137010	0.02960070	0.00176947
369	0.03156300	0.02979990	0.00176315
370	0.03175970	0.03000340	0.00175630
371	0.03195500	0.03020630	0.00174862
372	0.03215080	0.03041040	0.00174040
373	0.03233330	0.03060180	0.00173149
374	0.03250650	0.03078480	0.00172166
375	0.03266360	0.03095280	0.00171084
376	0.03280290	0.03110370	0.00169926
377	0.03292620	0.03123810	0.00168815
378	0.03302890	0.03135150	0.00167734
379	0.03311270	0.03144680	0.00166594
380	0.03318330	0.03152930	0.00165395
381	0.03325170	0.03160980	0.00164188
382	0.03333370	0.03170280	0.00163091
383	0.03343500	0.03181440	0.00162061
384	0.03356990	0.03195910	0.00161083
385	0.03373440	0.03213210	0.00160235
386	0.03392430	0.03232930	0.00159501
387	0.03413990	0.03255090	0.00158903
388	0.03437920	0.03279440	0.00158482
389	0.03463470	0.03305250	0.00158214
390	0.03491880	0.03333750	0.00158131
391	0.03522960	0.03364740	0.00158217
392	0.03556690	0.03398300	0.00158387
393	0.03593030	0.03434410	0.00158621
394	0.03631590	0.03472620	0.00158969
395	0.03671980	0.03512560	0.00159418
396	0.03712030	0.03552080	0.00159951
397	0.03749780	0.03589300	0.00160475
398	0.03782950	0.03621970	0.00160981
399	0.03809570	0.03648110	0.00161466
400	0.03828280	0.03666330	0.00161952
401	0.03837900	0.03675470	0.00162434
402	0.03837840	0.03674890	0.00162957
403	0.03827780	0.03664230	0.00163548
404	0.03808210	0.03643980	0.00164236
405	0.03780090	0.03615010	0.00165079
406	0.03744150	0.03578040	0.00166108
407	0.03701820	0.03534410	0.00167411
408	0.03653920	0.03484950	0.00168969
409	0.03601600	0.03430920	0.00170686
410	0.03545680	0.03373140	0.00172545
411	0.03486540	0.03312090	0.00174454
412	0.03424630	0.03248240	0.00176395
413	0.03360840	0.03182510	0.00178330
414	0.03295900	0.03115710	0.00180186
415	0.03230520	0.03048510	0.00182007
416	0.03165210	0.02981470	0.00183747
417	0.03100920	0.02915590	0.00185329
418	0.03038300	0.02851520	0.00186783
419	0.02978440	0.02790330	0.00188113
420	0.02921790	0.02732480	0.00189308
421	0.02868030	0.02677670	0.00190365
422	0.02815490	0.02624240	0.00191245
423	0.02763130	0.02571200	0.00191932
424	0.02710340	0.02517900	0.00192444
425	0.02657010	0.02464240	0.00192779
426	0.02602550	0.02409580	0.00192966
427	0.02547120	0.02354110	0.00193015
428	0.02490620	0.02297760	0.00192862
429	0.02434640	0.02242130	0.00192507
430	0.02380980	0.02189080	0.00191899
431	0.02331120	0.02140110	0.00191003
432	0.02286040	0.02096260	0.00189786
433	0.02246300	0.02057990	0.00188308
434	0.02211830	0.02025150	0.00186679
435	0.02182400	0.01997540	0.00184859
436	0.02156810	0.01974020	0.00182787
437	0.02135440	0.01954990	0.00180447
438	0.02116270	0.01938410	0.00177853
439	0.02099110	0.01924050	0.00175063
440	0.02083730	0.01911660	0.00172075
441	0.02069580	0.01900680	0.00168892
442	0.02056140	0.01890590	0.00165545
443	0.02042960	0.01880850	0.00162113
444	0.02030480	0.01871780	0.00158695
445	0.02019230	0.01863920	0.00155316
446	0.02009340	0.01857330	0.00152014
447	0.02001550	0.01852770	0.00148785
448	0.01995860	0.01850190	0.00145676
449	0.01992120	0.01849280	0.00142836
450	0.01990230	0.01849930	0.00140299
451	0.01989890	0.01851810	0.00138074
452	0.01990390	0.01854260	0.00136132
453	0.01992290	0.01857850	0.00134444
454	0.01995790	0.01862730	0.00133051
455	0.02001790	0.01869830	0.00131963
456	0.02010560	0.01879380	0.00131173
457	0.02022490	0.01891830	0.00130655
458	0.02037700	0.01907350	0.00130353
459	0.02056990	0.01926770	0.00130222
460	0.02080470	0.01950230	0.00130241
461	0.02108240	0.01977850	0.00130386
462	0.02139350	0.02008680	0.00130669
463	0.02174520	0.02043410	0.00131110
464	0.02213850	0.02082150	0.00131700
465	0.02258590	0.02126200	0.00132396
466	0.02309300	0.02176080	0.00133227
467	0.02366300	0.02232040	0.00134262
468	0.02429090	0.02293570	0.00135512
469	0.02497430	0.02360520	0.00136911
470	0.02570490	0.02432070	0.00138416
471	0.02646960	0.02506950	0.00140009
472	0.02724590	0.02582890	0.00141700
473	0.02801930	0.02658470	0.00143462
474	0.02876640	0.02731310	0.00145337
475	0.02948060	0.02800710	0.00147346
476	0.03015950	0.02866440	0.00149518
477	0.03079710	0.02927850	0.00151864
478	0.03138880	0.02984510	0.00154367
479	0.03192530	0.03035520	0.00157016
480	0.03239860	0.03080070	0.00159790
481	0.03281220	0.03118580	0.00162640
482	0.03316560	0.03151010	0.00165555
483	0.03345720	0.03177190	0.00168525
484	0.03368360	0.03196830	0.00171527
485	0.03384320	0.03209790	0.00174535
486	0.03394040	0.03216510	0.00177529
487	0.03397920	0.03217430	0.00180486
488	0.03396990	0.03213620	0.00183372
489	0.03392220	0.03206040	0.00186183
490	0.03385090	0.03196160	0.00188930
491	0.03377440	0.03185800	0.00191633
492	0.03370810	0.03176480	0.00194332
493	0.03365340	0.03168390	0.00196944
494	0.03362020	0.03162550	0.00199467
495	0.03361010	0.03159120	0.00201894
496	0.03363330	0.03159050	0.00204280
497	0.03368210	0.03161560	0.00206653
498	0.03374920	0.03165900	0.00209027
499	0.03382060	0.03170740	0.00211323
500	0.03387650	0.03174250	0.00213396
501	0.03389860	0.03174660	0.00215198
502	0.03388400	0.03171620	0.00216787
503	0.03383180	0.03164950	0.00218233
504	0.03375110	0.03155590	0.00219524
505	0.03365550	0.03144870	0.00220672
506	0.03356390	0.03134700	0.00221694
507	0.03348780	0.03126200	0.00222572
508	0.03343380	0.03120120	0.00223261
509	0.03340020	0.03116270	0.00223755
510	0.03337910	0.03113860	0.00224049
511	0.03335770	0.03111630	0.00224149
512	0.03332710	0.03108640	0.00224074
513	0.03326910	0.03103080	0.00223832
514	0.03317700	0.03094260	0.00223441
515	0.03304400	0.03081500	0.00222901
516	0.03287110	0.03064890	0.00222212
517	0.03265920	0.03044550	0.00221368
518	0.03241620	0.03021230	0.00220385
519	0.03214780	0.02995510	0.00219263
520	0.03186860	0.02968860	0.00217998
521	0.03158190	0.02941570	0.00216613
522	0.03129610	0.02914490	0.00215118
523	0.03101020	0.02887520	0.00213508
524	0.03072520	0.02860730	0.00211786
525	0.03043890	0.02833940	0.00209959
526	0.03015330	0.02807290	0.00208042
527	0.02986390	0.02780340	0.00206057
528	0.02957350	0.02753320	0.00204032
529	0.02928110	0.02726130	0.00201979
530	0.02898670	0.02698750	0.00199918
531	0.02868760	0.02670860	0.00197900
532	0.02838290	0.02642340	0.00195948
533	0.02808560	0.02614500	0.00194064
534	0.02781320	0.02589070	0.00192251
535	0.02757580	0.02567040	0.00190539
536	0.02739490	0.02550560	0.00188935
537	0.02728700	0.02541230	0.00187465
538	0.02725710	0.02539570	0.00186135
539	0.02730840	0.02545870	0.00184977
540	0.02743590	0.02559600	0.00183994
541	0.02762600	0.02579510	0.00183087
542	0.02786360	0.02604070	0.00182287
543	0.02814060	0.02632420	0.00181642
544	0.02844740	0.02663590	0.00181147
545	0.02876720	0.02695960	0.00180767
546	0.02909140	0.02728690	0.00180458
547	0.02940970	0.02760760	0.00180218
548	0.02971320	0.02791240	0.00180076
549	0.02999340	0.02819290	0.00180058
550	0.03024630	0.02844460	0.00180169
551	0.03047170	0.02866770	0.00180403
552	0.03067080	0.02886360	0.00180720
553	0.03084000	0.02902880	0.00181121
554	0.03097620	0.02916050	0.00181573
555	0.03108590	0.02926530	0.00182057
556	0.03117700	0.02935140	0.00182562
557	0.03125300	0.02942240	0.00183057
558	0.03131160	0.02947630	0.00183532
559	0.03135610	0.02951640	0.00183972
560	0.03138230	0.02953880	0.00184354
561	0.03139590	0.02954940	0.00184647
562	0.03139540	0.02954700	0.00184834
563	0.03137950	0.02953050	0.00184903
564	0.03134870	0.02950020	0.00184853
565	0.03130460	0.02945750	0.00184703
566	0.03125510	0.02941080	0.00184436
567	0.03120420	0.02936380	0.00184031
568	0.03115660	0.02932190	0.00183472
569	0.03111790	0.02929040	0.00182750
570	0.03109280	0.02927380	0.00181898
571	0.03108110	0.02927090	0.00181013
572	0.03108380	0.02928260	0.00180116
573	0.03110360	0.02931140	0.00179229
574	0.03112730	0.02934380	0.00178349
575	0.03114990	0.02937560	0.00177433
576	0.03116890	0.02940440	0.00176449
577	0.03118760	0.02943340	0.00175418
578	0.03121130	0.02946780	0.00174349
579	0.03124710	0.02951430	0.00173276
580	0.03128920	0.02956660	0.00172257
581	0.03133640	0.02962360	0.00171283
582	0.03139380	0.02968980	0.00170394
583	0.03146020	0.02976390	0.00169625
584	0.03153260	0.02984240	0.00169021
585	0.03160870	0.02992300	0.00168570
586	0.03168730	0.03000470	0.00168261
587	0.03176240	0.03008150	0.00168086
588	0.03182900	0.03014860	0.00168034
589	0.03187830	0.03019720	0.00168102
590	0.03190980	0.03022720	0.00168258
591	0.03192450	0.03023970	0.00168478
592	0.03192880	0.03024140	0.00168737
593	0.03192840	0.03023800	0.00169044
594	0.03191930	0.03022560	0.00169371
595	0.03189940	0.03020240	0.00169695
596	0.03185990	0.03015990	0.00170004
597	0.03179480	0.03009180	0.00170300
598	0.03170760	0.03000180	0.00170581
599	0.03159290	0.02988450	0.00170838
600	0.03143970	0.02972890	0.00171082
601	0.03124140	0.02952820	0.00171311
602	0.03099680	0.02928190	0.00171489
603	0.03071870	0.02900260	0.00171607
604	0.03041430	0.02869780	0.00171648
605	0.03009420	0.02837820	0.00171603
606	0.02976880	0.02805400	0.00171474
607	0.02945400	0.02774150	0.00171255
608	0.02914770	0.02743820	0.00170942
609	0.02886400	0.02715910	0.00170497
610	0.02861630	0.02691760	0.00169877
611	0.02841150	0.02672060	0.00169090
612	0.02824330	0.02656210	0.00168121
613	0.02809960	0.02643030	0.00166929
614	0.02798370	0.02632800	0.00165575
615	0.02790100	0.02626000	0.00164105
616	0.02785320	0.02622840	0.00162484
617	0.02781770	0.02621190	0.00160582
618	0.02777380	0.02618940	0.00158431
619	0.02770570	0.02614450	0.00156117
620	0.02761470	0.02607800	0.00153677
621	0.02749600	0.02598460	0.00151136
622	0.02734410	0.02585810	0.00148593
623	0.02714130	0.02568100	0.00146028
624	0.02687650	0.02544130	0.00143514
625	0.02653450	0.02512280	0.00141176
626	0.02610900	0.02471730	0.00139170
627	0.02558720	0.02421140	0.00137582
628	0.02497560	0.02361130	0.00136437
629	0.02428330	0.02292610	0.00135721
630	0.02352370	0.02217000	0.00135372
631	0.02272070	0.02136740	0.00135332
632	0.02189790	0.02054250	0.00135546
633	0.02107790	0.01971830	0.00135962
634	0.02028140	0.01891570	0.00136572
635	0.01952630	0.01815270	0.00137361
636	0.01882850	0.01744550	0.00138296
637	0.01820410	0.01681050	0.00139357
638	0.01766400	0.01625820	0.00140582
639	0.01721130	0.01579120	0.00142013
640	0.01685670	0.01542040	0.00143624
641	0.01658300	0.01512940	0.00145359
642	0.01638550	0.01491390	0.00147158
643	0.01626450	0.01477440	0.00149007
644	0.01621510	0.01470590	0.00150918
645	0.01623210	0.01470300	0.00152915
646	0.01631760	0.01476760	0.00154999
647	0.01646020	0.01488840	0.00157187
648	0.01665690	0.01506220	0.00159477
649	0.01688680	0.01526820	0.00161855
650	0.01713880	0.01549520	0.00164357
651	0.01740150	0.01573120	0.00167029
652	0.01765390	0.01595540	0.00169851
653	0.01788350	0.01615550	0.00172800
654	0.01807720	0.01631860	0.00175851
655	0.01822730	0.01643710	0.00179021
656	0.01833790	0.01651500	0.00182292
657	0.01840920	0.01655320	0.00185606
658	0.01845060	0.01656130	0.00188927
659	0.01847050	0.01654840	0.00192206
660	0.01848290	0.01652880	0.00195412
661	0.01849120	0.01650590	0.00198527
662	0.01850340	0.01648810	0.00201532
663	0.01852240	0.01647830	0.00204408
664	0.01855010	0.01647810	0.00207198
665	0.01858700	0.01648800	0.00209897
666	0.01863440	0.01650930	0.00212503
667	0.01869320	0.01654320	0.00214998
668	0.01877030	0.01659630	0.00217400
669	0.01887360	0.01667620	0.00219738
670	0.01900310	0.01678340	0.00221978
671	0.01915220	0.01691110	0.00224106
672	0.01932020	0.01705900	0.00226121
673	0.01949790	0.01721790	0.00227999
674	0.01968530	0.01738760	0.00229770
675	0.01987960	0.01756520	0.00231431
676	0.02009810	0.01776830	0.00232976
677	0.02034520	0.01800120	0.00234397
678	0.02062180	0.01826490	0.00235695
679	0.02092200	0.01855310	0.00236894
680	0.02124660	0.01886650	0.00238005
681	0.02159810	0.01920770	0.00239038
682	0.02198240	0.01958260	0.00239982
683	0.02240210	0.01999370	0.00240839
684	0.02285750	0.02044150	0.00241600
685	0.02335340	0.02093080	0.00242264
686	0.02388580	0.02145750	0.00242832
687	0.02445190	0.02201910	0.00243280
688	0.02504770	0.02261180	0.00243597
689	0.02567850	0.02324060	0.00243791
690	0.02634070	0.02390170	0.00243905
691	0.02702210	0.02458270	0.00243936
692	0.02770860	0.02527020	0.00243844
693	0.02838730	0.02595080	0.00243651
694	0.02904480	0.02661130	0.00243351
695	0.02967310	0.02724380	0.00242933
696	0.03026220	0.02783810	0.00242408
697	0.03080720	0.02838940	0.00241779
698	0.03130210	0.02889190	0.00241019
699	0.03173490	0.02933350	0.00240145
700	0.03210100	0.02970830	0.00239269
701	0.03240220	0.03001860	0.00238364
702	0.03264510	0.03027170	0.00237336
703	0.03283780	0.03047550	0.00236229
704	0.03298830	0.03063810	0.00235019
705	0.03311040	0.03077350	0.00233694
706	0.03320930	0.03088650	0.00232282
707	0.03329200	0.03098380	0.00230820
708	0.03336020	0.03106650	0.00229368
709	0.03342420	0.03114460	0.00227953
710	0.03347900	0.03121340	0.00226562
711	0.03352960	0.03127770	0.00225187
712	0.03357170	0.03133330	0.00223844
713	0.03361100	0.03138570	0.00222529
714	0.03364570	0.03143330	0.00221237
715	0.03367860	0.03147880	0.00219981
716	0.03370890	0.03152100	0.00218790
717	0.03374270	0.03156580	0.00217697
718	0.03377900	0.03161190	0.00216708
719	0.03382220	0.03166400	0.00215813
720	0.03387400	0.03172440	0.00214957
721	0.03393230	0.03179080	0.00214144
722	0.03399360	0.03185960	0.00213395
723	0.03405310	0.03192570	0.00212740
724	0.03411210	0.03198970	0.00212243
725	0.03416760	0.03204840	0.00211917
726	0.03421400	0.03209730	0.00211672
727	0.03424670	0.03213140	0.00211532
728	0.03425920	0.03214460	0.00211467
729	0.03424580	0.03213100	0.00211476
730	0.03419970	0.03208390	0.00211580
731	0.03411910	0.03200180	0.00211730
732	0.03400290	0.03188400	0.00211885
733	0.03385370	0.03173340	0.00212030
734	0.03367350	0.03155180	0.00212175
735	0.03346590	0.03134300	0.00212292
736	0.03323630	0.03111250	0.00212377
737	0.03299120	0.03086740	0.00212382
738	0.03273150	0.03060870	0.00212282
739	0.03246070	0.03034030	0.00212043
740	0.03218100	0.03006410	0.00211692
741	0.03189530	0.02978300	0.00211231
742	0.03160410	0.02949750	0.00210662
743	0.03131010	0.02921010	0.00209999
744	0.03101470	0.02892220	0.00209251
745	0.03071850	0.02863420	0.00208427
746	0.03042170	0.02834630	0.00207538
747	0.03012850	0.02806260	0.00206592
748	0.02984110	0.02778520	0.00205591
749	0.02956020	0.02751460	0.00204551
750	0.02928680	0.02725200	0.00203481
751	0.02901890	0.02699510	0.00202387
752	0.02875300	0.02674020	0.00201287
753	0.02848730	0.02648530	0.00200200
754	0.02821880	0.02622730	0.00199149
755	0.02794500	0.02596370	0.00198133
756	0.02766410	0.02569250	0.00197154
757	0.02737700	0.02541480	0.00196220
758	0.02708720	0.02513400	0.00195316
759	0.02679380	0.02484950	0.00194429
760	0.02649930	0.02456370	0.00193554
761	0.02620760	0.02428060	0.00192692
762	0.02592360	0.02400510	0.00191851
763	0.02564960	0.02373930	0.00191024
764	0.02539120	0.02348900	0.00190226
765	0.02514900	0.02325430	0.00189473
766	0.02492630	0.02303850	0.00188781
767	0.02472400	0.02284240	0.00188163
768	0.02454180	0.02266560	0.00187625
769	0.02437810	0.02250660	0.00187153
770	0.02422760	0.02236020	0.00186736
771	0.02409130	0.02222760	0.00186367
772	0.02396720	0.02210680	0.00186045
773	0.02385470	0.02199690	0.00185778
774	0.02375470	0.02189930	0.00185546
775	0.02366650	0.02181310	0.00185343
776	0.02359150	0.02173980	0.00185168
777	0.02353120	0.02168110	0.00185012
778	0.02348770	0.02163890	0.00184873
779	0.02346220	0.02161480	0.00184742
780	0.02345450	0.02160840	0.00184610
781	0.02346430	0.02161960	0.00184475
782	0.02349040	0.02164710	0.00184336
783	0.02353180	0.02168990	0.00184186
784	0.02358780	0.02174770	0.00184014
785	0.02365760	0.02181940	0.00183824
786	0.02374360	0.02190750	0.00183610
787	0.02384550	0.02201180	0.00183363
788	0.02396180	0.02213090	0.00183089
789	0.02409150	0.02226370	0.00182782
790	0.02423480	0.02241040	0.00182443
791	0.02439080	0.02257000	0.00182073
792	0.02456000	0.02274310	0.00181682
793	0.02474210	0.02292930	0.00181282
794	0.02493690	0.02312820	0.00180870
795	0.02514220	0.02333780	0.00180434
796	0.02535580	0.02355610	0.00179967
797	0.02557480	0.02378010	0.00179477
798	0.02579950	0.02400970	0.00178984
799	0.02602850	0.02424340	0.00178510
800	0.02625650	0.02447550	0.00178100
801	0.02648330	0.02470590	0.00177741
802	0.02670570	0.02493140	0.00177424
803	0.02692540	0.02515410	0.00177132
804	0.02713830	0.02536990	0.00176848
805	0.02734370	0.02557780	0.00176594
806	0.02753650	0.02577280	0.00176371
807	0.02771910	0.02595740	0.00176167
808	0.02788460	0.02612480	0.00175978
809	0.02803590	0.02627780	0.00175813
810	0.02816930	0.02641240	0.00175690
811	0.02828570	0.02652970	0.00175603
812	0.02838620	0.02663090	0.00175533
813	0.02847550	0.02672080	0.00175472
814	0.02855450	0.02680040	0.00175411
815	0.02862690	0.02687370	0.00175316
816	0.02869210	0.02694020	0.00175189
817	0.02875460	0.02700460	0.00175009
818	0.02881110	0.02706340	0.00174765
819	0.02886230	0.02711770	0.00174461
820	0.02890600	0.02716490	0.00174109
821	0.02894620	0.02720910	0.00173704
822	0.02898020	0.02724780	0.00173238
823	0.02901570	0.02728870	0.00172703
824	0.02904900	0.02732790	0.00172111
825	0.02907750	0.02736290	0.00171459
826	0.02910250	0.02739500	0.00170751
827	0.02912350	0.02742380	0.00169965
828	0.02914370	0.02745280	0.00169090
829	0.02915910	0.02747770	0.00168143
830	0.02916400	0.02749240	0.00167152
831	0.02915390	0.02749230	0.00166160
832	0.02912110	0.02746910	0.00165192
833	0.02905640	0.02741380	0.00164266
834	0.02896140	0.02732720	0.00163416
835	0.02882920	0.02720270	0.00162649
836	0.02865500	0.02703520	0.00161978
837	0.02843840	0.02682420	0.00161420
838	0.02819020	0.02658030	0.00160987
839	0.02791590	0.02630900	0.00160687
840	0.02762440	0.02601910	0.00160524
841	0.02731860	0.02571360	0.00160492
842	0.02700470	0.02539880	0.00160597
843	0.02668290	0.02507430	0.00160863
844	0.02635740	0.02474450	0.00161293
845	0.02602650	0.02440760	0.00161887
846	0.02569430	0.02406780	0.00162642
847	0.02535810	0.02372250	0.00163570
848	0.02502370	0.02337690	0.00164671
849	0.02469420	0.02303470	0.00165951
850	0.02437730	0.02270330	0.00167401
851	0.02408230	0.02239230	0.00168996
852	0.02381440	0.02210690	0.00170758
853	0.02357800	0.02185090	0.00172701
854	0.02338030	0.02163210	0.00174819
855	0.02322760	0.02145690	0.00177074
856	0.02312330	0.02132900	0.00179434
857	0.02306570	0.02124690	0.00181880
858	0.02305580	0.02121170	0.00184412
859	0.02309560	0.02122570	0.00186991
860	0.02317970	0.02128360	0.00189603
861	0.02329910	0.02137650	0.00192262
862	0.02344540	0.02149610	0.00194935
863	0.02361140	0.02163520	0.00197617
864	0.02379770	0.02179500	0.00200267
865	0.02399890	0.02197040	0.00202854
866	0.02421810	0.02216460	0.00205342
867	0.02445100	0.02237400	0.00207701
868	0.02469970	0.02260030	0.00209936
869	0.02496220	0.02284150	0.00212063
870	0.02525020	0.02310950	0.00214075
871	0.02556510	0.02340570	0.00215941
872	0.02591020	0.02373340	0.00217685
873	0.02628170	0.02408860	0.00219315
874	0.02667850	0.02447020	0.00220829
875	0.02709420	0.02487110	0.00222310
876	0.02751980	0.02528220	0.00223753
877	0.02794390	0.02569280	0.00225115
878	0.02835610	0.02609230	0.00226384
879	0.02874930	0.02647400	0.00227533
880	0.02911510	0.02683000	0.00228511
881	0.02945490	0.02716190	0.00229301
882	0.02977420	0.02747480	0.00229944
883	0.03007960	0.02777540	0.00230420
884	0.03037640	0.02806900	0.00230737
885	0.03066610	0.02835690	0.00230917
886	0.03095360	0.02864310	0.00231053
887	0.03123660	0.02892470	0.00231187
888	0.03151110	0.02919790	0.00231321
889	0.03177370	0.02945880	0.00231493
890	0.03202830	0.02971130	0.00231698
891	0.03227380	0.02995440	0.00231936
892	0.03251050	0.03018800	0.00232247
893	0.03273250	0.03040690	0.00232561
894	0.03294680	0.03061800	0.00232883
895	0.03316220	0.03083190	0.00233026
896	0.03337810	0.03104820	0.00232990
897	0.03359780	0.03126920	0.00232859
898	0.03381400	0.03148820	0.00232578
899	0.03402520	0.03170390	0.00232123
900	0.03422550	0.03191020	0.00231530
901	0.03441640	0.03210830	0.00230812
902	0.03459770	0.03229790	0.00229987
903	0.03476840	0.03247790	0.00229060
904	0.03492050	0.03264010	0.00228040
905	0.03505340	0.03278380	0.00226953
906	0.03515760	0.03289960	0.00225796
907	0.03523020	0.03298440	0.00224576
908	0.03526320	0.03303000	0.00223327
909	0.03524960	0.03302910	0.00222050
910	0.03518170	0.03297440	0.00220732
911	0.03506700	0.03287330	0.00219375
912	0.03490710	0.03272720	0.00217988
913	0.03471330	0.03254740	0.00216595
914	0.03449720	0.03234480	0.00215242
915	0.03427580	0.03213640	0.00213939
916	0.03405700	0.03193060	0.00212642
917	0.03384870	0.03173540	0.00211326
918	0.03364900	0.03154920	0.00209987
919	0.03345700	0.03137050	0.00208652
920	0.03326470	0.03119120	0.00207353
921	0.03306740	0.03100660	0.00206079
922	0.03286320	0.03081510	0.00204813
923	0.03265270	0.03061700	0.00203574
924	0.03243440	0.03041050	0.00202387
925	0.03220970	0.03019680	0.00201284
926	0.03197900	0.02997510	0.00200390
927	0.03174860	0.02975250	0.00199616
928	0.03151640	0.02952750	0.00198888
929	0.03129620	0.02931450	0.00198169
930	0.03109480	0.02911990	0.00197492
931	0.03091800	0.02894850	0.00196948
932	0.03076360	0.02879840	0.00196519
933	0.03063810	0.02867640	0.00196171
934	0.03053580	0.02857710	0.00195866
935	0.03046070	0.02850490	0.00195578
936	0.03041480	0.02846180	0.00195301
937	0.03039510	0.02844460	0.00195051
938	0.03039750	0.02844890	0.00194857
939	0.03041680	0.02846970	0.00194706
940	0.03044560	0.02849960	0.00194597
941	0.03047840	0.02853310	0.00194530
942	0.03051170	0.02856630	0.00194540
943	0.03054390	0.02859800	0.00194589
944	0.03056860	0.02862200	0.00194666
945	0.03058780	0.02863990	0.00194790
946	0.03059860	0.02864860	0.00194998
947	0.03059950	0.02864650	0.00195301
948	0.03058560	0.02862860	0.00195700
949	0.03055500	0.02859320	0.00196181
950	0.03050260	0.02853550	0.00196713
951	0.03042610	0.02845350	0.00197257
952	0.03032590	0.02834830	0.00197759
953	0.03019920	0.02821720	0.00198201
954	0.03005250	0.02806660	0.00198589
955	0.02988660	0.02789750	0.00198909
956	0.02970430	0.02771280	0.00199147
957	0.02950170	0.02750870	0.00199297
958	0.02927420	0.02728050	0.00199371
959	0.02902610	0.02703210	0.00199395
960	0.02876350	0.02676980	0.00199374
961	0.02848850	0.02649530	0.00199320
962	0.02820200	0.02620940	0.00199261
963	0.02790860	0.02591630	0.00199231
964	0.02760930	0.02561670	0.00199254
965	0.02730710	0.02531360	0.00199345
966	0.02700580	0.02501090	0.00199495
967	0.02671010	0.02471280	0.00199726
968	0.02642090	0.02442050	0.00200033
969	0.02613460	0.02413040	0.00200422
970	0.02585890	0.02384990	0.00200899
971	0.02559690	0.02358250	0.00201442
972	0.02534920	0.02332890	0.00202034
973	0.02512390	0.02309710	0.00202680
974	0.02491660	0.02288290	0.00203364
975	0.02473190	0.02269120	0.00204067
976	0.02456880	0.02252100	0.00204779
977	0.02443480	0.02238010	0.00205466
978	0.02432720	0.02226600	0.00206113
979	0.02424410	0.02217670	0.00206739
980	0.02418860	0.02211510	0.00207346
981	0.02415500	0.02207560	0.00207937
982	0.02413270	0.02204740	0.00208532
983	0.02410460	0.02201320	0.00209141
984	0.02405750	0.02196010	0.00209738
985	0.02398010	0.02187650	0.00210362
986	0.02387430	0.02176420	0.00211005
987	0.02374620	0.02163000	0.00211621
988	0.02361090	0.02148850	0.00212235
989	0.02348190	0.02135340	0.00212847
990	0.02336970	0.02123530	0.00213434
991	0.02327930	0.02113920	0.00214010
992	0.02321300	0.02106800	0.00214501
993	0.02317220	0.02102340	0.00214883
994	0.02316270	0.02101110	0.00215156
995	0.02317980	0.02102630	0.00215355
996	0.02322050	0.02106560	0.00215490
997	0.02327850	0.02112320	0.00215535
998	0.02334210	0.02118740	0.00215469
999	0.02340690	0.02125370	0.00215321
1000	0.02347270	0.02132160	0.00215107
1001	0.02354060	0.02139240	0.00214819
1002	0.02360920	0.02146470	0.00214453
1003	0.02368250	0.02154240	0.00214004
1004	0.02375720	0.02162220	0.00213495
1005	0.02383200	0.02170250	0.00212956
1006	0.02390160	0.02177740	0.00212417
1007	0.02396570	0.02184710	0.00211859
1008	0.02402890	0.02191580	0.00211310
1009	0.02409380	0.02198650	0.00210734
1010	0.02416140	0.02206010	0.00210126
1011	0.02423690	0.02214150	0.00209546
1012	0.02432590	0.02223600	0.00208987
1013	0.02442160	0.02233720	0.00208433
1014	0.02451300	0.02243420	0.00207880
1015	0.02460100	0.02252760	0.00207341
1016	0.02468310	0.02261480	0.00206834
1017	0.02476090	0.02269730	0.00206354
1018	0.02483330	0.02277430	0.00205904
1019	0.02490260	0.02284740	0.00205515
1020	0.02497270	0.02292060	0.00205205
1021	0.02504740	0.02299780	0.00204960
1022	0.02512880	0.02308130	0.00204756
1023	0.02521730	0.02317150	0.00204572
1024	0.02531520	0.02327150	0.00204367
1025	0.02542340	0.02338210	0.00204136
1026	0.02553560	0.02349670	0.00203890
1027	0.02564760	0.02361130	0.00203633
1028	0.02575390	0.02372010	0.00203388
1029	0.02585520	0.02382370	0.00203151
1030	0.02594770	0.02391860	0.00202908
1031	0.02603430	0.02400780	0.00202651
1032	0.02611830	0.02409450	0.00202381
1033	0.02620300	0.02418200	0.00202098
1034	0.02628860	0.02427040	0.00201818
1035	0.02637250	0.02435680	0.00201568
1036	0.02645150	0.02443800	0.00201357
1037	0.02652510	0.02451320	0.00201193
1038	0.02659800	0.02458740	0.00201057
1039	0.02667190	0.02466280	0.00200916
1040	0.02674210	0.02473460	0.00200758
1041	0.02680950	0.02480340	0.00200611
1042	0.02687230	0.02486780	0.00200453
1043	0.02692650	0.02492380	0.00200273
1044	0.02697450	0.02497320	0.00200124
1045	0.02701830	0.02501830	0.00199992
1046	0.02706290	0.02506440	0.00199845
1047	0.02710820	0.02511160	0.00199662
1048	0.02715100	0.02515660	0.00199438
1049	0.02718630	0.02519430	0.00199201
1050	0.02721760	0.02522810	0.00198956
1051	0.02724630	0.02525930	0.00198697
1052	0.02727510	0.02529090	0.00198421
1053	0.02730130	0.02532020	0.00198114
1054	0.02732800	0.02535000	0.00197795
1055	0.02735800	0.02538310	0.00197488
1056	0.02739330	0.02542120	0.00197211
1057	0.02743370	0.02546410	0.00196965
1058	0.02747990	0.02551250	0.00196739
1059	0.02753330	0.02556780	0.00196544
1060	0.02759640	0.02563240	0.00196397
1061	0.02766840	0.02570530	0.00196305
1062	0.02775070	0.02578820	0.00196251
1063	0.02784320	0.02588110	0.00196212
1064	0.02794940	0.02598750	0.00196191
1065	0.02806920	0.02610750	0.00196169
1066	0.02820180	0.02624040	0.00196136
1067	0.02834370	0.02638270	0.00196103
1068	0.02849390	0.02653310	0.00196080
1069	0.02865190	0.02669120	0.00196076
1070	0.02881520	0.02685410	0.00196107
1071	0.02898290	0.02702090	0.00196205
1072	0.02915250	0.02718920	0.00196330
1073	0.02932180	0.02735730	0.00196451
1074	0.02949050	0.02752480	0.00196568
1075	0.02965940	0.02769260	0.00196686
1076	0.02982530	0.02785730	0.00196798
1077	0.02998860	0.02801960	0.00196899
1078	0.03014750	0.02817760	0.00196988
1079	0.03030470	0.02833410	0.00197060
1080	0.03045980	0.02848860	0.00197114
1081	0.03061120	0.02863980	0.00197138
1082	0.03075870	0.02878770	0.00197102
1083	0.03090460	0.02893450	0.00197010
1084	0.03104910	0.02908030	0.00196879
1085	0.03119570	0.02922860	0.00196712
1086	0.03134690	0.02938160	0.00196536
1087	0.03150230	0.02953890	0.00196337
1088	0.03165730	0.02969610	0.00196119
1089	0.03180900	0.02984990	0.00195919
1090	0.03194790	0.02999070	0.00195717
1091	0.03207340	0.03011850	0.00195496
1092	0.03218100	0.03022850	0.00195243
1093	0.03227210	0.03032240	0.00194969
1094	0.03234140	0.03039420	0.00194716
1095	0.03239220	0.03044740	0.00194475
1096	0.03242360	0.03048130	0.00194230
1097	0.03243750	0.03049770	0.00193980
1098	0.03243210	0.03049490	0.00193721
1099	0.03240790	0.03047360	0.00193433
1100	0.03236470	0.03043430	0.00193044
1101	0.03230130	0.03037610	0.00192518
1102	0.03221890	0.03030030	0.00191867
1103	0.03212020	0.03020930	0.00191087
1104	0.03200700	0.03010560	0.00190139
1105	0.03188330	0.02999330	0.00189003
1106	0.03175280	0.02987590	0.00187692
1107	0.03162420	0.02976190	0.00186229
1108	0.03150360	0.02965720	0.00184641
1109	0.03140130	0.02957160	0.00182970
1110	0.03132300	0.02951020	0.00181278
1111	0.03127200	0.02947560	0.00179648
1112	0.03124700	0.02946580	0.00178125
1113	0.03124860	0.02948130	0.00176722
1114	0.03127420	0.02951990	0.00175429
1115	0.03132000	0.02957730	0.00174276
1116	0.03137750	0.02964470	0.00173275
1117	0.03143760	0.02971320	0.00172438
1118	0.03149230	0.02977500	0.00171728
1119	0.03154120	0.02982980	0.00171139
1120	0.03157920	0.02987250	0.00170671
1121	0.03160340	0.02990030	0.00170312
1122	0.03160900	0.02990840	0.00170061
1123	0.03159440	0.02989530	0.00169911
1124	0.03155600	0.02985720	0.00169880
1125	0.03149360	0.02979360	0.00169996
1126	0.03140740	0.02970450	0.00170286
1127	0.03129970	0.02959180	0.00170791
1128	0.03116940	0.02945440	0.00171507
1129	0.03101470	0.02929040	0.00172430
1130	0.03083670	0.02910070	0.00173600
1131	0.03063460	0.02888480	0.00174986
1132	0.03041570	0.02865040	0.00176524
1133	0.03018130	0.02839920	0.00178207
1134	0.02993140	0.02813090	0.00180042
1135	0.02966610	0.02784590	0.00182017
1136	0.02938500	0.02754390	0.00184113
1137	0.02909050	0.02722750	0.00186299
1138	0.02878120	0.02689540	0.00188574
1139	0.02845810	0.02654910	0.00190901
1140	0.02813080	0.02619830	0.00193255
1141	0.02781190	0.02585620	0.00195566
1142	0.02752160	0.02554400	0.00197763
1143	0.02728200	0.02528380	0.00199818
1144	0.02711410	0.02509660	0.00201756
1145	0.02702670	0.02499060	0.00203606
1146	0.02702260	0.02496880	0.00205379
1147	0.02708890	0.02501750	0.00207140
1148	0.02721620	0.02512750	0.00208869
1149	0.02737240	0.02526720	0.00210510
1150	0.02752950	0.02540920	0.00212038
1151	0.02766230	0.02552800	0.00213431
1152	0.02776130	0.02561460	0.00214672
1153	0.02782020	0.02566220	0.00215802
1154	0.02784010	0.02567170	0.00216840
1155	0.02782440	0.02564690	0.00217756
1156	0.02777980	0.02559470	0.00218509
1157	0.02772210	0.02553160	0.00219049
1158	0.02766070	0.02546700	0.00219374
1159	0.02760180	0.02540660	0.00219525
1160	0.02754480	0.02534950	0.00219535
1161	0.02750010	0.02530560	0.00219451
1162	0.02747270	0.02527990	0.00219283
1163	0.02746970	0.02527920	0.00219054
1164	0.02749510	0.02530760	0.00218750
1165	0.02755560	0.02537220	0.00218340
1166	0.02764860	0.02547060	0.00217796
1167	0.02777950	0.02560800	0.00217145
1168	0.02794840	0.02578360	0.00216478
1169	0.02815220	0.02599390	0.00215830
1170	0.02837870	0.02622720	0.00215147
1171	0.02862100	0.02647640	0.00214466
1172	0.02887360	0.02673580	0.00213778
1173	0.02913290	0.02700190	0.00213102
1174	0.02939560	0.02727120	0.00212443
1175	0.02965270	0.02753480	0.00211788
1176	0.02989740	0.02778590	0.00211149
1177	0.03012030	0.02801510	0.00210529
1178	0.03031310	0.02821350	0.00209963
1179	0.03047530	0.02837990	0.00209542
1180	0.03060680	0.02851410	0.00209264
1181	0.03071420	0.02862280	0.00209139
1182	0.03080660	0.02871470	0.00209189
1183	0.03088590	0.02879170	0.00209426
1184	0.03094760	0.02884920	0.00209834
1185	0.03099050	0.02888640	0.00210411
1186	0.03101370	0.02890180	0.00211187
1187	0.03101570	0.02889540	0.00212034
1188	0.03099760	0.02886830	0.00212938
1189	0.03095250	0.02881390	0.00213857
1190	0.03087670	0.02872950	0.00214715
1191	0.03076600	0.02861140	0.00215456
1192	0.03061990	0.02845970	0.00216020
1193	0.03043820	0.02827420	0.00216390
1194	0.03022400	0.02805820	0.00216582
1195	0.02997930	0.02781280	0.00216644
1196	0.02970640	0.02754010	0.00216629
1197	0.02940840	0.02724260	0.00216576
1198	0.02909430	0.02692930	0.00216502
1199	0.02875680	0.02659280	0.00216401
1200	0.02840080	0.02623790	0.00216289
1201	0.02802550	0.02586420	0.00216133
1202	0.02763170	0.02547260	0.00215908
1203	0.02722540	0.02506930	0.00215608
1204	0.02681670	0.02466450	0.00215226
1205	0.02641520	0.02426750	0.00214766
1206	0.02602170	0.02387930	0.00214241
1207	0.02564990	0.02351360	0.00213635
1208	0.02530480	0.02317560	0.00212915
1209	0.02499510	0.02287410	0.00212100
1210	0.02472590	0.02261370	0.00211220
1211	0.02449640	0.02239340	0.00210303
1212	0.02430550	0.02221220	0.00209334
1213	0.02415170	0.02206850	0.00208311
1214	0.02403480	0.02196270	0.00207205
1215	0.02395330	0.02189330	0.00206000
1216	0.02390590	0.02185900	0.00204691
1217	0.02389170	0.02185870	0.00203301
1218	0.02391010	0.02189190	0.00201821
1219	0.02396010	0.02195790	0.00200223
1220	0.02403710	0.02205220	0.00198485
1221	0.02413490	0.02216870	0.00196626
1222	0.02425260	0.02230450	0.00194804
1223	0.02439390	0.02246430	0.00192960
1224	0.02455500	0.02264430	0.00191073
1225	0.02472790	0.02283620	0.00189169
1226	0.02490720	0.02303450	0.00187267
1227	0.02509210	0.02323820	0.00185391
1228	0.02528140	0.02344640	0.00183497
1229	0.02547850	0.02366280	0.00181568
1230	0.02568210	0.02388640	0.00179575
1231	0.02589000	0.02411440	0.00177556
1232	0.02608680	0.02433160	0.00175517
1233	0.02626490	0.02453020	0.00173465
1234	0.02641010	0.02469600	0.00171415
1235	0.02652180	0.02482790	0.00169390
1236	0.02659940	0.02492500	0.00167438
1237	0.02664200	0.02498620	0.00165577
1238	0.02664800	0.02500960	0.00163839
1239	0.02661920	0.02499690	0.00162226
1240	0.02655830	0.02495100	0.00160735
1241	0.02647420	0.02488020	0.00159399
1242	0.02637430	0.02479220	0.00158204
1243	0.02627010	0.02469850	0.00157159
1244	0.02615730	0.02459460	0.00156273
1245	0.02604330	0.02448780	0.00155558
1246	0.02591420	0.02436420	0.00154998
1247	0.02577200	0.02422630	0.00154572
1248	0.02561240	0.02406970	0.00154267
1249	0.02543280	0.02389230	0.00154049
1250	0.02521690	0.02367820	0.00153868
1251	0.02497170	0.02343450	0.00153721
1252	0.02469320	0.02315760	0.00153553
1253	0.02438600	0.02285270	0.00153327
1254	0.02404580	0.02251540	0.00153045
1255	0.02367980	0.02215230	0.00152752
1256	0.02329090	0.02176660	0.00152426
1257	0.02287460	0.02135420	0.00152033
1258	0.02242610	0.02091060	0.00151551
1259	0.02194160	0.02043160	0.00151003
1260	0.02142870	0.01992450	0.00150423
1261	0.02089560	0.01939710	0.00149843
1262	0.02033390	0.01884080	0.00149304
1263	0.01977070	0.01828250	0.00148827
1264	0.01922400	0.01773940	0.00148458
1265	0.01871140	0.01722930	0.00148208
1266	0.01823500	0.01675440	0.00148063
1267	0.01780560	0.01632500	0.00148060
1268	0.01743530	0.01595360	0.00148169
1269	0.01712820	0.01564410	0.00148412
1270	0.01689080	0.01540220	0.00148854
1271	0.01672590	0.01523080	0.00149505
1272	0.01662860	0.01512550	0.00150317
1273	0.01659990	0.01508730	0.00151262
1274	0.01664130	0.01511820	0.00152310
1275	0.01675240	0.01521710	0.00153529
1276	0.01692930	0.01538070	0.00154864
1277	0.01715970	0.01559680	0.00156291
1278	0.01743750	0.01585950	0.00157796
1279	0.01774890	0.01615530	0.00159367
1280	0.01809450	0.01648450	0.00160992
1281	0.01847270	0.01684560	0.00162710
1282	0.01889100	0.01724520	0.00164582
1283	0.01934910	0.01768270	0.00166642
1284	0.01985040	0.01816140	0.00168894
1285	0.02039130	0.01867780	0.00171353
1286	0.02096840	0.01922860	0.00173980
1287	0.02156580	0.01979800	0.00176778
1288	0.02217780	0.02038020	0.00179763
1289	0.02280940	0.02098010	0.00182938
1290	0.02346310	0.02159990	0.00186315
1291	0.02414190	0.02224280	0.00189906
1292	0.02486020	0.02292290	0.00193735
1293	0.02562410	0.02364580	0.00197828
1294	0.02643770	0.02441590	0.00202182
1295	0.02730180	0.02523390	0.00206797
1296	0.02822580	0.02610900	0.00211672
1297	0.02920590	0.02703760	0.00216834
1298	0.03023590	0.02801300	0.00222290
1299	0.03130570	0.02902520	0.00228048
1300	0.03240130	0.03006080	0.00234048
1301	0.03349400	0.03109190	0.00240213
1302	0.03455900	0.03209460	0.00246439
1303	0.03556630	0.03303950	0.00252681
1304	0.03650380	0.03391530	0.00258856
1305	0.03735740	0.03470870	0.00264875
1306	0.03811610	0.03541000	0.00270616
1307	0.03877120	0.03601090	0.00276022
1308	0.03932480	0.03651420	0.00281064
1309	0.03977130	0.03691510	0.00285612
1310	0.04012650	0.03723040	0.00289610
1311	0.04040770	0.03747800	0.00292969
1312	0.04062510	0.03766920	0.00295593
1313	0.04079820	0.03782470	0.00297359
1314	0.04095450	0.03797220	0.00298230
1315	0.04110160	0.03811920	0.00298238
1316	0.04124930	0.03827490	0.00297440
1317	0.04139650	0.03843750	0.00295906
1318	0.04152840	0.03859140	0.00293697
1319	0.04162330	0.03871460	0.00290864
1320	0.04165690	0.03878230	0.00287458
1321	0.04160360	0.03876860	0.00283495
1322	0.04146200	0.03867210	0.00278991
1323	0.04122950	0.03848910	0.00274044
1324	0.04091520	0.03822790	0.00268730
1325	0.04053550	0.03790420	0.00263130
1326	0.04010890	0.03753620	0.00257270
1327	0.03965710	0.03714480	0.00251221
1328	0.03919380	0.03674370	0.00245005
1329	0.03872730	0.03634020	0.00238705
1330	0.03826150	0.03593710	0.00232438
1331	0.03780890	0.03554560	0.00226323
1332	0.03737750	0.03517210	0.00220537
1333	0.03697110	0.03482120	0.00214987
1334	0.03659180	0.03449420	0.00209756
1335	0.03624450	0.03419530	0.00204926
1336	0.03593010	0.03392540	0.00200464
1337	0.03565130	0.03368760	0.00196374
1338	0.03540640	0.03347950	0.00192699
1339	0.03519050	0.03329540	0.00189507
1340	0.03499360	0.03312580	0.00186775
1341	0.03481800	0.03297280	0.00184518
1342	0.03463980	0.03281230	0.00182743
1343	0.03445720	0.03264340	0.00181375
1344	0.03425670	0.03245260	0.00180406
1345	0.03403420	0.03223610	0.00179806
1346	0.03378750	0.03199240	0.00179508
1347	0.03353450	0.03173930	0.00179514
1348	0.03328490	0.03148670	0.00179824
1349	0.03304620	0.03124220	0.00180402
1350	0.03283060	0.03101770	0.00181295
1351	0.03262650	0.03080110	0.00182534
1352	0.03243000	0.03058920	0.00184085
1353	0.03223540	0.03037660	0.00185882
1354	0.03204160	0.03016350	0.00187815
1355	0.03183120	0.02993300	0.00189827
1356	0.03160860	0.02968920	0.00191946
1357	0.03138940	0.02944640	0.00194295
1358	0.03118890	0.02921990	0.00196904
1359	0.03102380	0.02902720	0.00199660
1360	0.03090670	0.02888160	0.00202505
1361	0.03084320	0.02878870	0.00205447
1362	0.03084140	0.02875660	0.00208489
1363	0.03090250	0.02878590	0.00211659
1364	0.03101400	0.02886540	0.00214858
1365	0.03116290	0.02898250	0.00218040
1366	0.03133180	0.02912040	0.00221135
1367	0.03151120	0.02927010	0.00224103
1368	0.03168810	0.02941890	0.00226913
1369	0.03185770	0.02956220	0.00229546
1370	0.03201780	0.02969810	0.00231977
1371	0.03217260	0.02983060	0.00234201
1372	0.03232780	0.02996580	0.00236195
1373	0.03248920	0.03011010	0.00237912
1374	0.03266080	0.03026760	0.00239320
1375	0.03284030	0.03043600	0.00240425
1376	0.03302850	0.03061590	0.00241260
1377	0.03322040	0.03080220	0.00241822
1378	0.03340580	0.03098480	0.00242099
1379	0.03357390	0.03115280	0.00242105
1380	0.03371520	0.03129660	0.00241859
1381	0.03382110	0.03140740	0.00241369
1382	0.03388730	0.03148090	0.00240641
1383	0.03391690	0.03152030	0.00239663
1384	0.03392220	0.03153770	0.00238447
1385	0.03391750	0.03154700	0.00237051
1386	0.03390610	0.03155140	0.00235473
1387	0.03389080	0.03155370	0.00233703
1388	0.03387620	0.03155880	0.00231748
1389	0.03387270	0.03157670	0.00229597
1390	0.03388040	0.03160760	0.00227281
1391	0.03389970	0.03165080	0.00224881
1392	0.03393190	0.03170790	0.00222394
1393	0.03398020	0.03178210	0.00219813
1394	0.03404270	0.03187130	0.00217141
1395	0.03411970	0.03197570	0.00214397
1396	0.03420580	0.03208970	0.00211609
1397	0.03429190	0.03220420	0.00208770
1398	0.03437800	0.03231910	0.00205890
1399	0.03445440	0.03242430	0.00203016
1400	0.03451960	0.03251730	0.00200236
1401	0.03456640	0.03259100	0.00197540
1402	0.03458600	0.03263660	0.00194948
1403	0.03456720	0.03264250	0.00192472
1404	0.03450380	0.03260260	0.00190121
1405	0.03437960	0.03250030	0.00187932
1406	0.03419500	0.03233570	0.00185931
1407	0.03394330	0.03210220	0.00184106
1408	0.03361830	0.03179360	0.00182463
1409	0.03321370	0.03140340	0.00181035
1410	0.03272610	0.03092770	0.00179840
1411	0.03216540	0.03037680	0.00178868
1412	0.03153220	0.02975140	0.00178075
1413	0.03083270	0.02905810	0.00177465
1414	0.03008180	0.02831150	0.00177030
1415	0.02928010	0.02751270	0.00176739
1416	0.02844260	0.02667640	0.00176622
1417	0.02757680	0.02581010	0.00176675
1418	0.02670580	0.02493690	0.00176887
1419	0.02585730	0.02408480	0.00177251
1420	0.02504470	0.02326720	0.00177748
1421	0.02429440	0.02251060	0.00178383
1422	0.02362220	0.02183060	0.00179157
1423	0.02303670	0.02123680	0.00179992
1424	0.02254780	0.02073930	0.00180852
1425	0.02216060	0.02034340	0.00181717
1426	0.02188030	0.02005440	0.00182588
1427	0.02170100	0.01986640	0.00183457
1428	0.02159610	0.01975260	0.00184354
1429	0.02153770	0.01968480	0.00185290
1430	0.02149700	0.01963450	0.00186253
1431	0.02145350	0.01958140	0.00187212
1432	0.02140830	0.01952690	0.00188138
1433	0.02137060	0.01948070	0.00188988
1434	0.02134850	0.01945100	0.00189755
1435	0.02136040	0.01945580	0.00190459
1436	0.02142670	0.01951570	0.00191099
1437	0.02156630	0.01964950	0.00191684
1438	0.02178760	0.01986530	0.00192229
1439	0.02209400	0.02016650	0.00192754
1440	0.02247310	0.02054060	0.00193256
1441	0.02290790	0.02097020	0.00193771
1442	0.02337990	0.02143690	0.00194300
1443	0.02387970	0.02193170	0.00194808
1444	0.02438990	0.02243670	0.00195323
1445	0.02489920	0.02294050	0.00195867
1446	0.02540180	0.02343780	0.00196400
1447	0.02588890	0.02391940	0.00196948
1448	0.02635010	0.02437480	0.00197525
1449	0.02677620	0.02479470	0.00198144
1450	0.02716910	0.02518070	0.00198843
1451	0.02752760	0.02553160	0.00199605
1452	0.02785040	0.02584640	0.00200403
1453	0.02813360	0.02612160	0.00201193
1454	0.02838070	0.02636160	0.00201906
1455	0.02858820	0.02656230	0.00202588
1456	0.02875420	0.02672230	0.00203185
1457	0.02887480	0.02683800	0.00203677
1458	0.02895200	0.02691160	0.00204039
1459	0.02898810	0.02694430	0.00204372
1460	0.02898510	0.02693830	0.00204681
1461	0.02894900	0.02689960	0.00204935
1462	0.02888960	0.02683760	0.00205202
1463	0.02881880	0.02676370	0.00205507
1464	0.02873650	0.02667820	0.00205830
1465	0.02864160	0.02658080	0.00206076
1466	0.02853530	0.02647320	0.00206208
1467	0.02842540	0.02636240	0.00206299
1468	0.02832120	0.02625710	0.00206409
1469	0.02822340	0.02615720	0.00206617
1470	0.02814050	0.02607080	0.00206967
1471	0.02807990	0.02600480	0.00207506
1472	0.02804850	0.02596730	0.00208115
1473	0.02805420	0.02596700	0.00208722
1474	0.02808730	0.02599420	0.00209307
1475	0.02814920	0.02605050	0.00209865
1476	0.02823650	0.02613180	0.00210472
1477	0.02832960	0.02621820	0.00211145
1478	0.02842180	0.02630250	0.00211936
1479	0.02849960	0.02637090	0.00212872
1480	0.02855210	0.02641310	0.00213899
1481	0.02857910	0.02642920	0.00214997
1482	0.02858970	0.02642800	0.00216175
1483	0.02859000	0.02641580	0.00217415
1484	0.02859030	0.02640320	0.00218704
1485	0.02859950	0.02639890	0.00220055
1486	0.02863280	0.02641780	0.00221504
1487	0.02870540	0.02647490	0.00223053
1488	0.02882500	0.02657810	0.00224694
1489	0.02899500	0.02673100	0.00226402
1490	0.02921710	0.02693560	0.00228146
1491	0.02949440	0.02719540	0.00229901
1492	0.02982590	0.02750940	0.00231647
1493	0.03020470	0.02787110	0.00233357
1494	0.03062030	0.02827000	0.00235029
1495	0.03106120	0.02869420	0.00236700
1496	0.03152020	0.02913630	0.00238390
1497	0.03198530	0.02958440	0.00240093
1498	0.03244810	0.03003050	0.00241760
1499	0.03290500	0.03047090	0.00243416
1500	0.03335350	0.03090230	0.00245120
1501	0.03379060	0.03132190	0.00246875
1502	0.03420690	0.03172030	0.00248655
1503	0.03459350	0.03208900	0.00250446
1504	0.03493950	0.03241730	0.00252220
1505	0.03524230	0.03270260	0.00253966
1506	0.03550520	0.03294840	0.00255673
1507	0.03573240	0.03315940	0.00257293
1508	0.03592320	0.03333530	0.00258790
1509	0.03608080	0.03347930	0.00260153
1510	0.03620070	0.03358680	0.00261384
1511	0.03629420	0.03367030	0.00262392
1512	0.03636720	0.03373610	0.00263109
1513	0.03643740	0.03380070	0.00263670
1514	0.03650410	0.03386470	0.00263939
1515	0.03657170	0.03393150	0.00264021
1516	0.03663610	0.03399670	0.00263940
1517	0.03670370	0.03406760	0.00263609
1518	0.03677370	0.03414370	0.00262998
1519	0.03684860	0.03422730	0.00262127
1520	0.03693030	0.03431990	0.00261043
1521	0.03702390	0.03442570	0.00259815
1522	0.03712670	0.03454200	0.00258466
1523	0.03723310	0.03466350	0.00256951
1524	0.03733600	0.03478320	0.00255277
1525	0.03742400	0.03488980	0.00253421
1526	0.03748150	0.03496870	0.00251274
1527	0.03749690	0.03500790	0.00248898
1528	0.03745720	0.03499420	0.00246299
1529	0.03735030	0.03491570	0.00243458
1530	0.03716950	0.03476540	0.00240409
1531	0.03691420	0.03454230	0.00237190
1532	0.03659030	0.03425150	0.00233876
1533	0.03620880	0.03390330	0.00230553
1534	0.03578010	0.03350730	0.00227281
1535	0.03531780	0.03307660	0.00224113
1536	0.03482650	0.03261570	0.00221074
1537	0.03431100	0.03212930	0.00218174
1538	0.03378090	0.03162680	0.00215411
1539	0.03324280	0.03111500	0.00212783
1540	0.03270580	0.03060290	0.00210287
1541	0.03218030	0.03010110	0.00207926
1542	0.03167930	0.02962210	0.00205721
1543	0.03121140	0.02917470	0.00203676
1544	0.03077880	0.02876080	0.00201804
1545	0.03038210	0.02838060	0.00200149
1546	0.03002090	0.02803400	0.00198696
1547	0.02969280	0.02771840	0.00197432
1548	0.02939770	0.02743380	0.00196382
1549	0.02913530	0.02717950	0.00195581
1550	0.02890800	0.02695720	0.00195079
1551	0.02871800	0.02676940	0.00194856
1552	0.02856730	0.02661850	0.00194879
1553	0.02845600	0.02650480	0.00195120
1554	0.02838460	0.02642910	0.00195555
1555	0.02834930	0.02638750	0.00196175
1556	0.02834750	0.02637780	0.00196969
1557	0.02837460	0.02639560	0.00197907
1558	0.02842650	0.02643690	0.00198965
1559	0.02849950	0.02649810	0.00200138
1560	0.02859180	0.02657760	0.00201422
1561	0.02870060	0.02667250	0.00202811
1562	0.02882240	0.02677940	0.00204296
1563	0.02894530	0.02688610	0.00205915
1564	0.02905920	0.02698290	0.00207624
1565	0.02915690	0.02706280	0.00209402
1566	0.02923050	0.02711750	0.00211299
1567	0.02927310	0.02713960	0.00213357
1568	0.02927440	0.02711860	0.00215582
1569	0.02923140	0.02705190	0.00217946
1570	0.02914700	0.02694310	0.00220383
1571	0.02903320	0.02680530	0.00222792
1572	0.02890540	0.02665410	0.00225125
1573	0.02877420	0.02650090	0.00227326
1574	0.02864430	0.02635040	0.00229383
1575	0.02851610	0.02620300	0.00231302
1576	0.02839180	0.02606100	0.00233088
1577	0.02827440	0.02592780	0.00234658
1578	0.02816890	0.02580940	0.00235947
1579	0.02807230	0.02570240	0.00236989
1580	0.02798020	0.02560260	0.00237762
1581	0.02788590	0.02550320	0.00238266
1582	0.02777690	0.02539160	0.00238534
1583	0.02763950	0.02525410	0.00238540
1584	0.02746150	0.02507900	0.00238255
1585	0.02724280	0.02486600	0.00237676
1586	0.02698600	0.02461770	0.00236829
1587	0.02670310	0.02434610	0.00235706
1588	0.02641140	0.02406830	0.00234315
1589	0.02612270	0.02379560	0.00232719
1590	0.02584700	0.02353730	0.00230967
1591	0.02558050	0.02329000	0.00229050
1592	0.02531670	0.02304680	0.00226992
1593	0.02505260	0.02280490	0.00224770
1594	0.02477910	0.02255450	0.00222458
1595	0.02449420	0.02229360	0.00220053
1596	0.02420090	0.02202530	0.00217566
1597	0.02390630	0.02175660	0.00214962
1598	0.02361680	0.02149420	0.00212255
1599	0.02333910	0.02124430	0.00209482
1600	0.02308210	0.02101510	0.00206698
1601	0.02285570	0.02081720	0.00203845
1602	0.02267520	0.02066610	0.00200905
1603	0.02255010	0.02057120	0.00197896
1604	0.02248740	0.02053880	0.00194861
1605	0.02248000	0.02056110	0.00191886
1606	0.02252140	0.02063140	0.00189006
1607	0.02261280	0.02075130	0.00186155
1608	0.02275370	0.02092040	0.00183323
1609	0.02293440	0.02112910	0.00180530
1610	0.02315970	0.02138180	0.00177795
1611	0.02341860	0.02166660	0.00175202
1612	0.02370610	0.02197860	0.00172750
1613	0.02400680	0.02230240	0.00170437
1614	0.02431620	0.02263360	0.00168254
1615	0.02462520	0.02296280	0.00166237
1616	0.02492700	0.02328290	0.00164410
1617	0.02521030	0.02358250	0.00162779
1618	0.02547170	0.02385830	0.00161344
1619	0.02570340	0.02410220	0.00160119
1620	0.02590220	0.02431110	0.00159104
1621	0.02606120	0.02447840	0.00158282
1622	0.02618090	0.02460450	0.00157635
1623	0.02626390	0.02469210	0.00157186
1624	0.02631060	0.02474120	0.00156943
1625	0.02632150	0.02475280	0.00156868
1626	0.02629770	0.02472890	0.00156880
1627	0.02624270	0.02467310	0.00156964
1628	0.02615470	0.02458350	0.00157115
1629	0.02603780	0.02446430	0.00157348
1630	0.02588520	0.02430870	0.00157654
1631	0.02569870	0.02411830	0.00158036
1632	0.02547510	0.02389030	0.00158485
1633	0.02521480	0.02362520	0.00158957
1634	0.02492160	0.02332740	0.00159418
1635	0.02461580	0.02301750	0.00159831
1636	0.02430500	0.02270330	0.00160167
1637	0.02400360	0.02239930	0.00160433
1638	0.02371780	0.02211110	0.00160668
1639	0.02345540	0.02184660	0.00160882
1640	0.02322390	0.02161290	0.00161093
1641	0.02303220	0.02141930	0.00161287
1642	0.02287480	0.02126040	0.00161434
1643	0.02274200	0.02112680	0.00161512
1644	0.02262070	0.02100550	0.00161526
1645	0.02250320	0.02088850	0.00161464
1646	0.02238260	0.02076940	0.00161324
1647	0.02225670	0.02064570	0.00161098
1648	0.02212500	0.02051720	0.00160775
1649	0.02199150	0.02038820	0.00160330
1650	0.02184890	0.02025100	0.00159790
1651	0.02169840	0.02010680	0.00159160
1652	0.02153030	0.01994580	0.00158447
1653	0.02133910	0.01976200	0.00157710
1654	0.02112000	0.01955010	0.00156991
1655	0.02086820	0.01930510	0.00156315
1656	0.02058400	0.01902710	0.00155690
1657	0.02026260	0.01871150	0.00155115
1658	0.01991240	0.01836600	0.00154634
1659	0.01953680	0.01799420	0.00154261
1660	0.01916030	0.01762030	0.00154001
1661	0.01879030	0.01725200	0.00153823
1662	0.01845200	0.01691480	0.00153723
1663	0.01816200	0.01662450	0.00153742
1664	0.01793810	0.01639880	0.00153926
1665	0.01778400	0.01624110	0.00154292
1666	0.01770170	0.01615320	0.00154849
1667	0.01767590	0.01612020	0.00155567
1668	0.01769430	0.01613080	0.00156349
1669	0.01774850	0.01617680	0.00157168
1670	0.01783660	0.01625650	0.00158005
1671	0.01795110	0.01636250	0.00158859
1672	0.01807960	0.01648190	0.00159765
1673	0.01821710	0.01660950	0.00160769
1674	0.01836370	0.01674510	0.00161860
1675	0.01852360	0.01689330	0.00163036
1676	0.01870130	0.01705890	0.00164245
1677	0.01889750	0.01724310	0.00165446
1678	0.01912690	0.01746060	0.00166629
1679	0.01937920	0.01770130	0.00167784
1680	0.01963230	0.01794370	0.00168868
1681	0.01986390	0.01816430	0.00169952
1682	0.02008520	0.01837430	0.00171093
1683	0.02029660	0.01857320	0.00172339
1684	0.02051330	0.01877650	0.00173680
1685	0.02073540	0.01898380	0.00175164
1686	0.02097820	0.01921000	0.00176820
1687	0.02124120	0.01945420	0.00178703
1688	0.02152780	0.01971920	0.00180861
1689	0.02184280	0.02000960	0.00183318
1690	0.02219050	0.02032960	0.00186093
1691	0.02257340	0.02068120	0.00189221
1692	0.02300350	0.02107580	0.00192767
1693	0.02348060	0.02151310	0.00196746
1694	0.02400400	0.02199440	0.00200963
1695	0.02457060	0.02251690	0.00205366
1696	0.02516840	0.02306830	0.00210006
1697	0.02579000	0.02364140	0.00214861
1698	0.02642000	0.02422130	0.00219868
1699	0.02705650	0.02480660	0.00224990
1700	0.02770620	0.02540450	0.00230179
1701	0.02837080	0.02601650	0.00235427
1702	0.02905530	0.02664890	0.00240643
1703	0.02976360	0.02730570	0.00245791
1704	0.03049300	0.02798450	0.00250852
1705	0.03124940	0.02869200	0.00255734
1706	0.03202020	0.02941670	0.00260346
1707	0.03279530	0.03014920	0.00264610
1708	0.03354250	0.03085760	0.00268493
1709	0.03424220	0.03152300	0.00271914
1710	0.03487070	0.03212200	0.00274868
1711	0.03541510	0.03264130	0.00277380
1712	0.03586730	0.03307300	0.00279429
1713	0.03622190	0.03341160	0.00281026
1714	0.03648330	0.03366190	0.00282140
1715	0.03667410	0.03384590	0.00282819
1716	0.03680840	0.03397740	0.00283100
1717	0.03690620	0.03407660	0.00282963
1718	0.03697670	0.03415300	0.00282376
1719	0.03702860	0.03421540	0.00281319
1720	0.03706330	0.03426540	0.00279782
1721	0.03708250	0.03430480	0.00277776
1722	0.03707530	0.03432200	0.00275332
1723	0.03703190	0.03430720	0.00272465
1724	0.03695550	0.03426300	0.00269255
1725	0.03685250	0.03419450	0.00265792
1726	0.03672280	0.03410090	0.00262186
1727	0.03658130	0.03399630	0.00258499
1728	0.03642950	0.03388220	0.00254730
1729	0.03627800	0.03376860	0.00250944
1730	0.03613560	0.03366370	0.00247191
1731	0.03600480	0.03356970	0.00243516
1732	0.03588180	0.03348250	0.00239932
1733	0.03576200	0.03339770	0.00236431
1734	0.03564330	0.03331290	0.00233040
1735	0.03551200	0.03321400	0.00229801
1736	0.03536100	0.03309320	0.00226780
1737	0.03518210	0.03294260	0.00223955
1738	0.03496300	0.03275010	0.00221294
1739	0.03469240	0.03250400	0.00218840
1740	0.03437090	0.03220510	0.00216579
1741	0.03400090	0.03185570	0.00214523
1742	0.03357860	0.03145160	0.00212707
1743	0.03311340	0.03100220	0.00211124
1744	0.03262170	0.03052420	0.00209751
1745	0.03212640	0.03004060	0.00208579
1746	0.03164420	0.02956820	0.00207594
1747	0.03119090	0.02912290	0.00206799
1748	0.03077530	0.02871360	0.00206177
1749	0.03040820	0.02835100	0.00205718
1750	0.03009470	0.02804060	0.00205405
1751	0.02984120	0.02778860	0.00205257
1752	0.02964420	0.02759100	0.00205312
1753	0.02949530	0.02743950	0.00205578
1754	0.02938660	0.02732630	0.00206027
1755	0.02931420	0.02724800	0.00206629
1756	0.02928000	0.02720620	0.00207379
1757	0.02928400	0.02720120	0.00208278
1758	0.02932640	0.02723340	0.00209299
1759	0.02940740	0.02730310	0.00210437
1760	0.02952150	0.02740450	0.00211702
1761	0.02966120	0.02753040	0.00213075
1762	0.02981950	0.02767390	0.00214558
1763	0.02998550	0.02782400	0.00216145
1764	0.03014940	0.02797100	0.00217837
1765	0.03030820	0.02811190	0.00219628
1766	0.03045630	0.02824090	0.00221532
1767	0.03059080	0.02835540	0.00223546
1768	0.03070570	0.02844930	0.00225637
1769	0.03080320	0.02852520	0.00227794
1770	0.03088220	0.02858170	0.00230045
1771	0.03093920	0.02861540	0.00232382
1772	0.03097930	0.02863150	0.00234774
1773	0.03100030	0.02862830	0.00237206
1774	0.03099990	0.02860360	0.00239627
1775	0.03097420	0.02855400	0.00242011
1776	0.03092050	0.02847700	0.00244349
1777	0.03084320	0.02837690	0.00246626
1778	0.03074700	0.02825900	0.00248805
1779	0.03063090	0.02812240	0.00250848
1780	0.03048660	0.02795950	0.00252709
1781	0.03031790	0.02777410	0.00254375
1782	0.03012370	0.02756540	0.00255828
1783	0.02990650	0.02733610	0.00257039
1784	0.02966820	0.02708840	0.00257979
1785	0.02940960	0.02682320	0.00258644
1786	0.02913430	0.02654400	0.00259025
1787	0.02885050	0.02625930	0.00259112
1788	0.02856310	0.02597400	0.00258907
1789	0.02827730	0.02569290	0.00258438
1790	0.02799430	0.02541710	0.00257713
1791	0.02771440	0.02514690	0.00256753
1792	0.02743630	0.02488050	0.00255582
1793	0.02716190	0.02461980	0.00254207
1794	0.02689130	0.02436490	0.00252639
1795	0.02662810	0.02411920	0.00250888
1796	0.02637120	0.02388150	0.00248969
1797	0.02612420	0.02365510	0.00246906
1798	0.02588590	0.02343860	0.00244722
1799	0.02565270	0.02322820	0.00242444
1800	0.02541830	0.02301740	0.00240087
1801	0.02517540	0.02279880	0.00237658
1802	0.02491840	0.02256700	0.00235148
1803	0.02464570	0.02232000	0.00232566
1804	0.02435530	0.02205590	0.00229946
1805	0.02405140	0.02177880	0.00227265
1806	0.02373310	0.02148790	0.00224520
1807	0.02341010	0.02119320	0.00221694
1808	0.02307770	0.02088980	0.00218790
1809	0.02273500	0.02057670	0.00215835
1810	0.02238040	0.02025170	0.00212870
1811	0.02201410	0.01991460	0.00209946
1812	0.02164230	0.01957150	0.00207088
1813	0.02126520	0.01922290	0.00204229
1814	0.02088680	0.01887220	0.00201464
1815	0.02050990	0.01852200	0.00198796
1816	0.02014770	0.01818620	0.00196147
1817	0.01981000	0.01787500	0.00193503
1818	0.01950120	0.01759240	0.00190877
1819	0.01922750	0.01734440	0.00188304
1820	0.01899500	0.01713710	0.00185786
1821	0.01881270	0.01697920	0.00183348
1822	0.01867970	0.01686920	0.00181046
1823	0.01859750	0.01680860	0.00178892
1824	0.01856610	0.01679770	0.00176836
1825	0.01859050	0.01684140	0.00174917
1826	0.01866450	0.01693290	0.00173159
1827	0.01878130	0.01706550	0.00171579
1828	0.01892150	0.01722010	0.00170142
1829	0.01908060	0.01739220	0.00168842
1830	0.01924990	0.01757280	0.00167708
1831	0.01943240	0.01776510	0.00166736
1832	0.01962360	0.01796430	0.00165932
1833	0.01982970	0.01817720	0.00165243
1834	0.02004750	0.01840090	0.00164658
1835	0.02027270	0.01863120	0.00164153
1836	0.02049040	0.01885360	0.00163675
1837	0.02069110	0.01905880	0.00163227
1838	0.02085760	0.01922930	0.00162830
1839	0.02097350	0.01934860	0.00162494
1840	0.02102920	0.01940690	0.00162226
1841	0.02100410	0.01938420	0.00161992
1842	0.02089600	0.01927810	0.00161794
1843	0.02070960	0.01909320	0.00161642
1844	0.02045760	0.01884190	0.00161567
1845	0.02015600	0.01854030	0.00161573
1846	0.01983200	0.01821550	0.00161648
1847	0.01950480	0.01788740	0.00161737
1848	0.01919680	0.01757860	0.00161825
1849	0.01892880	0.01730950	0.00161922
1850	0.01870620	0.01708590	0.00162031
1851	0.01853870	0.01691750	0.00162117
1852	0.01843200	0.01681000	0.00162192
1853	0.01837290	0.01674950	0.00162341
1854	0.01835540	0.01672970	0.00162572
1855	0.01837050	0.01674100	0.00162946
1856	0.01840690	0.01677180	0.00163516
1857	0.01846360	0.01682130	0.00164233
1858	0.01855520	0.01690460	0.00165064
1859	0.01868710	0.01702780	0.00165928
1860	0.01888100	0.01721270	0.00166832
1861	0.01915360	0.01747540	0.00167823
1862	0.01952740	0.01783780	0.00168960
1863	0.02000400	0.01830100	0.00170302
1864	0.02058290	0.01886350	0.00171941
1865	0.02125610	0.01951750	0.00173860
1866	0.02200710	0.02024660	0.00176048
1867	0.02280900	0.02102270	0.00178624
1868	0.02365280	0.02183860	0.00181421
1869	0.02451560	0.02267190	0.00184372
1870	0.02538750	0.02351160	0.00187595
1871	0.02626380	0.02435150	0.00191228
1872	0.02714300	0.02519000	0.00195297
1873	0.02802110	0.02602370	0.00199740
1874	0.02890110	0.02685590	0.00204520
1875	0.02978070	0.02768450	0.00209619
1876	0.03064940	0.02850020	0.00214928
1877	0.03148030	0.02927600	0.00220437
1878	0.03225700	0.02999600	0.00226102
1879	0.03297490	0.03065640	0.00231847
1880	0.03363030	0.03125510	0.00237518
1881	0.03421910	0.03178970	0.00242942
1882	0.03473780	0.03225810	0.00247971
1883	0.03518610	0.03266110	0.00252493
1884	0.03555910	0.03299450	0.00256459
1885	0.03585670	0.03325780	0.00259893
1886	0.03608690	0.03345870	0.00262817
1887	0.03625190	0.03359910	0.00265276
1888	0.03635440	0.03368140	0.00267304
1889	0.03640530	0.03371610	0.00268920
1890	0.03642630	0.03372430	0.00270199
1891	0.03642630	0.03371350	0.00271281
1892	0.03642350	0.03370100	0.00272253
1893	0.03641490	0.03368380	0.00273111
1894	0.03639620	0.03366020	0.00273597
1895	0.03636690	0.03363140	0.00273552
1896	0.03631540	0.03358570	0.00272972
1897	0.03622140	0.03350320	0.00271813
1898	0.03607300	0.03337290	0.00270018
1899	0.03585850	0.03318270	0.00267584
1900	0.03557090	0.03292570	0.00264522
1901	0.03521500	0.03260570	0.00260929
1902	0.03480870	0.03223840	0.00257032
1903	0.03437120	0.03184100	0.00253014
1904	0.03392620	0.03143690	0.00248926
1905	0.03349620	0.03104760	0.00244860
1906	0.03309050	0.03068160	0.00240887
1907	0.03271210	0.03034140	0.00237070
1908	0.03234580	0.03001130	0.00233453
1909	0.03198170	0.02968080	0.00230090
1910	0.03160900	0.02933920	0.00226974
1911	0.03122190	0.02898050	0.00224142
1912	0.03081280	0.02859620	0.00221666
1913	0.03038230	0.02818720	0.00219510
1914	0.02994760	0.02777090	0.00217666
1915	0.02953040	0.02736940	0.00216105
1916	0.02914260	0.02699450	0.00214810
1917	0.02879510	0.02665770	0.00213739
1918	0.02849530	0.02636660	0.00212879
1919	0.02826100	0.02613880	0.00212217
1920	0.02810030	0.02598280	0.00211750
1921	0.02801590	0.02590160	0.00211435
1922	0.02800100	0.02588860	0.00211248
1923	0.02804790	0.02593620	0.00211162
1924	0.02814820	0.02603630	0.00211181
1925	0.02829850	0.02618460	0.00211389
1926	0.02848830	0.02637140	0.00211688
1927	0.02870830	0.02658830	0.00211997
1928	0.02895660	0.02683340	0.00212318
1929	0.02922790	0.02710130	0.00212660
1930	0.02952240	0.02739240	0.00213004
1931	0.02983310	0.02770000	0.00213312
1932	0.03014970	0.02801420	0.00213552
1933	0.03047040	0.02833300	0.00213740
1934	0.03079700	0.02865840	0.00213856
1935	0.03112870	0.02898980	0.00213888
1936	0.03146200	0.02932400	0.00213794
1937	0.03179380	0.02965900	0.00213481
1938	0.03213250	0.03000250	0.00212994
1939	0.03249420	0.03037000	0.00212416
1940	0.03288520	0.03076730	0.00211783
1941	0.03330120	0.03119000	0.00211118
1942	0.03373960	0.03163500	0.00210455
1943	0.03419420	0.03209600	0.00209826
1944	0.03465350	0.03256120	0.00209228
1945	0.03511400	0.03302740	0.00208655
1946	0.03556610	0.03348490	0.00208119
1947	0.03600550	0.03392900	0.00207646
1948	0.03642430	0.03435120	0.00207311
1949	0.03681850	0.03474680	0.00207166
1950	0.03718400	0.03511140	0.00207252
1951	0.03751380	0.03543760	0.00207617
1952	0.03780380	0.03572040	0.00208332
1953	0.03805040	0.03595680	0.00209361
1954	0.03825980	0.03615310	0.00210674
1955	0.03842460	0.03630270	0.00212188
1956	0.03854160	0.03640250	0.00213914
1957	0.03859990	0.03644170	0.00215818
1958	0.03859590	0.03641720	0.00217870
1959	0.03853120	0.03633110	0.00220010
1960	0.03841470	0.03619290	0.00222184
1961	0.03824980	0.03600700	0.00224280
1962	0.03804520	0.03578270	0.00226244
1963	0.03780890	0.03552820	0.00228073
1964	0.03755600	0.03525790	0.00229814
1965	0.03729420	0.03497950	0.00231465
1966	0.03703130	0.03470100	0.00233027
1967	0.03678280	0.03443780	0.00234502
1968	0.03654850	0.03418930	0.00235922
1969	0.03631900	0.03394620	0.00237280
1970	0.03607230	0.03368650	0.00238576
1971	0.03578620	0.03338800	0.00239823
1972	0.03544470	0.03303510	0.00240962
1973	0.03505270	0.03263280	0.00241996
1974	0.03463450	0.03220500	0.00242945
1975	0.03420720	0.03176920	0.00243795
1976	0.03378920	0.03134400	0.00244520
1977	0.03338350	0.03093230	0.00245121
1978	0.03299900	0.03054300	0.00245599
1979	0.03264200	0.03018250	0.00245944
1980	0.03231690	0.02985510	0.00246175
1981	0.03202110	0.02955780	0.00246336
1982	0.03174530	0.02928070	0.00246458
1983	0.03148980	0.02902420	0.00246556
1984	0.03125420	0.02878820	0.00246603
1985	0.03104370	0.02857800	0.00246571
1986	0.03085620	0.02839170	0.00246458
1987	0.03070230	0.02823970	0.00246254
1988	0.03059270	0.02813330	0.00245942
1989	0.03052270	0.02806750	0.00245518
1990	0.03048880	0.02803850	0.00245024
1991	0.03048120	0.02803640	0.00244482
1992	0.03049480	0.02805590	0.00243894
1993	0.03052100	0.02808870	0.00243229
1994	0.03056000	0.02813530	0.00242475
1995	0.03060580	0.02818950	0.00241636
1996	0.03065050	0.02824330	0.00240712
1997	0.03068610	0.02828920	0.00239693
1998	0.03072240	0.02833670	0.00238564
1999	0.03076550	0.02839200	0.00237353
2000	0.03082540	0.02846460	0.00236073
2001	0.03090000	0.02855300	0.00234703
2002	0.03099070	0.02865830	0.00233246
2003	0.03110870	0.02879180	0.00231691
2004	0.03125990	0.02896000	0.00229990
2005	0.03145150	0.02916940	0.00228208
2006	0.03167640	0.02941200	0.00226443
2007	0.03192430	0.02967790	0.00224643
2008	0.03218180	0.02995380	0.00222798
2009	0.03244180	0.03023270	0.00220903
2010	0.03268860	0.03049850	0.00219004
2011	0.03292000	0.03074890	0.00217107
2012	0.03312500	0.03097330	0.00215175
2013	0.03331120	0.03117930	0.00213187
2014	0.03347400	0.03136210	0.00211185
2015	0.03362330	0.03153140	0.00209186
2016	0.03376990	0.03169850	0.00207135
2017	0.03392460	0.03187430	0.00205033
2018	0.03409000	0.03206130	0.00202870
2019	0.03427000	0.03226360	0.00200637
2020	0.03446250	0.03247880	0.00198370
2021	0.03466010	0.03269850	0.00196155
2022	0.03484000	0.03290030	0.00193963
2023	0.03497740	0.03305910	0.00191835
2024	0.03506160	0.03316380	0.00189775
2025	0.03508820	0.03321040	0.00187778
2026	0.03505780	0.03319990	0.00185785
2027	0.03497870	0.03314100	0.00183774
2028	0.03485180	0.03303410	0.00181767
2029	0.03468220	0.03288440	0.00179780
2030	0.03445900	0.03268050	0.00177846
2031	0.03418150	0.03242140	0.00176008
2032	0.03384180	0.03209880	0.00174302
2033	0.03343230	0.03170470	0.00172757
2034	0.03294060	0.03122670	0.00171398
2035	0.03236400	0.03066140	0.00170263
2036	0.03170530	0.03001170	0.00169359
2037	0.03097220	0.02928510	0.00168712
2038	0.03017890	0.02849570	0.00168322
2039	0.02934040	0.02765860	0.00168178
2040	0.02848430	0.02680160	0.00168272
2041	0.02763130	0.02594580	0.00168551
2042	0.02681090	0.02512150	0.00168942
2043	0.02603620	0.02434170	0.00169450
2044	0.02533440	0.02363390	0.00170055
2045	0.02472700	0.02301970	0.00170731
2046	0.02422260	0.02250850	0.00171417
2047	0.02381790	0.02209700	0.00172099
2048	0.02350530	0.02177720	0.00172817
2049	0.02326280	0.02152740	0.00173542
2050	0.02307710	0.02133420	0.00174285
2051	0.02294220	0.02119140	0.00175082
2052	0.02285010	0.02109120	0.00175895
2053	0.02278560	0.02101870	0.00176689
2054	0.02275610	0.02098130	0.00177481
2055	0.02276290	0.02097990	0.00178298
2056	0.02281520	0.02102350	0.00179171
2057	0.02290840	0.02110710	0.00180129
2058	0.02303930	0.02122750	0.00181181
2059	0.02321220	0.02138890	0.00182329
2060	0.02343500	0.02159910	0.00183592
2061	0.02370480	0.02185530	0.00184949
2062	0.02401840	0.02215430	0.00186409
2063	0.02437960	0.02249920	0.00188033
2064	0.02479010	0.02289140	0.00189869
2065	0.02524380	0.02332400	0.00191985
2066	0.02573430	0.02379020	0.00194410
2067	0.02625710	0.02428550	0.00197164
2068	0.02681420	0.02481170	0.00200246
2069	0.02740710	0.02537080	0.00203628
2070	0.02803160	0.02595860	0.00207297
2071	0.02868110	0.02656900	0.00211209
2072	0.02935080	0.02719790	0.00215289
2073	0.03003660	0.02784120	0.00219535
2074	0.03072640	0.02848750	0.00223897
2075	0.03141160	0.02912840	0.00228316
2076	0.03207380	0.02974690	0.00232684
2077	0.03269590	0.03032640	0.00236953
2078	0.03326960	0.03085900	0.00241062
2079	0.03378170	0.03133210	0.00244960
2080	0.03421480	0.03172920	0.00248563
2081	0.03455990	0.03204220	0.00251768
2082	0.03482130	0.03227450	0.00254682
2083	0.03499090	0.03241830	0.00257260
2084	0.03506140	0.03246690	0.00259455
2085	0.03503470	0.03242190	0.00261287
2086	0.03490680	0.03227840	0.00262834
2087	0.03467500	0.03203370	0.00264129
2088	0.03434490	0.03169230	0.00265262
2089	0.03392080	0.03125750	0.00266328
2090	0.03341840	0.03074500	0.00267337
2091	0.03286500	0.03018300	0.00268202
2092	0.03229860	0.02960890	0.00268968
2093	0.03175030	0.02905550	0.00269478
2094	0.03125970	0.02856290	0.00269686
2095	0.03085040	0.02815550	0.00269485
2096	0.03054030	0.02785200	0.00268828
2097	0.03033260	0.02765600	0.00267657
2098	0.03023180	0.02757120	0.00266058
2099	0.03022920	0.02758850	0.00264077
2100	0.03030770	0.02768930	0.00261845
2101	0.03044420	0.02785050	0.00259370
2102	0.03061440	0.02804800	0.00256636
2103	0.03079510	0.02825820	0.00253686
2104	0.03096480	0.02845940	0.00250542
2105	0.03110100	0.02862870	0.00247234
2106	0.03119750	0.02875980	0.00243772
2107	0.03125250	0.02885060	0.00240189
2108	0.03126950	0.02890410	0.00236543
2109	0.03125820	0.02892960	0.00232858
2110	0.03123180	0.02894010	0.00229167
2111	0.03119780	0.02894310	0.00225473
2112	0.03116270	0.02894490	0.00221782
2113	0.03113430	0.02895310	0.00218117
2114	0.03111370	0.02896860	0.00214512
2115	0.03109540	0.02898520	0.00211016
2116	0.03107530	0.02899800	0.00207726
2117	0.03104490	0.02899690	0.00204796
2118	0.03100710	0.02898550	0.00202155
2119	0.03096010	0.02896240	0.00199767
2120	0.03090080	0.02892430	0.00197660
2121	0.03083090	0.02887280	0.00195811
2122	0.03075460	0.02881250	0.00194210
2123	0.03067810	0.02874970	0.00192839
2124	0.03061170	0.02869440	0.00191724
2125	0.03056380	0.02865530	0.00190854
2126	0.03053690	0.02863480	0.00190210
2127	0.03053520	0.02863770	0.00189745
2128	0.03055880	0.02866490	0.00189391
2129	0.03061540	0.02872400	0.00189139
2130	0.03070070	0.02881060	0.00189014
2131	0.03081380	0.02892300	0.00189078
2132	0.03093960	0.02904610	0.00189351
2133	0.03106440	0.02916610	0.00189830
2134	0.03117580	0.02927070	0.00190516
2135	0.03126480	0.02935060	0.00191419
2136	0.03132220	0.02939690	0.00192533
2137	0.03134010	0.02940190	0.00193814
2138	0.03131730	0.02936490	0.00195230
2139	0.03126170	0.02929410	0.00196755
2140	0.03118620	0.02920270	0.00198352
2141	0.03110320	0.02910400	0.00199921
2142	0.03101440	0.02900000	0.00201434
2143	0.03090930	0.02888060	0.00202875
2144	0.03076810	0.02872540	0.00204271
2145	0.03057940	0.02852280	0.00205657
2146	0.03035140	0.02828060	0.00207080
2147	0.03009110	0.02800600	0.00208513
2148	0.02982330	0.02772390	0.00209948
2149	0.02956270	0.02744900	0.00211371
2150	0.02932790	0.02720040	0.00212749
2151	0.02912680	0.02698620	0.00214057
2152	0.02894870	0.02679580	0.00215288
2153	0.02877600	0.02661200	0.00216408
2154	0.02857860	0.02640450	0.00217408
2155	0.02833820	0.02615540	0.00218284
2156	0.02804410	0.02585410	0.00219008
2157	0.02770010	0.02550440	0.00219565
2158	0.02732140	0.02512190	0.00219950
2159	0.02692970	0.02472810	0.00220160
2160	0.02655040	0.02434820	0.00220221
2161	0.02620170	0.02400020	0.00220150
2162	0.02588920	0.02368960	0.00219968
2163	0.02561340	0.02341640	0.00219703
2164	0.02537650	0.02318290	0.00219358
2165	0.02517420	0.02298470	0.00218947
2166	0.02500290	0.02281810	0.00218482
2167	0.02485570	0.02267600	0.00217964
2168	0.02472840	0.02255440	0.00217408
2169	0.02462310	0.02245480	0.00216830
2170	0.02453810	0.02237570	0.00216244
2171	0.02447750	0.02232110	0.00215641
2172	0.02443740	0.02228710	0.00215028
2173	0.02442050	0.02227640	0.00214409
2174	0.02442670	0.02228900	0.00213768
2175	0.02445410	0.02232310	0.00213095
2176	0.02449920	0.02237530	0.00212386
2177	0.02456050	0.02244400	0.00211646
2178	0.02463900	0.02253030	0.00210871
2179	0.02473460	0.02263360	0.00210094
2180	0.02484490	0.02275140	0.00209346
2181	0.02497010	0.02288330	0.00208674
2182	0.02511140	0.02303080	0.00208060
2183	0.02526360	0.02318890	0.00207469
2184	0.02542440	0.02335540	0.00206905
2185	0.02558240	0.02351900	0.00206342
2186	0.02573440	0.02367670	0.00205772
2187	0.02587700	0.02382520	0.00205184
2188	0.02601010	0.02396420	0.00204588
2189	0.02613270	0.02409280	0.00203993
2190	0.02624390	0.02421010	0.00203384
2191	0.02634700	0.02431930	0.00202769
2192	0.02644710	0.02442540	0.00202172
2193	0.02654710	0.02453120	0.00201588
2194	0.02665210	0.02464190	0.00201012
2195	0.02676390	0.02475970	0.00200424
2196	0.02688700	0.02488920	0.00199783
2197	0.02702120	0.02503040	0.00199080
2198	0.02716250	0.02517960	0.00198290
2199	0.02730900	0.02533470	0.00197427
2200	0.02745990	0.02549480	0.00196512
2201	0.02760870	0.02565310	0.00195558
2202	0.02774930	0.02580340	0.00194586
2203	0.02787960	0.02594350	0.00193604
2204	0.02799490	0.02606860	0.00192627
2205	0.02809660	0.02617980	0.00191681
2206	0.02818830	0.02628060	0.00190773
2207	0.02827460	0.02637520	0.00189943
2208	0.02835800	0.02646590	0.00189211
2209	0.02843860	0.02655280	0.00188581
2210	0.02850880	0.02662820	0.00188057
2211	0.02855690	0.02668070	0.00187618
2212	0.02857660	0.02670390	0.00187272
2213	0.02855870	0.02668890	0.00186981
2214	0.02849180	0.02662500	0.00186685
2215	0.02837150	0.02650810	0.00186343
2216	0.02819260	0.02633340	0.00185919
2217	0.02795210	0.02609830	0.00185382
2218	0.02765150	0.02580420	0.00184725
2219	0.02729530	0.02545580	0.00183947
2220	0.02689550	0.02506470	0.00183080
2221	0.02646370	0.02464220	0.00182143
2222	0.02600840	0.02419680	0.00181156
2223	0.02553840	0.02373720	0.00180123
2224	0.02505910	0.02326850	0.00179066
2225	0.02458190	0.02280180	0.00178006
2226	0.02411540	0.02234580	0.00176959
2227	0.02366300	0.02190340	0.00175969
2228	0.02323350	0.02148270	0.00175084
2229	0.02282180	0.02107800	0.00174380
2230	0.02244360	0.02070490	0.00173874
2231	0.02209360	0.02035820	0.00173540
2232	0.02177410	0.02004050	0.00173362
2233	0.02149060	0.01975700	0.00173357
2234	0.02126470	0.01952960	0.00173503
2235	0.02111140	0.01937360	0.00173774
2236	0.02105350	0.01931140	0.00174208
2237	0.02109350	0.01934580	0.00174776
2238	0.02122120	0.01946660	0.00175461
2239	0.02143200	0.01966930	0.00176277
2240	0.02170860	0.01993590	0.00177277
2241	0.02204080	0.02025620	0.00178461
2242	0.02241770	0.02062020	0.00179743
2243	0.02283490	0.02102450	0.00181041
2244	0.02327890	0.02145550	0.00182334
2245	0.02373730	0.02190090	0.00183630
2246	0.02420880	0.02235930	0.00184953
2247	0.02469290	0.02282950	0.00186344
2248	0.02519730	0.02331890	0.00187838
2249	0.02572950	0.02383470	0.00189483
2250	0.02630220	0.02438860	0.00191369
2251	0.02691480	0.02497920	0.00193557
2252	0.02756260	0.02560120	0.00196138
2253	0.02824090	0.02624940	0.00199145
2254	0.02894850	0.02692210	0.00202633
2255	0.02968810	0.02762160	0.00206653
2256	0.03045940	0.02834700	0.00211239
2257	0.03125210	0.02908840	0.00216364
2258	0.03206150	0.02984210	0.00221936
2259	0.03287090	0.03059190	0.00227901
2260	0.03367090	0.03132880	0.00234210
2261	0.03443870	0.03203110	0.00240763
2262	0.03517010	0.03269540	0.00247472
2263	0.03586670	0.03332480	0.00254187
2264	0.03653350	0.03392600	0.00260751
2265	0.03716330	0.03449210	0.00267121
2266	0.03777480	0.03504290	0.00273195
2267	0.03837020	0.03558150	0.00278872
2268	0.03895170	0.03611190	0.00283975
2269	0.03952630	0.03664220	0.00288409
2270	0.04010030	0.03717910	0.00292118
2271	0.04068330	0.03773210	0.00295123
2272	0.04126740	0.03829310	0.00297430
2273	0.04184350	0.03885350	0.00299002
2274	0.04239740	0.03939900	0.00299843
2275	0.04292200	0.03992170	0.00300026
2276	0.04340270	0.04040670	0.00299597
2277	0.04382380	0.04083800	0.00298583
2278	0.04417740	0.04120760	0.00296979
2279	0.04444140	0.04149370	0.00294768
2280	0.04461130	0.04169110	0.00292023
2281	0.04469170	0.04180390	0.00288780
2282	0.04469820	0.04184730	0.00285085
2283	0.04463730	0.04182730	0.00280994
2284	0.04452170	0.04175540	0.00276632
2285	0.04435710	0.04163700	0.00272007
2286	0.04414770	0.04147620	0.00267155
2287	0.04389880	0.04127740	0.00262140
2288	0.04362100	0.04105030	0.00257070
2289	0.04331810	0.04079720	0.00252087
2290	0.04298660	0.04051490	0.00247164
2291	0.04261270	0.04018890	0.00242386
2292	0.04218250	0.03980450	0.00237799
2293	0.04169570	0.03936030	0.00233540
2294	0.04115790	0.03886190	0.00229602
2295	0.04058060	0.03832050	0.00226005
2296	0.03997240	0.03774400	0.00222842
2297	0.03934560	0.03714490	0.00220070
2298	0.03871360	0.03653710	0.00217652
2299	0.03809700	0.03594120	0.00215579
2300	0.03751160	0.03537350	0.00213814
2301	0.03696720	0.03484410	0.00212305
2302	0.03648450	0.03437410	0.00211035
2303	0.03607430	0.03397400	0.00210022
2304	0.03573760	0.03364490	0.00209273
2305	0.03545960	0.03337180	0.00208776
2306	0.03523230	0.03314720	0.00208515
2307	0.03504070	0.03295630	0.00208434
2308	0.03488040	0.03279540	0.00208501
2309	0.03474610	0.03265910	0.00208699
2310	0.03462990	0.03253980	0.00209008
2311	0.03452860	0.03243430	0.00209435
2312	0.03443200	0.03233230	0.00209964
2313	0.03432550	0.03221950	0.00210594
2314	0.03419340	0.03208050	0.00211298
2315	0.03401930	0.03189890	0.00212040
2316	0.03379920	0.03167140	0.00212787
2317	0.03352730	0.03139190	0.00213539
2318	0.03321060	0.03106760	0.00214294
2319	0.03285850	0.03070810	0.00215037
2320	0.03248270	0.03032530	0.00215741
2321	0.03209180	0.02992780	0.00216405
2322	0.03168980	0.02951960	0.00217023
2323	0.03127780	0.02910210	0.00217577
2324	0.03085490	0.02867430	0.00218052
2325	0.03041620	0.02823200	0.00218425
2326	0.02996180	0.02777510	0.00218679
2327	0.02949550	0.02730740	0.00218815
2328	0.02903000	0.02684170	0.00218825
2329	0.02857220	0.02638510	0.00218704
2330	0.02813060	0.02594610	0.00218451
2331	0.02771070	0.02552990	0.00218079
2332	0.02731470	0.02513860	0.00217612
2333	0.02694180	0.02477110	0.00217064
2334	0.02658620	0.02442180	0.00216444
2335	0.02626210	0.02410440	0.00215769
2336	0.02596470	0.02381410	0.00215060
2337	0.02570080	0.02355740	0.00214342
2338	0.02547090	0.02333470	0.00213623
2339	0.02526860	0.02313960	0.00212901
2340	0.02508990	0.02296790	0.00212197
2341	0.02493560	0.02282060	0.00211503
2342	0.02480480	0.02269660	0.00210824
2343	0.02469780	0.02259610	0.00210165
2344	0.02460710	0.02251180	0.00209527
2345	0.02453080	0.02244180	0.00208908
2346	0.02445820	0.02237540	0.00208281
2347	0.02437810	0.02230200	0.00207612
2348	0.02428060	0.02221130	0.00206924
2349	0.02415900	0.02209690	0.00206206
2350	0.02400940	0.02195500	0.00205435
2351	0.02384220	0.02179590	0.00204627
2352	0.02367110	0.02163360	0.00203752
2353	0.02351070	0.02148280	0.00202790
2354	0.02336320	0.02134580	0.00201741
2355	0.02323300	0.02122700	0.00200604
2356	0.02312910	0.02113500	0.00199415
2357	0.02305210	0.02106950	0.00198252
2358	0.02300010	0.02102830	0.00197175
2359	0.02297260	0.02101090	0.00196165
2360	0.02296380	0.02101200	0.00195180
2361	0.02297230	0.02103040	0.00194192
2362	0.02299270	0.02106030	0.00193240
2363	0.02302200	0.02109880	0.00192325
2364	0.02305040	0.02113610	0.00191436
2365	0.02307600	0.02117030	0.00190565
2366	0.02309030	0.02119310	0.00189712
2367	0.02308270	0.02119360	0.00188920
2368	0.02305150	0.02116970	0.00188186
2369	0.02299700	0.02112200	0.00187507
2370	0.02292070	0.02105200	0.00186877
2371	0.02282530	0.02096240	0.00186288
2372	0.02271840	0.02086100	0.00185732
2373	0.02261160	0.02075960	0.00185201
2374	0.02250820	0.02066150	0.00184672
2375	0.02240930	0.02056830	0.00184103
2376	0.02232350	0.02048880	0.00183469
2377	0.02224960	0.02042160	0.00182799
2378	0.02217970	0.02035880	0.00182086
2379	0.02209420	0.02028100	0.00181326
2380	0.02197480	0.02016950	0.00180527
2381	0.02181310	0.02001650	0.00179661
2382	0.02161390	0.01982670	0.00178727
2383	0.02137360	0.01959620	0.00177748
2384	0.02109840	0.01933080	0.00176760
2385	0.02080900	0.01905100	0.00175804
2386	0.02052140	0.01877220	0.00174928
2387	0.02023810	0.01849630	0.00174181
2388	0.01998020	0.01824400	0.00173614
2389	0.01976740	0.01803480	0.00173252
2390	0.01961550	0.01788400	0.00173146
2391	0.01953820	0.01780560	0.00173266
2392	0.01954350	0.01780730	0.00173613
2393	0.01961440	0.01787300	0.00174138
2394	0.01973800	0.01798940	0.00174851
2395	0.01987530	0.01811850	0.00175681
2396	0.02001830	0.01825180	0.00176645
2397	0.02014850	0.01837140	0.00177712
2398	0.02026200	0.01847310	0.00178896
2399	0.02036720	0.01856540	0.00180189
2400	0.02048570	0.01866910	0.00181658
2401	0.02064380	0.01881100	0.00183279
2402	0.02084890	0.01899940	0.00184946
2403	0.02109820	0.01923220	0.00186605
2404	0.02138860	0.01950650	0.00188216
2405	0.02171540	0.01981730	0.00189801
2406	0.02207560	0.02016110	0.00191450
2407	0.02245950	0.02052720	0.00193231
2408	0.02284700	0.02089510	0.00195188
2409	0.02323370	0.02126050	0.00197323
2410	0.02362000	0.02162390	0.00199603
2411	0.02400750	0.02198730	0.00202021
2412	0.02440110	0.02235560	0.00204550
2413	0.02481540	0.02274370	0.00207165
2414	0.02526500	0.02316620	0.00209877
2415	0.02575470	0.02362810	0.00212656
2416	0.02629480	0.02414020	0.00215457
2417	0.02687890	0.02469600	0.00218285
2418	0.02749480	0.02528360	0.00221123
2419	0.02812860	0.02588900	0.00223959
2420	0.02877330	0.02650540	0.00226790
2421	0.02941290	0.02711680	0.00229607
2422	0.03003650	0.02771240	0.00232412
2423	0.03063980	0.02828780	0.00235197
2424	0.03122680	0.02884700	0.00237978
2425	0.03180370	0.02939660	0.00240706
2426	0.03236990	0.02993670	0.00243317
2427	0.03292540	0.03046650	0.00245885
2428	0.03346300	0.03097900	0.00248405
2429	0.03397950	0.03147090	0.00250859
2430	0.03447240	0.03193970	0.00253274
2431	0.03494200	0.03238530	0.00255666
2432	0.03538150	0.03280140	0.00258008
2433	0.03577860	0.03317620	0.00260236
2434	0.03612490	0.03350160	0.00262333
2435	0.03641310	0.03377020	0.00264296
2436	0.03664140	0.03398130	0.00266015
2437	0.03680850	0.03413390	0.00267460
2438	0.03691150	0.03422600	0.00268551
2439	0.03695780	0.03426530	0.00269254
2440	0.03696070	0.03426480	0.00269599
2441	0.03692670	0.03423150	0.00269519
2442	0.03686030	0.03417120	0.00268915
2443	0.03676490	0.03408660	0.00267825
2444	0.03664040	0.03397800	0.00266238
2445	0.03646890	0.03382690	0.00264205
2446	0.03625470	0.03363690	0.00261788
2447	0.03599340	0.03340290	0.00259051
2448	0.03568230	0.03312110	0.00256116
2449	0.03532340	0.03279320	0.00253019
2450	0.03491940	0.03242190	0.00249749
2451	0.03447770	0.03201400	0.00246374
2452	0.03400250	0.03157280	0.00242972
2453	0.03350030	0.03110420	0.00239610
2454	0.03297720	0.03061380	0.00236345
2455	0.03243900	0.03010700	0.00233201
2456	0.03189050	0.02958850	0.00230200
2457	0.03133940	0.02906500	0.00227440
2458	0.03079010	0.02854110	0.00224907
2459	0.03024210	0.02801680	0.00222529
2460	0.02969320	0.02749030	0.00220286
2461	0.02914110	0.02695970	0.00218140
2462	0.02857490	0.02641340	0.00216154
2463	0.02800500	0.02586160	0.00214338
2464	0.02743670	0.02530990	0.00212674
2465	0.02687650	0.02476520	0.00211128
2466	0.02633160	0.02423470	0.00209693
2467	0.02581640	0.02373260	0.00208371
2468	0.02533490	0.02326330	0.00207166
2469	0.02490120	0.02284050	0.00206073
2470	0.02451170	0.02246100	0.00205067
2471	0.02416950	0.02212870	0.00204084
2472	0.02387750	0.02184670	0.00203082
2473	0.02363280	0.02161240	0.00202039
2474	0.02342750	0.02141770	0.00200979
2475	0.02325710	0.02125820	0.00199891
2476	0.02312010	0.02113180	0.00198827
2477	0.02301660	0.02103860	0.00197795
2478	0.02295350	0.02098570	0.00196786
2479	0.02293600	0.02097800	0.00195798
2480	0.02297740	0.02102920	0.00194822
2481	0.02309390	0.02115510	0.00193882
2482	0.02329500	0.02136530	0.00192974
2483	0.02358170	0.02166070	0.00192099
2484	0.02394850	0.02203590	0.00191254
2485	0.02439200	0.02248720	0.00190478
2486	0.02491130	0.02301340	0.00189784
2487	0.02550220	0.02361050	0.00189174
2488	0.02615680	0.02427010	0.00188678
2489	0.02686230	0.02497880	0.00188351
2490	0.02760910	0.02572700	0.00188210
2491	0.02838330	0.02650070	0.00188260
2492	0.02917700	0.02729200	0.00188500
2493	0.02997380	0.02808460	0.00188921
2494	0.03075460	0.02885940	0.00189526
2495	0.03150210	0.02959910	0.00190291
2496	0.03220100	0.03028860	0.00191238
2497	0.03283820	0.03091470	0.00192349
2498	0.03340300	0.03146710	0.00193590
2499	0.03388800	0.03193870	0.00194935
2500	0.03429030	0.03232660	0.00196367
