Time	Cd Total	Cd Pressure	Cd Viscous
1	0.04735810	0.04695910	0.00039901
2	0.07654100	0.07605370	0.00048736
3	0.09759330	0.09701610	0.00057715
4	0.10610000	0.10542000	0.00068018
5	0.10251600	0.10173300	0.00078349
6	0.09051440	0.08964690	0.00086741
7	0.07608440	0.07514680	0.00093757
8	0.06219530	0.06120490	0.00099047
9	0.05123120	0.05019890	0.00103231
10	0.04386680	0.04281320	0.00105360
11	0.03954350	0.03849050	0.00105299
12	0.03828450	0.03725150	0.00103297
13	0.03918440	0.03817760	0.00100682
14	0.04105530	0.04007200	0.00098332
15	0.04278310	0.04181820	0.00096489
16	0.04391880	0.04297080	0.00094800
17	0.04434220	0.04341190	0.00093035
18	0.04412960	0.04321840	0.00091113
19	0.04346150	0.04257030	0.00089120
20	0.04258700	0.04171660	0.00087042
21	0.04172740	0.04087820	0.00084925
22	0.04100230	0.04017390	0.00082842
23	0.04046270	0.03965360	0.00080914
24	0.04005990	0.03926780	0.00079208
25	0.03972810	0.03895060	0.00077748
26	0.03939390	0.03862890	0.00076506
27	0.03900500	0.03825080	0.00075427
28	0.03854240	0.03779780	0.00074462
29	0.03800310	0.03726760	0.00073550
30	0.03739890	0.03667230	0.00072662
31	0.03673790	0.03602030	0.00071764
32	0.03603390	0.03532540	0.00070854
33	0.03530280	0.03460350	0.00069928
34	0.03456060	0.03387070	0.00068995
35	0.03383420	0.03315360	0.00068065
36	0.03314240	0.03247090	0.00067148
37	0.03250870	0.03184610	0.00066258
38	0.03194580	0.03129180	0.00065398
39	0.03146710	0.03082130	0.00064582
40	0.03108090	0.03044270	0.00063821
41	0.03078600	0.03015490	0.00063114
42	0.03057780	0.02995310	0.00062465
43	0.03045420	0.02983550	0.00061870
44	0.03040720	0.02979400	0.00061329
45	0.03041830	0.02981000	0.00060836
46	0.03047130	0.02986740	0.00060389
47	0.03055350	0.02995360	0.00059992
48	0.03065200	0.03005570	0.00059638
49	0.03076650	0.03017320	0.00059327
50	0.03089490	0.03030440	0.00059053
51	0.03103810	0.03045000	0.00058814
52	0.03119740	0.03061140	0.00058606
53	0.03137120	0.03078690	0.00058426
54	0.03155700	0.03097430	0.00058269
55	0.03174930	0.03116800	0.00058129
56	0.03193750	0.03135750	0.00057999
57	0.03210730	0.03152850	0.00057883
58	0.03224690	0.03166910	0.00057778
59	0.03235100	0.03177420	0.00057676
60	0.03241440	0.03183870	0.00057571
61	0.03242970	0.03185510	0.00057468
62	0.03239860	0.03182490	0.00057369
63	0.03232570	0.03175300	0.00057275
64	0.03222020	0.03164830	0.00057181
65	0.03208130	0.03151040	0.00057088
66	0.03191170	0.03134170	0.00056994
67	0.03171330	0.03114420	0.00056903
68	0.03149330	0.03092520	0.00056813
69	0.03125780	0.03069050	0.00056730
70	0.03101230	0.03044570	0.00056656
71	0.03075920	0.03019330	0.00056588
72	0.03050340	0.02993820	0.00056525
73	0.03024820	0.02968350	0.00056463
74	0.02999620	0.02943220	0.00056402
75	0.02974880	0.02918540	0.00056337
76	0.02950810	0.02894540	0.00056267
77	0.02927550	0.02871370	0.00056184
78	0.02905090	0.02849010	0.00056083
79	0.02883110	0.02827140	0.00055963
80	0.02861330	0.02805520	0.00055815
81	0.02839730	0.02784100	0.00055630
82	0.02818360	0.02762950	0.00055404
83	0.02797320	0.02742190	0.00055136
84	0.02776950	0.02722110	0.00054831
85	0.02757350	0.02702850	0.00054501
86	0.02738750	0.02684590	0.00054155
87	0.02721560	0.02667750	0.00053808
88	0.02706020	0.02652550	0.00053476
89	0.02692300	0.02639120	0.00053171
90	0.02680040	0.02627130	0.00052905
91	0.02669310	0.02616630	0.00052683
92	0.02659970	0.02607460	0.00052504
93	0.02651970	0.02599610	0.00052363
94	0.02644870	0.02592620	0.00052250
95	0.02638560	0.02586410	0.00052153
96	0.02632710	0.02580650	0.00052055
97	0.02627310	0.02575370	0.00051943
98	0.02622040	0.02570230	0.00051804
99	0.02617010	0.02565380	0.00051631
100	0.02611840	0.02560420	0.00051423
101	0.02606540	0.02555360	0.00051185
102	0.02600920	0.02550000	0.00050926
103	0.02595020	0.02544360	0.00050656
104	0.02588630	0.02538240	0.00050389
105	0.02581630	0.02531490	0.00050137
106	0.02573790	0.02523880	0.00049911
107	0.02565320	0.02515610	0.00049715
108	0.02556070	0.02506510	0.00049556
109	0.02546140	0.02496710	0.00049431
110	0.02535410	0.02486070	0.00049339
111	0.02524090	0.02474810	0.00049277
112	0.02512230	0.02462990	0.00049239
113	0.02500000	0.02450780	0.00049220
114	0.02487470	0.02438250	0.00049215
115	0.02474750	0.02425530	0.00049219
116	0.02461930	0.02412700	0.00049227
117	0.02449090	0.02399860	0.00049236
118	0.02436230	0.02386980	0.00049246
119	0.02423310	0.02374060	0.00049255
120	0.02410340	0.02361080	0.00049264
121	0.02397250	0.02347970	0.00049275
122	0.02384100	0.02334810	0.00049290
123	0.02370900	0.02321590	0.00049308
124	0.02357780	0.02308450	0.00049332
125	0.02344890	0.02295530	0.00049363
126	0.02332460	0.02283060	0.00049401
127	0.02320550	0.02271110	0.00049448
128	0.02309500	0.02259990	0.00049504
129	0.02299490	0.02249920	0.00049570
130	0.02290750	0.02241110	0.00049646
131	0.02283440	0.02233710	0.00049732
132	0.02277670	0.02227840	0.00049825
133	0.02273400	0.02223480	0.00049925
134	0.02270470	0.02220440	0.00050027
135	0.02268590	0.02218460	0.00050127
136	0.02267420	0.02217200	0.00050218
137	0.02266670	0.02216370	0.00050297
138	0.02265970	0.02215610	0.00050360
139	0.02265040	0.02214640	0.00050404
140	0.02263520	0.02213090	0.00050426
141	0.02261250	0.02210820	0.00050424
142	0.02258130	0.02207730	0.00050396
143	0.02254210	0.02203870	0.00050341
144	0.02249310	0.02199040	0.00050261
145	0.02243430	0.02193280	0.00050157
146	0.02236590	0.02186560	0.00050031
147	0.02228810	0.02178920	0.00049885
148	0.02220170	0.02170450	0.00049721
149	0.02210870	0.02161330	0.00049542
150	0.02201100	0.02151750	0.00049350
151	0.02191040	0.02141890	0.00049149
152	0.02180810	0.02131870	0.00048941
153	0.02170470	0.02121740	0.00048730
154	0.02160150	0.02111630	0.00048519
155	0.02149980	0.02101670	0.00048311
156	0.02140040	0.02091930	0.00048113
157	0.02130390	0.02082460	0.00047927
158	0.02121070	0.02073310	0.00047759
159	0.02112050	0.02064430	0.00047611
160	0.02103320	0.02055830	0.00047490
161	0.02094870	0.02047470	0.00047399
162	0.02086730	0.02039390	0.00047342
163	0.02078910	0.02031590	0.00047321
164	0.02071390	0.02024050	0.00047342
165	0.02064280	0.02016880	0.00047405
166	0.02057610	0.02010100	0.00047508
167	0.02051550	0.02003900	0.00047652
168	0.02046000	0.01998170	0.00047834
169	0.02040930	0.01992880	0.00048050
170	0.02036220	0.01987920	0.00048297
171	0.02031870	0.01983300	0.00048567
172	0.02027800	0.01978950	0.00048856
173	0.02024040	0.01974890	0.00049157
174	0.02020550	0.01971090	0.00049467
175	0.02017360	0.01967580	0.00049779
176	0.02014420	0.01964330	0.00050090
177	0.02011680	0.01961280	0.00050403
178	0.02009050	0.01958340	0.00050715
179	0.02006510	0.01955490	0.00051022
180	0.02004080	0.01952760	0.00051322
181	0.02001710	0.01950100	0.00051611
182	0.01999470	0.01947590	0.00051887
183	0.01997320	0.01945170	0.00052147
184	0.01995330	0.01942940	0.00052391
185	0.01993430	0.01940810	0.00052617
186	0.01991650	0.01938830	0.00052823
187	0.01989960	0.01936950	0.00053010
188	0.01988440	0.01935260	0.00053179
189	0.01987080	0.01933750	0.00053330
190	0.01985930	0.01932460	0.00053465
191	0.01984910	0.01931320	0.00053586
192	0.01984080	0.01930390	0.00053691
193	0.01983320	0.01929540	0.00053782
194	0.01982660	0.01928800	0.00053858
195	0.01982040	0.01928120	0.00053920
196	0.01981420	0.01927460	0.00053966
197	0.01980760	0.01926770	0.00053995
198	0.01980060	0.01926060	0.00054002
199	0.01979220	0.01925230	0.00053984
200	0.01978140	0.01924210	0.00053936
201	0.01976670	0.01922820	0.00053856
202	0.01974780	0.01921040	0.00053742
203	0.01972410	0.01918820	0.00053595
204	0.01969600	0.01916180	0.00053423
205	0.01966380	0.01913140	0.00053239
206	0.01962680	0.01909620	0.00053056
207	0.01958660	0.01905770	0.00052893
208	0.01954360	0.01901600	0.00052766
209	0.01949990	0.01897300	0.00052691
210	0.01945660	0.01892980	0.00052679
211	0.01941650	0.01888910	0.00052739
212	0.01938030	0.01885160	0.00052877
213	0.01935010	0.01881930	0.00053084
214	0.01932670	0.01879310	0.00053357
215	0.01931200	0.01877510	0.00053688
216	0.01930610	0.01876540	0.00054067
217	0.01930920	0.01876440	0.00054481
218	0.01932020	0.01877100	0.00054918
219	0.01933790	0.01878430	0.00055366
220	0.01936090	0.01880270	0.00055816
221	0.01938730	0.01882480	0.00056258
222	0.01941670	0.01884980	0.00056687
223	0.01944810	0.01887720	0.00057096
224	0.01948180	0.01890690	0.00057483
225	0.01951690	0.01893850	0.00057845
226	0.01955300	0.01897120	0.00058181
227	0.01958940	0.01900450	0.00058493
228	0.01962510	0.01903730	0.00058783
229	0.01965920	0.01906870	0.00059052
230	0.01969070	0.01909770	0.00059301
231	0.01972050	0.01912520	0.00059532
232	0.01974870	0.01915130	0.00059746
233	0.01977670	0.01917720	0.00059948
234	0.01980470	0.01920340	0.00060136
235	0.01983390	0.01923080	0.00060315
236	0.01986420	0.01925940	0.00060484
237	0.01989590	0.01928950	0.00060646
238	0.01992850	0.01932050	0.00060801
239	0.01996170	0.01935220	0.00060950
240	0.01999500	0.01938400	0.00061094
241	0.02002860	0.01941620	0.00061233
242	0.02006260	0.01944890	0.00061367
243	0.02009740	0.01948240	0.00061496
244	0.02013330	0.01951710	0.00061621
245	0.02017010	0.01955270	0.00061741
246	0.02020770	0.01958920	0.00061855
247	0.02024580	0.01962620	0.00061965
248	0.02028390	0.01966320	0.00062068
249	0.02032120	0.01969950	0.00062165
250	0.02035660	0.01973410	0.00062255
251	0.02038890	0.01976550	0.00062338
252	0.02041660	0.01979250	0.00062413
253	0.02043870	0.01981390	0.00062478
254	0.02045320	0.01982790	0.00062535
255	0.02046080	0.01983500	0.00062582
256	0.02046230	0.01983610	0.00062618
257	0.02045970	0.01983330	0.00062644
258	0.02045350	0.01982690	0.00062659
259	0.02044390	0.01981730	0.00062664
260	0.02043110	0.01980450	0.00062660
261	0.02041520	0.01978870	0.00062647
262	0.02039680	0.01977050	0.00062626
263	0.02037620	0.01975020	0.00062598
264	0.02035440	0.01972880	0.00062565
265	0.02033190	0.01970670	0.00062526
266	0.02030880	0.01968390	0.00062484
267	0.02028510	0.01966070	0.00062439
268	0.02026050	0.01963660	0.00062393
269	0.02023540	0.01961190	0.00062346
270	0.02020940	0.01958640	0.00062298
271	0.02018340	0.01956090	0.00062251
272	0.02015710	0.01953510	0.00062205
273	0.02013120	0.01950960	0.00062160
274	0.02010560	0.01948440	0.00062116
275	0.02008040	0.01945970	0.00062074
276	0.02005520	0.01943490	0.00062034
277	0.02003050	0.01941050	0.00061995
278	0.02000640	0.01938680	0.00061958
279	0.01998400	0.01936480	0.00061922
280	0.01996380	0.01934490	0.00061887
281	0.01994580	0.01932730	0.00061854
282	0.01993010	0.01931180	0.00061823
283	0.01991720	0.01929920	0.00061793
284	0.01990690	0.01928920	0.00061764
285	0.01989910	0.01928170	0.00061738
286	0.01989390	0.01927680	0.00061713
287	0.01989110	0.01927430	0.00061689
288	0.01989030	0.01927360	0.00061666
289	0.01989150	0.01927500	0.00061644
290	0.01989460	0.01927840	0.00061624
291	0.01989940	0.01928330	0.00061604
292	0.01990500	0.01928920	0.00061584
293	0.01991020	0.01929460	0.00061565
294	0.01991550	0.01930000	0.00061545
295	0.01992120	0.01930590	0.00061523
296	0.01992740	0.01931240	0.00061500
297	0.01993300	0.01931830	0.00061475
298	0.01993690	0.01932240	0.00061449
299	0.01993680	0.01932260	0.00061418
300	0.01993100	0.01931710	0.00061382
301	0.01991690	0.01930360	0.00061338
302	0.01989340	0.01928050	0.00061286
303	0.01985870	0.01924650	0.00061225
304	0.01981280	0.01920120	0.00061156
305	0.01975510	0.01914430	0.00061078
306	0.01968610	0.01907620	0.00060991
307	0.01960560	0.01899660	0.00060894
308	0.01951450	0.01890660	0.00060787
309	0.01941250	0.01880580	0.00060671
310	0.01930210	0.01869670	0.00060547
311	0.01918400	0.01857980	0.00060416
312	0.01906120	0.01845840	0.00060280
313	0.01893560	0.01833420	0.00060140
314	0.01880960	0.01820960	0.00059998
315	0.01868520	0.01808670	0.00059857
316	0.01856490	0.01796770	0.00059718
317	0.01845120	0.01785530	0.00059584
318	0.01834610	0.01775150	0.00059458
319	0.01825120	0.01765780	0.00059340
320	0.01816530	0.01757300	0.00059229
321	0.01809000	0.01749880	0.00059128
322	0.01802410	0.01743370	0.00059034
323	0.01796770	0.01737820	0.00058948
324	0.01791990	0.01733120	0.00058869
325	0.01788000	0.01729200	0.00058795
326	0.01784690	0.01725960	0.00058729
327	0.01781910	0.01723240	0.00058668
328	0.01779380	0.01720770	0.00058613
329	0.01776960	0.01718400	0.00058562
330	0.01774420	0.01715900	0.00058517
331	0.01771690	0.01713210	0.00058477
332	0.01768690	0.01710240	0.00058442
333	0.01765440	0.01707030	0.00058414
334	0.01762020	0.01703620	0.00058392
335	0.01758360	0.01699980	0.00058375
336	0.01754570	0.01696210	0.00058366
337	0.01750660	0.01692300	0.00058366
338	0.01746820	0.01688450	0.00058374
339	0.01743080	0.01684680	0.00058392
340	0.01739560	0.01681140	0.00058420
341	0.01736280	0.01677820	0.00058458
342	0.01733330	0.01674820	0.00058506
343	0.01730590	0.01672020	0.00058564
344	0.01728060	0.01669430	0.00058629
345	0.01725560	0.01666860	0.00058699
346	0.01723070	0.01664300	0.00058773
347	0.01720430	0.01661580	0.00058845
348	0.01717670	0.01658760	0.00058911
349	0.01714710	0.01655740	0.00058967
350	0.01711640	0.01652630	0.00059005
351	0.01708440	0.01649420	0.00059020
352	0.01705230	0.01646220	0.00059005
353	0.01701970	0.01643020	0.00058956
354	0.01698700	0.01639840	0.00058865
355	0.01695530	0.01636800	0.00058731
356	0.01692440	0.01633900	0.00058548
357	0.01689460	0.01631140	0.00058312
358	0.01686520	0.01628490	0.00058022
359	0.01683660	0.01625990	0.00057674
360	0.01680830	0.01623560	0.00057269
361	0.01678070	0.01621260	0.00056805
362	0.01675430	0.01619150	0.00056283
363	0.01673000	0.01617300	0.00055703
364	0.01670750	0.01615690	0.00055066
365	0.01668660	0.01614290	0.00054376
366	0.01666620	0.01612980	0.00053637
367	0.01664340	0.01611490	0.00052850
368	0.01661870	0.01609830	0.00052031
369	0.01659330	0.01608150	0.00051186
370	0.01656790	0.01606470	0.00050325
371	0.01654330	0.01604870	0.00049461
372	0.01652050	0.01603440	0.00048611
373	0.01649440	0.01601650	0.00047791
374	0.01646150	0.01599130	0.00047020
375	0.01641810	0.01595500	0.00046315
376	0.01636490	0.01590800	0.00045693
377	0.01630850	0.01585680	0.00045169
378	0.01624940	0.01580190	0.00044754
379	0.01619180	0.01574730	0.00044456
380	0.01613520	0.01569250	0.00044273
381	0.01607780	0.01563580	0.00044200
382	0.01601880	0.01557660	0.00044222
383	0.01595910	0.01551590	0.00044312
384	0.01590080	0.01545640	0.00044444
385	0.01584690	0.01540100	0.00044589
386	0.01579790	0.01535070	0.00044721
387	0.01575560	0.01530740	0.00044816
388	0.01572140	0.01527280	0.00044857
389	0.01569370	0.01524540	0.00044829
390	0.01567670	0.01522940	0.00044731
391	0.01566820	0.01522250	0.00044566
392	0.01566520	0.01522170	0.00044344
393	0.01566300	0.01522220	0.00044082
394	0.01565820	0.01522020	0.00043801
395	0.01564480	0.01520950	0.00043526
396	0.01561610	0.01518340	0.00043270
397	0.01556670	0.01513620	0.00043047
398	0.01549150	0.01506290	0.00042858
399	0.01538680	0.01495980	0.00042704
400	0.01525200	0.01482610	0.00042585
401	0.01508830	0.01466330	0.00042497
402	0.01490060	0.01447620	0.00042436
403	0.01469520	0.01427120	0.00042401
404	0.01448010	0.01405620	0.00042392
405	0.01426080	0.01383670	0.00042409
406	0.01404540	0.01362080	0.00042455
407	0.01383820	0.01341290	0.00042534
408	0.01364520	0.01321870	0.00042647
409	0.01347050	0.01304250	0.00042801
410	0.01331550	0.01288550	0.00042998
411	0.01318000	0.01274770	0.00043236
412	0.01306340	0.01262820	0.00043513
413	0.01296600	0.01252780	0.00043821
414	0.01288800	0.01244660	0.00044145
415	0.01282970	0.01238490	0.00044475
416	0.01278980	0.01234180	0.00044799
417	0.01276730	0.01231610	0.00045115
418	0.01275990	0.01230570	0.00045422
419	0.01276630	0.01230910	0.00045719
420	0.01278440	0.01232440	0.00046003
421	0.01281160	0.01234890	0.00046271
422	0.01284640	0.01238120	0.00046521
423	0.01288710	0.01241950	0.00046755
424	0.01293150	0.01246170	0.00046977
425	0.01297690	0.01250510	0.00047190
426	0.01302310	0.01254920	0.00047396
427	0.01306670	0.01259080	0.00047598
428	0.01310750	0.01262950	0.00047800
429	0.01314400	0.01266400	0.00048001
430	0.01317550	0.01269350	0.00048201
431	0.01320110	0.01271710	0.00048399
432	0.01322110	0.01273520	0.00048595
433	0.01323560	0.01274770	0.00048789
434	0.01324470	0.01275490	0.00048978
435	0.01324970	0.01275810	0.00049163
436	0.01325130	0.01275790	0.00049346
437	0.01324930	0.01275410	0.00049526
438	0.01324580	0.01274880	0.00049705
439	0.01324120	0.01274240	0.00049882
440	0.01323600	0.01273540	0.00050058
441	0.01323100	0.01272870	0.00050232
442	0.01322630	0.01272220	0.00050405
443	0.01322260	0.01271680	0.00050574
444	0.01321940	0.01271200	0.00050740
445	0.01321730	0.01270830	0.00050904
446	0.01321560	0.01270490	0.00051066
447	0.01321470	0.01270240	0.00051228
448	0.01321440	0.01270050	0.00051387
449	0.01321520	0.01269980	0.00051544
450	0.01321670	0.01269970	0.00051698
451	0.01322040	0.01270190	0.00051851
452	0.01322520	0.01270520	0.00052000
453	0.01323130	0.01270990	0.00052147
454	0.01323800	0.01271510	0.00052291
455	0.01324560	0.01272130	0.00052430
456	0.01325320	0.01272750	0.00052565
457	0.01326150	0.01273460	0.00052696
458	0.01327000	0.01274170	0.00052822
459	0.01327950	0.01275010	0.00052943
460	0.01328910	0.01275850	0.00053058
461	0.01329900	0.01276730	0.00053168
462	0.01330830	0.01277560	0.00053272
463	0.01331710	0.01278330	0.00053371
464	0.01332490	0.01279030	0.00053464
465	0.01333230	0.01279680	0.00053552
466	0.01333900	0.01280270	0.00053635
467	0.01334540	0.01280830	0.00053712
468	0.01335120	0.01281340	0.00053783
469	0.01335700	0.01281860	0.00053849
470	0.01336190	0.01282280	0.00053911
471	0.01336660	0.01282700	0.00053968
472	0.01337050	0.01283030	0.00054021
473	0.01337430	0.01283360	0.00054070
474	0.01337690	0.01283580	0.00054116
475	0.01337920	0.01283760	0.00054160
476	0.01338020	0.01283810	0.00054200
477	0.01338090	0.01283850	0.00054239
478	0.01338030	0.01283750	0.00054275
479	0.01337960	0.01283660	0.00054309
480	0.01337780	0.01283440	0.00054342
481	0.01337590	0.01283220	0.00054374
482	0.01337270	0.01282870	0.00054405
483	0.01336920	0.01282480	0.00054434
484	0.01336400	0.01281940	0.00054463
485	0.01335830	0.01281340	0.00054491
486	0.01335120	0.01280610	0.00054517
487	0.01334360	0.01279820	0.00054541
488	0.01333480	0.01278920	0.00054564
489	0.01332550	0.01277970	0.00054585
490	0.01331530	0.01276930	0.00054605
491	0.01330470	0.01275850	0.00054622
492	0.01329330	0.01274690	0.00054636
493	0.01328140	0.01273490	0.00054648
494	0.01326870	0.01272210	0.00054656
495	0.01325520	0.01270860	0.00054661
496	0.01324120	0.01269450	0.00054662
497	0.01322660	0.01268000	0.00054660
498	0.01321170	0.01266520	0.00054655
499	0.01319640	0.01265000	0.00054648
500	0.01318080	0.01263440	0.00054638
501	0.01316500	0.01261880	0.00054626
502	0.01314860	0.01260250	0.00054613
503	0.01313150	0.01258560	0.00054598
504	0.01311350	0.01256770	0.00054581
505	0.01309460	0.01254900	0.00054563
506	0.01307470	0.01252920	0.00054544
507	0.01305400	0.01250880	0.00054524
508	0.01303280	0.01248780	0.00054504
509	0.01301140	0.01246660	0.00054483
510	0.01299020	0.01244560	0.00054462
511	0.01296950	0.01242510	0.00054441
512	0.01294920	0.01240500	0.00054420
513	0.01292950	0.01238550	0.00054400
514	0.01291040	0.01236660	0.00054380
515	0.01289190	0.01234830	0.00054362
516	0.01287450	0.01233100	0.00054344
517	0.01285800	0.01231470	0.00054327
518	0.01284280	0.01229970	0.00054310
519	0.01282910	0.01228620	0.00054293
520	0.01281710	0.01227430	0.00054277
521	0.01280650	0.01226390	0.00054259
522	0.01279780	0.01225540	0.00054241
523	0.01279090	0.01224870	0.00054222
524	0.01278580	0.01224380	0.00054200
525	0.01278230	0.01224050	0.00054174
526	0.01278050	0.01223910	0.00054143
527	0.01278040	0.01223930	0.00054107
528	0.01278210	0.01224150	0.00054063
529	0.01278560	0.01224550	0.00054011
530	0.01279120	0.01225170	0.00053948
531	0.01279900	0.01226020	0.00053875
532	0.01280880	0.01227090	0.00053790
533	0.01282090	0.01228400	0.00053691
534	0.01283540	0.01229960	0.00053576
535	0.01285240	0.01231790	0.00053446
536	0.01287200	0.01233910	0.00053296
537	0.01289410	0.01236280	0.00053124
538	0.01291840	0.01238910	0.00052931
539	0.01294480	0.01241770	0.00052712
540	0.01297330	0.01244860	0.00052466
541	0.01300400	0.01248210	0.00052190
542	0.01303680	0.01251800	0.00051882
543	0.01307150	0.01255600	0.00051541
544	0.01310770	0.01259610	0.00051164
545	0.01314550	0.01263800	0.00050753
546	0.01318380	0.01268080	0.00050307
547	0.01322340	0.01272510	0.00049831
548	0.01326320	0.01276990	0.00049331
549	0.01330310	0.01281490	0.00048812
550	0.01334180	0.01285900	0.00048285
551	0.01337920	0.01290160	0.00047760
552	0.01341480	0.01294230	0.00047250
553	0.01344850	0.01298080	0.00046767
554	0.01348190	0.01301860	0.00046323
555	0.01351470	0.01305540	0.00045928
556	0.01354560	0.01308960	0.00045593
557	0.01357460	0.01312140	0.00045324
558	0.01360180	0.01315060	0.00045123
559	0.01362820	0.01317830	0.00044992
560	0.01365400	0.01320470	0.00044928
561	0.01368100	0.01323180	0.00044926
562	0.01371010	0.01326030	0.00044982
563	0.01374270	0.01329170	0.00045095
564	0.01377990	0.01332740	0.00045256
565	0.01382290	0.01336830	0.00045460
566	0.01387150	0.01341450	0.00045702
567	0.01392500	0.01346520	0.00045978
568	0.01398270	0.01351990	0.00046284
569	0.01404470	0.01357860	0.00046618
570	0.01411090	0.01364110	0.00046980
571	0.01418160	0.01370790	0.00047368
572	0.01425710	0.01377930	0.00047782
573	0.01433710	0.01385490	0.00048225
574	0.01442240	0.01393540	0.00048692
575	0.01451310	0.01402120	0.00049183
576	0.01460950	0.01411260	0.00049697
577	0.01471220	0.01420990	0.00050232
578	0.01482280	0.01431500	0.00050781
579	0.01494260	0.01442920	0.00051341
580	0.01507190	0.01455280	0.00051902
581	0.01521010	0.01468550	0.00052455
582	0.01535720	0.01482730	0.00052994
583	0.01551410	0.01497890	0.00053511
584	0.01568250	0.01514240	0.00054009
585	0.01586470	0.01531970	0.00054497
586	0.01605200	0.01550230	0.00054977
587	0.01623520	0.01568060	0.00055459
588	0.01640770	0.01584850	0.00055916
589	0.01656320	0.01599990	0.00056327
590	0.01669560	0.01612910	0.00056651
591	0.01680280	0.01623410	0.00056862
592	0.01688140	0.01631180	0.00056962
593	0.01693520	0.01636540	0.00056975
594	0.01695300	0.01638310	0.00056990
595	0.01693640	0.01636630	0.00057012
596	0.01687870	0.01630890	0.00056987
597	0.01676920	0.01620040	0.00056880
598	0.01660800	0.01604110	0.00056693
599	0.01638630	0.01582210	0.00056427
600	0.01609470	0.01553390	0.00056081
601	0.01572590	0.01516910	0.00055676
602	0.01529230	0.01474040	0.00055188
603	0.01480590	0.01425970	0.00054620
604	0.01429470	0.01375450	0.00054019
605	0.01378720	0.01325430	0.00053284
606	0.01329730	0.01277280	0.00052456
607	0.01283310	0.01231700	0.00051609
608	0.01240100	0.01189320	0.00050776
609	0.01201270	0.01151290	0.00049982
610	0.01167970	0.01118720	0.00049246
611	0.01140780	0.01092190	0.00048589
612	0.01120170	0.01072150	0.00048023
613	0.01105820	0.01058260	0.00047556
614	0.01097160	0.01049970	0.00047186
615	0.01093260	0.01046360	0.00046904
616	0.01092890	0.01046200	0.00046690
617	0.01095140	0.01048610	0.00046538
618	0.01099150	0.01052720	0.00046429
619	0.01104300	0.01057940	0.00046351
620	0.01110090	0.01063790	0.00046298
621	0.01116330	0.01070070	0.00046263
622	0.01122740	0.01076500	0.00046237
623	0.01129140	0.01082920	0.00046212
624	0.01135460	0.01089280	0.00046183
625	0.01141510	0.01095360	0.00046147
626	0.01147230	0.01101120	0.00046107
627	0.01152470	0.01106400	0.00046064
628	0.01157080	0.01111060	0.00046025
629	0.01161060	0.01115070	0.00045995
630	0.01164400	0.01118420	0.00045985
631	0.01167170	0.01121170	0.00046001
632	0.01169460	0.01123410	0.00046050
633	0.01171430	0.01125290	0.00046138
634	0.01173160	0.01126890	0.00046268
635	0.01174590	0.01128150	0.00046442
636	0.01175680	0.01129020	0.00046663
637	0.01176450	0.01129510	0.00046932
638	0.01176670	0.01129420	0.00047247
639	0.01176500	0.01128890	0.00047605
640	0.01176040	0.01128040	0.00048001
641	0.01175520	0.01127100	0.00048426
642	0.01174990	0.01126120	0.00048870
643	0.01174530	0.01125210	0.00049323
644	0.01174090	0.01124320	0.00049774
645	0.01173650	0.01123430	0.00050212
646	0.01173200	0.01122570	0.00050630
647	0.01172720	0.01121700	0.00051018
648	0.01172200	0.01120830	0.00051370
649	0.01171610	0.01119920	0.00051680
650	0.01170910	0.01118970	0.00051946
651	0.01170060	0.01117890	0.00052165
652	0.01169070	0.01116730	0.00052342
653	0.01167900	0.01115430	0.00052478
654	0.01166440	0.01113860	0.00052579
655	0.01164900	0.01112240	0.00052651
656	0.01163530	0.01110820	0.00052704
657	0.01162460	0.01109720	0.00052746
658	0.01161750	0.01108970	0.00052782
659	0.01161350	0.01108530	0.00052819
660	0.01161180	0.01108320	0.00052861
661	0.01161210	0.01108300	0.00052910
662	0.01161400	0.01108430	0.00052970
663	0.01161710	0.01108670	0.00053040
664	0.01162150	0.01109030	0.00053118
665	0.01162660	0.01109460	0.00053205
666	0.01163330	0.01110030	0.00053298
667	0.01164090	0.01110690	0.00053394
668	0.01164930	0.01111440	0.00053492
669	0.01165890	0.01112300	0.00053589
670	0.01166890	0.01113210	0.00053682
671	0.01167870	0.01114100	0.00053771
672	0.01168780	0.01114930	0.00053855
673	0.01169620	0.01115690	0.00053931
674	0.01170410	0.01116410	0.00053998
675	0.01171210	0.01117160	0.00054057
676	0.01172080	0.01117970	0.00054107
677	0.01173030	0.01118880	0.00054148
678	0.01174050	0.01119860	0.00054182
679	0.01175160	0.01120950	0.00054208
680	0.01176310	0.01122080	0.00054227
681	0.01177510	0.01123270	0.00054239
682	0.01178800	0.01124560	0.00054246
683	0.01180180	0.01125930	0.00054247
684	0.01181570	0.01127330	0.00054243
685	0.01182990	0.01128760	0.00054234
686	0.01184420	0.01130200	0.00054221
687	0.01185890	0.01131690	0.00054205
688	0.01187450	0.01133260	0.00054185
689	0.01189100	0.01134940	0.00054162
690	0.01190890	0.01136750	0.00054136
691	0.01192760	0.01138650	0.00054109
692	0.01194760	0.01140680	0.00054080
693	0.01196900	0.01142850	0.00054051
694	0.01199130	0.01145110	0.00054021
695	0.01201490	0.01147500	0.00053992
696	0.01203950	0.01149990	0.00053964
697	0.01206530	0.01152590	0.00053937
698	0.01209180	0.01155270	0.00053913
699	0.01211870	0.01157980	0.00053892
700	0.01214600	0.01160730	0.00053875
701	0.01217380	0.01163520	0.00053862
702	0.01220230	0.01166370	0.00053854
703	0.01223100	0.01169250	0.00053852
704	0.01225970	0.01172110	0.00053855
705	0.01228880	0.01175020	0.00053865
706	0.01231790	0.01177910	0.00053880
707	0.01234800	0.01180900	0.00053902
708	0.01237870	0.01183940	0.00053930
709	0.01241090	0.01187130	0.00053963
710	0.01244450	0.01190450	0.00054002
711	0.01248000	0.01193950	0.00054046
712	0.01251720	0.01197620	0.00054095
713	0.01255640	0.01201490	0.00054148
714	0.01259710	0.01205510	0.00054205
715	0.01263950	0.01209690	0.00054264
716	0.01268310	0.01213980	0.00054325
717	0.01272760	0.01218380	0.00054388
718	0.01277250	0.01222800	0.00054451
719	0.01281780	0.01227270	0.00054514
720	0.01286290	0.01231710	0.00054575
721	0.01290730	0.01236100	0.00054634
722	0.01295100	0.01240410	0.00054689
723	0.01299370	0.01244630	0.00054740
724	0.01303540	0.01248750	0.00054785
725	0.01307560	0.01252730	0.00054824
726	0.01311430	0.01256570	0.00054855
727	0.01315140	0.01260260	0.00054879
728	0.01318670	0.01263780	0.00054893
729	0.01322010	0.01267110	0.00054898
730	0.01325140	0.01270240	0.00054893
731	0.01328100	0.01273220	0.00054877
732	0.01330840	0.01275990	0.00054850
733	0.01333400	0.01278590	0.00054810
734	0.01335770	0.01281010	0.00054758
735	0.01338010	0.01283320	0.00054694
736	0.01340120	0.01285500	0.00054616
737	0.01342170	0.01287650	0.00054525
738	0.01344150	0.01289720	0.00054421
739	0.01346110	0.01291810	0.00054303
740	0.01348010	0.01293840	0.00054172
741	0.01349910	0.01295880	0.00054026
742	0.01351730	0.01297860	0.00053868
743	0.01353520	0.01299820	0.00053695
744	0.01355250	0.01301740	0.00053509
745	0.01356960	0.01303640	0.00053311
746	0.01358620	0.01305520	0.00053100
747	0.01360270	0.01307390	0.00052877
748	0.01361860	0.01309220	0.00052642
749	0.01363440	0.01311050	0.00052395
750	0.01365010	0.01312870	0.00052138
751	0.01366570	0.01314700	0.00051871
752	0.01368120	0.01316530	0.00051596
753	0.01369700	0.01318390	0.00051313
754	0.01371300	0.01320270	0.00051025
755	0.01372920	0.01322190	0.00050732
756	0.01374530	0.01324100	0.00050438
757	0.01376180	0.01326040	0.00050144
758	0.01377780	0.01327930	0.00049854
759	0.01379360	0.01329790	0.00049572
760	0.01380860	0.01331560	0.00049302
761	0.01382310	0.01333260	0.00049048
762	0.01383630	0.01334820	0.00048816
763	0.01384910	0.01336300	0.00048611
764	0.01386070	0.01337630	0.00048438
765	0.01387190	0.01338880	0.00048304
766	0.01388180	0.01339970	0.00048211
767	0.01389080	0.01340910	0.00048164
768	0.01389870	0.01341710	0.00048163
769	0.01390610	0.01342400	0.00048209
770	0.01391390	0.01343090	0.00048304
771	0.01392190	0.01343740	0.00048447
772	0.01393050	0.01344420	0.00048631
773	0.01394100	0.01345250	0.00048853
774	0.01395360	0.01346250	0.00049109
775	0.01396900	0.01347510	0.00049394
776	0.01398720	0.01349010	0.00049702
777	0.01400860	0.01350830	0.00050029
778	0.01403310	0.01352940	0.00050368
779	0.01406160	0.01355450	0.00050715
780	0.01409320	0.01358260	0.00051065
781	0.01412750	0.01361330	0.00051415
782	0.01416380	0.01364620	0.00051764
783	0.01420280	0.01368170	0.00052110
784	0.01424390	0.01371940	0.00052452
785	0.01428780	0.01375990	0.00052788
786	0.01433410	0.01380290	0.00053119
787	0.01438350	0.01384910	0.00053442
788	0.01443560	0.01389800	0.00053754
789	0.01449060	0.01395010	0.00054054
790	0.01454850	0.01400510	0.00054340
791	0.01460890	0.01406280	0.00054611
792	0.01467140	0.01412280	0.00054866
793	0.01473550	0.01418450	0.00055102
794	0.01480080	0.01424760	0.00055322
795	0.01486680	0.01431160	0.00055522
796	0.01493290	0.01437590	0.00055703
797	0.01499850	0.01443990	0.00055865
798	0.01506360	0.01450360	0.00056004
799	0.01512690	0.01456570	0.00056123
800	0.01518660	0.01462440	0.00056220
801	0.01524150	0.01467860	0.00056294
802	0.01528930	0.01472590	0.00056343
803	0.01532850	0.01476490	0.00056365
804	0.01535660	0.01479300	0.00056359
805	0.01537140	0.01480820	0.00056326
806	0.01537050	0.01480790	0.00056262
807	0.01535300	0.01479130	0.00056169
808	0.01531680	0.01475640	0.00056044
809	0.01526140	0.01470250	0.00055889
810	0.01518550	0.01462850	0.00055706
811	0.01508950	0.01453450	0.00055499
812	0.01497560	0.01442290	0.00055274
813	0.01484660	0.01429620	0.00055035
814	0.01470640	0.01415850	0.00054787
815	0.01455940	0.01401400	0.00054535
816	0.01441080	0.01386790	0.00054286
817	0.01426440	0.01372400	0.00054046
818	0.01412480	0.01358660	0.00053818
819	0.01399430	0.01345820	0.00053607
820	0.01387570	0.01334160	0.00053414
821	0.01377180	0.01323940	0.00053243
822	0.01368390	0.01315290	0.00053095
823	0.01361240	0.01308270	0.00052970
824	0.01355660	0.01302790	0.00052869
825	0.01351550	0.01298760	0.00052793
826	0.01348780	0.01296040	0.00052740
827	0.01347270	0.01294550	0.00052714
828	0.01346820	0.01294110	0.00052714
829	0.01347280	0.01294540	0.00052739
830	0.01348430	0.01295640	0.00052784
831	0.01350050	0.01297200	0.00052848
832	0.01352020	0.01299090	0.00052929
833	0.01354160	0.01301140	0.00053023
834	0.01356220	0.01303090	0.00053128
835	0.01358030	0.01304790	0.00053241
836	0.01359400	0.01306040	0.00053359
837	0.01360300	0.01306820	0.00053480
838	0.01360610	0.01307010	0.00053602
839	0.01360200	0.01306480	0.00053724
840	0.01359040	0.01305200	0.00053846
841	0.01357110	0.01303140	0.00053964
842	0.01354420	0.01300340	0.00054079
843	0.01351010	0.01296820	0.00054188
844	0.01346940	0.01292650	0.00054290
845	0.01342290	0.01287900	0.00054387
846	0.01337160	0.01282680	0.00054478
847	0.01331570	0.01277010	0.00054561
848	0.01325650	0.01271020	0.00054635
849	0.01319460	0.01264760	0.00054701
850	0.01313120	0.01258360	0.00054759
851	0.01306660	0.01251860	0.00054808
852	0.01300220	0.01245370	0.00054849
853	0.01293760	0.01238880	0.00054882
854	0.01287360	0.01232450	0.00054906
855	0.01281010	0.01226080	0.00054922
856	0.01274810	0.01219880	0.00054929
857	0.01268740	0.01213820	0.00054927
858	0.01262890	0.01207980	0.00054918
859	0.01257240	0.01202340	0.00054901
860	0.01251870	0.01197000	0.00054877
861	0.01246740	0.01191890	0.00054847
862	0.01241950	0.01187140	0.00054812
863	0.01237470	0.01182700	0.00054773
864	0.01233330	0.01178600	0.00054730
865	0.01229520	0.01174840	0.00054683
866	0.01226080	0.01171440	0.00054633
867	0.01222990	0.01168410	0.00054583
868	0.01220270	0.01165740	0.00054533
869	0.01217890	0.01163410	0.00054484
870	0.01215880	0.01161450	0.00054436
871	0.01214210	0.01159820	0.00054391
872	0.01212910	0.01158560	0.00054348
873	0.01211920	0.01157610	0.00054308
874	0.01211250	0.01156980	0.00054271
875	0.01210870	0.01156630	0.00054237
876	0.01210780	0.01156580	0.00054206
877	0.01211010	0.01156830	0.00054179
878	0.01211570	0.01157410	0.00054156
879	0.01212440	0.01158310	0.00054137
880	0.01213630	0.01159510	0.00054120
881	0.01215080	0.01160970	0.00054106
882	0.01216830	0.01162730	0.00054093
883	0.01218790	0.01164710	0.00054081
884	0.01220860	0.01166790	0.00054070
885	0.01222990	0.01168930	0.00054058
886	0.01225080	0.01171040	0.00054044
887	0.01227130	0.01173100	0.00054026
888	0.01229040	0.01175030	0.00054006
889	0.01230850	0.01176870	0.00053980
890	0.01232580	0.01178630	0.00053948
891	0.01234280	0.01180370	0.00053910
892	0.01235960	0.01182100	0.00053864
893	0.01237640	0.01183840	0.00053809
894	0.01239300	0.01185560	0.00053744
895	0.01240910	0.01187240	0.00053668
896	0.01242430	0.01188850	0.00053581
897	0.01243870	0.01190390	0.00053483
898	0.01245230	0.01191860	0.00053372
899	0.01246490	0.01193240	0.00053249
900	0.01247540	0.01194430	0.00053113
901	0.01248310	0.01195350	0.00052964
902	0.01248750	0.01195940	0.00052804
903	0.01248880	0.01196240	0.00052633
904	0.01248700	0.01196240	0.00052453
905	0.01248340	0.01196070	0.00052266
906	0.01247890	0.01195820	0.00052075
907	0.01247440	0.01195550	0.00051882
908	0.01246940	0.01195250	0.00051689
909	0.01246530	0.01195030	0.00051500
910	0.01246260	0.01194940	0.00051316
911	0.01246160	0.01195020	0.00051139
912	0.01246230	0.01195260	0.00050971
913	0.01246390	0.01195570	0.00050816
914	0.01246450	0.01195780	0.00050675
915	0.01246420	0.01195870	0.00050547
916	0.01246190	0.01195760	0.00050434
917	0.01245780	0.01195440	0.00050340
918	0.01245060	0.01194800	0.00050266
919	0.01244000	0.01193790	0.00050214
920	0.01242520	0.01192340	0.00050186
921	0.01240500	0.01190320	0.00050183
922	0.01237870	0.01187670	0.00050204
923	0.01234650	0.01184400	0.00050248
924	0.01230930	0.01180610	0.00050316
925	0.01226820	0.01176420	0.00050404
926	0.01222530	0.01172020	0.00050509
927	0.01218310	0.01167680	0.00050629
928	0.01214450	0.01163690	0.00050760
929	0.01211320	0.01160430	0.00050898
930	0.01208950	0.01157920	0.00051040
931	0.01207390	0.01156200	0.00051182
932	0.01206660	0.01155340	0.00051321
933	0.01206660	0.01155210	0.00051451
934	0.01207250	0.01155680	0.00051571
935	0.01208140	0.01156460	0.00051677
936	0.01209270	0.01157500	0.00051767
937	0.01210560	0.01158720	0.00051837
938	0.01212090	0.01160200	0.00051888
939	0.01213680	0.01161760	0.00051919
940	0.01215320	0.01163390	0.00051931
941	0.01216820	0.01164900	0.00051925
942	0.01218140	0.01166240	0.00051902
943	0.01219090	0.01167230	0.00051865
944	0.01219630	0.01167820	0.00051814
945	0.01219680	0.01167930	0.00051751
946	0.01219280	0.01167610	0.00051677
947	0.01218430	0.01166840	0.00051594
948	0.01217220	0.01165720	0.00051503
949	0.01215710	0.01164300	0.00051406
950	0.01214010	0.01162700	0.00051304
951	0.01212150	0.01160950	0.00051197
952	0.01210190	0.01159100	0.00051088
953	0.01208080	0.01157100	0.00050976
954	0.01205860	0.01155000	0.00050863
955	0.01203530	0.01152780	0.00050747
956	0.01201140	0.01150500	0.00050631
957	0.01198690	0.01148180	0.00050512
958	0.01196230	0.01145840	0.00050392
959	0.01193770	0.01143500	0.00050268
960	0.01191300	0.01141160	0.00050142
961	0.01188860	0.01138850	0.00050014
962	0.01186490	0.01136610	0.00049882
963	0.01184190	0.01134450	0.00049748
964	0.01182010	0.01132400	0.00049609
965	0.01179940	0.01130470	0.00049466
966	0.01177970	0.01128650	0.00049318
967	0.01176080	0.01126910	0.00049165
968	0.01174260	0.01125260	0.00049005
969	0.01172500	0.01123660	0.00048840
970	0.01170780	0.01122110	0.00048667
971	0.01169070	0.01120590	0.00048487
972	0.01167400	0.01119100	0.00048298
973	0.01165760	0.01117660	0.00048101
974	0.01164180	0.01116280	0.00047894
975	0.01162650	0.01114970	0.00047677
976	0.01161210	0.01113760	0.00047450
977	0.01159880	0.01112670	0.00047212
978	0.01158690	0.01111730	0.00046963
979	0.01157650	0.01110940	0.00046703
980	0.01156750	0.01110320	0.00046432
981	0.01156050	0.01109910	0.00046148
982	0.01155540	0.01109690	0.00045852
983	0.01155260	0.01109710	0.00045543
984	0.01155210	0.01109980	0.00045223
985	0.01155440	0.01110550	0.00044890
986	0.01155920	0.01111370	0.00044546
987	0.01156700	0.01112510	0.00044191
988	0.01157750	0.01113920	0.00043824
989	0.01159090	0.01115650	0.00043448
990	0.01160710	0.01117650	0.00043064
991	0.01162580	0.01119910	0.00042671
992	0.01164700	0.01122420	0.00042273
993	0.01167040	0.01125170	0.00041870
994	0.01169580	0.01128120	0.00041465
995	0.01172340	0.01131280	0.00041061
996	0.01175220	0.01134560	0.00040662
997	0.01178210	0.01137940	0.00040271
998	0.01181250	0.01141360	0.00039894
999	0.01184320	0.01144780	0.00039537
1000	0.01187300	0.01148090	0.00039206
1001	0.01190180	0.01151270	0.00038910
1002	0.01192910	0.01154260	0.00038656
1003	0.01195520	0.01157060	0.00038457
1004	0.01197930	0.01159600	0.00038322
1005	0.01200160	0.01161900	0.00038259
1006	0.01202180	0.01163900	0.00038279
1007	0.01204040	0.01165660	0.00038387
1008	0.01205730	0.01167150	0.00038583
1009	0.01207390	0.01168530	0.00038861
1010	0.01208860	0.01169640	0.00039225
1011	0.01210320	0.01170660	0.00039656
1012	0.01211760	0.01171610	0.00040149
1013	0.01213360	0.01172670	0.00040693
1014	0.01215230	0.01173950	0.00041275
1015	0.01217480	0.01175600	0.00041880
1016	0.01220160	0.01177670	0.00042493
1017	0.01223300	0.01180210	0.00043097
1018	0.01226860	0.01183190	0.00043675
1019	0.01230930	0.01186710	0.00044219
1020	0.01235530	0.01190810	0.00044720
1021	0.01240680	0.01195500	0.00045175
1022	0.01246000	0.01200420	0.00045583
1023	0.01251720	0.01205780	0.00045945
1024	0.01257380	0.01211110	0.00046261
1025	0.01263020	0.01216480	0.00046541
1026	0.01268580	0.01221800	0.00046789
1027	0.01274050	0.01227030	0.00047012
1028	0.01279310	0.01232090	0.00047219
1029	0.01284270	0.01236850	0.00047415
1030	0.01288990	0.01241380	0.00047607
1031	0.01293460	0.01245660	0.00047796
1032	0.01297490	0.01249500	0.00047988
1033	0.01301270	0.01253090	0.00048184
1034	0.01304900	0.01256520	0.00048384
1035	0.01308580	0.01259990	0.00048588
1036	0.01312310	0.01263510	0.00048796
1037	0.01316060	0.01267060	0.00049005
1038	0.01319730	0.01270510	0.00049216
1039	0.01323250	0.01273830	0.00049426
1040	0.01326610	0.01276970	0.00049634
1041	0.01329810	0.01279970	0.00049840
1042	0.01332910	0.01282860	0.00050042
1043	0.01335900	0.01285660	0.00050241
1044	0.01338790	0.01288360	0.00050435
1045	0.01341600	0.01290970	0.00050623
1046	0.01344310	0.01293510	0.00050806
1047	0.01346960	0.01295980	0.00050982
1048	0.01349620	0.01298470	0.00051152
1049	0.01352350	0.01301040	0.00051315
1050	0.01355240	0.01303770	0.00051471
1051	0.01358320	0.01306700	0.00051619
1052	0.01361650	0.01309890	0.00051761
1053	0.01365260	0.01313360	0.00051894
1054	0.01369130	0.01317110	0.00052020
1055	0.01373320	0.01321180	0.00052137
1056	0.01377860	0.01325610	0.00052247
1057	0.01382730	0.01330380	0.00052350
1058	0.01387880	0.01335440	0.00052445
1059	0.01393270	0.01340740	0.00052533
1060	0.01398850	0.01346230	0.00052614
1061	0.01404530	0.01351840	0.00052688
1062	0.01410260	0.01357500	0.00052756
1063	0.01416010	0.01363190	0.00052817
1064	0.01421740	0.01368870	0.00052871
1065	0.01427440	0.01374520	0.00052920
1066	0.01433090	0.01380130	0.00052964
1067	0.01438720	0.01385720	0.00053002
1068	0.01444300	0.01391260	0.00053036
1069	0.01449790	0.01396720	0.00053066
1070	0.01455150	0.01402060	0.00053092
1071	0.01460350	0.01407240	0.00053115
1072	0.01465370	0.01412240	0.00053135
1073	0.01470190	0.01417040	0.00053153
1074	0.01474750	0.01421580	0.00053168
1075	0.01479030	0.01425850	0.00053180
1076	0.01483000	0.01429810	0.00053190
1077	0.01486650	0.01433450	0.00053199
1078	0.01489920	0.01436720	0.00053205
1079	0.01492830	0.01439630	0.00053210
1080	0.01495350	0.01442140	0.00053213
1081	0.01497450	0.01444230	0.00053214
1082	0.01499110	0.01445890	0.00053214
1083	0.01500350	0.01447140	0.00053212
1084	0.01501140	0.01447930	0.00053210
1085	0.01501490	0.01448280	0.00053208
1086	0.01501420	0.01448220	0.00053205
1087	0.01500970	0.01447760	0.00053202
1088	0.01500140	0.01446940	0.00053200
1089	0.01499020	0.01445820	0.00053200
1090	0.01497590	0.01444390	0.00053201
1091	0.01495860	0.01442660	0.00053204
1092	0.01493820	0.01440610	0.00053210
1093	0.01491490	0.01438270	0.00053219
1094	0.01488930	0.01435700	0.00053231
1095	0.01486230	0.01432980	0.00053247
1096	0.01483430	0.01430160	0.00053268
1097	0.01480560	0.01427270	0.00053294
1098	0.01477680	0.01424360	0.00053325
1099	0.01474890	0.01421520	0.00053364
1100	0.01472240	0.01418830	0.00053409
1101	0.01469810	0.01416350	0.00053462
1102	0.01467620	0.01414100	0.00053524
1103	0.01465710	0.01412120	0.00053594
1104	0.01464100	0.01410430	0.00053673
1105	0.01462810	0.01409050	0.00053760
1106	0.01461840	0.01407980	0.00053857
1107	0.01461210	0.01407250	0.00053962
1108	0.01460900	0.01406820	0.00054074
1109	0.01460880	0.01406680	0.00054194
1110	0.01461080	0.01406760	0.00054321
1111	0.01461480	0.01407020	0.00054454
1112	0.01462000	0.01407400	0.00054592
1113	0.01462600	0.01407860	0.00054734
1114	0.01463200	0.01408320	0.00054879
1115	0.01463760	0.01408730	0.00055026
1116	0.01464250	0.01409080	0.00055174
1117	0.01464670	0.01409350	0.00055322
1118	0.01465000	0.01409530	0.00055469
1119	0.01465180	0.01409570	0.00055613
1120	0.01465140	0.01409390	0.00055754
1121	0.01464890	0.01409000	0.00055890
1122	0.01464340	0.01408320	0.00056021
1123	0.01463440	0.01407290	0.00056146
1124	0.01462140	0.01405870	0.00056263
1125	0.01460410	0.01404040	0.00056372
1126	0.01458250	0.01401780	0.00056472
1127	0.01455690	0.01399130	0.00056563
1128	0.01452760	0.01396120	0.00056644
1129	0.01449530	0.01392820	0.00056715
1130	0.01446080	0.01389300	0.00056775
1131	0.01442430	0.01385610	0.00056825
1132	0.01438690	0.01381820	0.00056865
1133	0.01434880	0.01377990	0.00056895
1134	0.01431030	0.01374110	0.00056916
1135	0.01427110	0.01370180	0.00056928
1136	0.01423140	0.01366200	0.00056931
1137	0.01419100	0.01362170	0.00056927
1138	0.01415030	0.01358110	0.00056915
1139	0.01411000	0.01354100	0.00056897
1140	0.01407080	0.01350210	0.00056874
1141	0.01403350	0.01346500	0.00056846
1142	0.01399840	0.01343030	0.00056815
1143	0.01396560	0.01339780	0.00056782
1144	0.01393560	0.01336810	0.00056747
1145	0.01390790	0.01334080	0.00056712
1146	0.01388270	0.01331600	0.00056677
1147	0.01386040	0.01329400	0.00056643
1148	0.01384030	0.01327420	0.00056611
1149	0.01382230	0.01325650	0.00056581
1150	0.01380610	0.01324050	0.00056554
1151	0.01379120	0.01322590	0.00056530
1152	0.01377740	0.01321240	0.00056508
1153	0.01376380	0.01319890	0.00056490
1154	0.01375040	0.01318560	0.00056474
1155	0.01373680	0.01317220	0.00056461
1156	0.01372240	0.01315790	0.00056449
1157	0.01370750	0.01314310	0.00056439
1158	0.01369230	0.01312800	0.00056430
1159	0.01367700	0.01311280	0.00056421
1160	0.01366160	0.01309750	0.00056412
1161	0.01364570	0.01308170	0.00056403
1162	0.01362930	0.01306540	0.00056393
1163	0.01361250	0.01304860	0.00056381
1164	0.01359530	0.01303160	0.00056366
1165	0.01357780	0.01301430	0.00056350
1166	0.01356040	0.01299710	0.00056329
1167	0.01354280	0.01297970	0.00056305
1168	0.01352490	0.01296210	0.00056276
1169	0.01350650	0.01294410	0.00056241
1170	0.01348780	0.01292580	0.00056200
1171	0.01346890	0.01290740	0.00056151
1172	0.01344990	0.01288890	0.00056095
1173	0.01343060	0.01287030	0.00056030
1174	0.01341070	0.01285110	0.00055956
1175	0.01339010	0.01283130	0.00055873
1176	0.01336860	0.01281080	0.00055780
1177	0.01334610	0.01278930	0.00055677
1178	0.01332300	0.01276740	0.00055565
1179	0.01329930	0.01274490	0.00055444
1180	0.01327500	0.01272180	0.00055312
1181	0.01324930	0.01269760	0.00055171
1182	0.01322210	0.01267190	0.00055020
1183	0.01319320	0.01264460	0.00054858
1184	0.01316250	0.01261560	0.00054689
1185	0.01313060	0.01258550	0.00054510
1186	0.01309760	0.01255440	0.00054321
1187	0.01306400	0.01252280	0.00054123
1188	0.01303020	0.01249100	0.00053916
1189	0.01299640	0.01245940	0.00053699
1190	0.01296270	0.01242800	0.00053474
1191	0.01292870	0.01239630	0.00053241
1192	0.01289390	0.01236390	0.00053000
1193	0.01285780	0.01233030	0.00052752
1194	0.01282100	0.01229600	0.00052496
1195	0.01278370	0.01226140	0.00052233
1196	0.01274690	0.01222730	0.00051963
1197	0.01271120	0.01219440	0.00051686
1198	0.01267670	0.01216270	0.00051398
1199	0.01264360	0.01213250	0.00051108
1200	0.01261200	0.01210400	0.00050808
1201	0.01258200	0.01207700	0.00050501
1202	0.01255360	0.01205170	0.00050188
1203	0.01252690	0.01202830	0.00049867
1204	0.01250210	0.01200670	0.00049538
1205	0.01247910	0.01198710	0.00049201
1206	0.01245840	0.01196980	0.00048858
1207	0.01244040	0.01195530	0.00048506
1208	0.01242560	0.01194410	0.00048147
1209	0.01241350	0.01193570	0.00047777
1210	0.01240350	0.01192950	0.00047398
1211	0.01239570	0.01192570	0.00047008
1212	0.01239010	0.01192400	0.00046608
1213	0.01238730	0.01192540	0.00046196
1214	0.01238780	0.01193010	0.00045773
1215	0.01239220	0.01193890	0.00045337
1216	0.01240070	0.01195180	0.00044888
1217	0.01241350	0.01196930	0.00044423
1218	0.01243010	0.01199070	0.00043943
1219	0.01245080	0.01201630	0.00043445
1220	0.01247460	0.01204540	0.00042927
1221	0.01250170	0.01207790	0.00042385
1222	0.01253160	0.01211340	0.00041816
1223	0.01256410	0.01215190	0.00041216
1224	0.01259830	0.01219250	0.00040582
1225	0.01263340	0.01223430	0.00039911
1226	0.01266760	0.01227550	0.00039202
1227	0.01269950	0.01231490	0.00038460
1228	0.01272760	0.01235070	0.00037694
1229	0.01275100	0.01238180	0.00036923
1230	0.01276900	0.01240730	0.00036167
1231	0.01278190	0.01242740	0.00035449
1232	0.01278690	0.01243900	0.00034789
1233	0.01278550	0.01244350	0.00034203
1234	0.01277840	0.01244140	0.00033695
1235	0.01276820	0.01243560	0.00033258
1236	0.01275760	0.01242870	0.00032889
1237	0.01274820	0.01242240	0.00032583
1238	0.01274150	0.01241810	0.00032343
1239	0.01273840	0.01241670	0.00032173
1240	0.01273940	0.01241860	0.00032075
1241	0.01274430	0.01242380	0.00032048
1242	0.01275240	0.01243170	0.00032079
1243	0.01276350	0.01244180	0.00032171
1244	0.01277590	0.01245270	0.00032314
1245	0.01278630	0.01246130	0.00032498
1246	0.01279250	0.01246540	0.00032712
1247	0.01279350	0.01246410	0.00032942
1248	0.01278290	0.01245120	0.00033175
1249	0.01275610	0.01242210	0.00033399
1250	0.01271090	0.01237480	0.00033610
1251	0.01264710	0.01230900	0.00033808
1252	0.01256750	0.01222750	0.00033999
1253	0.01247510	0.01213320	0.00034190
1254	0.01237770	0.01203380	0.00034395
1255	0.01228430	0.01193800	0.00034628
1256	0.01220110	0.01185210	0.00034902
1257	0.01213310	0.01178080	0.00035234
1258	0.01208420	0.01172800	0.00035628
1259	0.01205690	0.01169600	0.00036093
1260	0.01205370	0.01168740	0.00036628
1261	0.01207510	0.01170280	0.00037230
1262	0.01211570	0.01173680	0.00037885
1263	0.01217530	0.01178950	0.00038578
1264	0.01225390	0.01186100	0.00039293
1265	0.01234870	0.01194860	0.00040007
1266	0.01245600	0.01204890	0.00040703
1267	0.01257230	0.01215860	0.00041365
1268	0.01269560	0.01227580	0.00041982
1269	0.01282190	0.01239650	0.00042547
1270	0.01294710	0.01251650	0.00043056
1271	0.01306800	0.01263290	0.00043509
1272	0.01318280	0.01274370	0.00043906
1273	0.01329020	0.01284770	0.00044249
1274	0.01338900	0.01294360	0.00044541
1275	0.01347830	0.01303040	0.00044785
1276	0.01355720	0.01310740	0.00044985
1277	0.01362500	0.01317360	0.00045143
1278	0.01368130	0.01322870	0.00045265
1279	0.01372590	0.01327240	0.00045355
1280	0.01375800	0.01330380	0.00045416
1281	0.01377740	0.01332300	0.00045448
1282	0.01378460	0.01333010	0.00045454
1283	0.01377980	0.01332540	0.00045440
1284	0.01376410	0.01330990	0.00045412
1285	0.01373830	0.01328450	0.00045381
1286	0.01370340	0.01324980	0.00045359
1287	0.01365960	0.01320610	0.00045356
1288	0.01360850	0.01315470	0.00045382
1289	0.01355090	0.01309640	0.00045445
1290	0.01348820	0.01303270	0.00045553
1291	0.01342180	0.01296470	0.00045710
1292	0.01335400	0.01289480	0.00045915
1293	0.01328670	0.01282510	0.00046163
1294	0.01322220	0.01275770	0.00046446
1295	0.01316240	0.01269480	0.00046759
1296	0.01310850	0.01263750	0.00047096
1297	0.01306070	0.01258620	0.00047449
1298	0.01301840	0.01254030	0.00047810
1299	0.01298110	0.01249940	0.00048172
1300	0.01294720	0.01246180	0.00048532
1301	0.01291620	0.01242740	0.00048886
1302	0.01288630	0.01239400	0.00049230
1303	0.01285660	0.01236100	0.00049559
1304	0.01282710	0.01232840	0.00049871
1305	0.01279960	0.01229800	0.00050163
1306	0.01277360	0.01226930	0.00050434
1307	0.01275020	0.01224330	0.00050686
1308	0.01272880	0.01221960	0.00050917
1309	0.01271010	0.01219890	0.00051129
1310	0.01269330	0.01218010	0.00051322
1311	0.01267870	0.01216370	0.00051498
1312	0.01266550	0.01214890	0.00051659
1313	0.01265410	0.01213610	0.00051806
1314	0.01264440	0.01212500	0.00051942
1315	0.01263590	0.01211520	0.00052069
1316	0.01262770	0.01210590	0.00052187
1317	0.01261880	0.01209590	0.00052298
1318	0.01260950	0.01208550	0.00052402
1319	0.01259960	0.01207460	0.00052501
1320	0.01258990	0.01206400	0.00052596
1321	0.01258030	0.01205340	0.00052687
1322	0.01257290	0.01204510	0.00052776
1323	0.01256680	0.01203820	0.00052861
1324	0.01256150	0.01203210	0.00052944
1325	0.01255680	0.01202650	0.00053025
1326	0.01255310	0.01202210	0.00053103
1327	0.01255140	0.01201960	0.00053180
1328	0.01255210	0.01201950	0.00053256
1329	0.01255530	0.01202200	0.00053331
1330	0.01256140	0.01202740	0.00053405
1331	0.01257060	0.01203580	0.00053480
1332	0.01258280	0.01204720	0.00053556
1333	0.01259810	0.01206180	0.00053633
1334	0.01261620	0.01207910	0.00053710
1335	0.01263670	0.01209880	0.00053787
1336	0.01265930	0.01212060	0.00053867
1337	0.01268380	0.01214440	0.00053948
1338	0.01271060	0.01217030	0.00054030
1339	0.01273920	0.01219800	0.00054113
1340	0.01277030	0.01222830	0.00054198
1341	0.01280490	0.01226210	0.00054284
1342	0.01284350	0.01229980	0.00054373
1343	0.01288620	0.01234150	0.00054465
1344	0.01293220	0.01238660	0.00054559
1345	0.01298110	0.01243450	0.00054657
1346	0.01303260	0.01248500	0.00054757
1347	0.01308680	0.01253820	0.00054859
1348	0.01314300	0.01259340	0.00054962
1349	0.01320170	0.01265100	0.00055066
1350	0.01326220	0.01271050	0.00055171
1351	0.01332500	0.01277220	0.00055276
1352	0.01338950	0.01283570	0.00055379
1353	0.01345520	0.01290040	0.00055481
1354	0.01352070	0.01296490	0.00055579
1355	0.01358470	0.01302800	0.00055675
1356	0.01364610	0.01308840	0.00055766
1357	0.01370350	0.01314490	0.00055852
1358	0.01375630	0.01319700	0.00055932
1359	0.01380310	0.01324310	0.00056004
1360	0.01384460	0.01328400	0.00056067
1361	0.01388080	0.01331960	0.00056122
1362	0.01391310	0.01335140	0.00056166
1363	0.01394110	0.01337910	0.00056200
1364	0.01396620	0.01340400	0.00056222
1365	0.01398750	0.01342520	0.00056233
1366	0.01400480	0.01344250	0.00056231
1367	0.01401690	0.01345480	0.00056216
1368	0.01402400	0.01346210	0.00056189
1369	0.01402510	0.01346370	0.00056149
1370	0.01402140	0.01346050	0.00056095
1371	0.01401260	0.01345230	0.00056029
1372	0.01400010	0.01344060	0.00055949
1373	0.01398420	0.01342570	0.00055857
1374	0.01396610	0.01340860	0.00055752
1375	0.01394670	0.01339030	0.00055636
1376	0.01392630	0.01337130	0.00055509
1377	0.01390570	0.01335200	0.00055371
1378	0.01388520	0.01333290	0.00055223
1379	0.01386520	0.01331460	0.00055065
1380	0.01384590	0.01329690	0.00054898
1381	0.01382850	0.01328130	0.00054722
1382	0.01381290	0.01326750	0.00054538
1383	0.01379980	0.01325640	0.00054346
1384	0.01378890	0.01324740	0.00054146
1385	0.01378080	0.01324140	0.00053939
1386	0.01377440	0.01323720	0.00053723
1387	0.01377030	0.01323530	0.00053500
1388	0.01376730	0.01323460	0.00053269
1389	0.01376530	0.01323500	0.00053030
1390	0.01376300	0.01323520	0.00052782
1391	0.01376080	0.01323560	0.00052525
1392	0.01375840	0.01323580	0.00052258
1393	0.01375610	0.01323630	0.00051981
1394	0.01375330	0.01323640	0.00051692
1395	0.01374970	0.01323580	0.00051390
1396	0.01374430	0.01323350	0.00051074
1397	0.01373630	0.01322890	0.00050743
1398	0.01372530	0.01322140	0.00050394
1399	0.01371200	0.01321170	0.00050028
1400	0.01369630	0.01319990	0.00049642
1401	0.01367820	0.01318580	0.00049237
1402	0.01365780	0.01316970	0.00048810
1403	0.01363560	0.01315200	0.00048360
1404	0.01361270	0.01313390	0.00047885
1405	0.01359000	0.01311610	0.00047381
1406	0.01356830	0.01309990	0.00046847
1407	0.01354830	0.01308550	0.00046280
1408	0.01353050	0.01307370	0.00045682
1409	0.01351490	0.01306440	0.00045054
1410	0.01350150	0.01305760	0.00044396
1411	0.01348960	0.01305250	0.00043710
1412	0.01347920	0.01304920	0.00042998
1413	0.01346780	0.01304520	0.00042262
1414	0.01345290	0.01303780	0.00041508
1415	0.01343270	0.01302520	0.00040743
1416	0.01340680	0.01300710	0.00039976
1417	0.01337570	0.01298360	0.00039217
1418	0.01333870	0.01295390	0.00038481
1419	0.01329490	0.01291710	0.00037782
1420	0.01324580	0.01287450	0.00037134
1421	0.01319130	0.01282580	0.00036553
1422	0.01313530	0.01277490	0.00036047
1423	0.01307880	0.01272270	0.00035616
1424	0.01302470	0.01267220	0.00035250
1425	0.01297410	0.01262480	0.00034931
1426	0.01292760	0.01258110	0.00034647
1427	0.01288580	0.01254210	0.00034374
1428	0.01284770	0.01250680	0.00034093
1429	0.01281070	0.01247270	0.00033798
1430	0.01277020	0.01243540	0.00033480
1431	0.01272300	0.01239160	0.00033138
1432	0.01267070	0.01234290	0.00032775
1433	0.01260810	0.01228400	0.00032409
1434	0.01253030	0.01220980	0.00032058
1435	0.01243410	0.01211660	0.00031745
1436	0.01231700	0.01200220	0.00031483
1437	0.01218000	0.01186710	0.00031293
1438	0.01202600	0.01171410	0.00031189
1439	0.01186100	0.01154920	0.00031183
1440	0.01169620	0.01138330	0.00031290
1441	0.01154280	0.01122760	0.00031519
1442	0.01141030	0.01109160	0.00031872
1443	0.01130600	0.01098250	0.00032355
1444	0.01123480	0.01090520	0.00032956
1445	0.01119920	0.01086260	0.00033663
1446	0.01119840	0.01085380	0.00034458
1447	0.01122760	0.01087440	0.00035316
1448	0.01128050	0.01091840	0.00036214
1449	0.01135310	0.01098170	0.00037130
1450	0.01143980	0.01105940	0.00038039
1451	0.01153580	0.01114660	0.00038919
1452	0.01163610	0.01123860	0.00039747
1453	0.01173770	0.01133260	0.00040514
1454	0.01183850	0.01142640	0.00041212
1455	0.01193580	0.01151730	0.00041844
1456	0.01202760	0.01160350	0.00042409
1457	0.01211220	0.01168300	0.00042914
1458	0.01219000	0.01175640	0.00043366
1459	0.01226200	0.01182430	0.00043769
1460	0.01232910	0.01188780	0.00044129
1461	0.01239250	0.01194800	0.00044453
1462	0.01245430	0.01200680	0.00044750
1463	0.01251610	0.01206580	0.00045024
1464	0.01257840	0.01212560	0.00045282
1465	0.01264180	0.01218660	0.00045525
1466	0.01270620	0.01224860	0.00045757
1467	0.01277170	0.01231190	0.00045982
1468	0.01283750	0.01237550	0.00046200
1469	0.01290240	0.01243830	0.00046414
1470	0.01296570	0.01249950	0.00046624
1471	0.01302750	0.01255920	0.00046830
1472	0.01308580	0.01261540	0.00047033
1473	0.01313980	0.01266750	0.00047234
1474	0.01318780	0.01271350	0.00047432
1475	0.01322990	0.01275370	0.00047626
1476	0.01326410	0.01278590	0.00047817
1477	0.01329120	0.01281120	0.00048003
1478	0.01331050	0.01282870	0.00048186
1479	0.01332380	0.01284020	0.00048366
1480	0.01333010	0.01284460	0.00048542
1481	0.01333050	0.01284340	0.00048716
1482	0.01332550	0.01283660	0.00048889
1483	0.01331680	0.01282620	0.00049061
1484	0.01330560	0.01281320	0.00049233
1485	0.01329360	0.01279950	0.00049407
1486	0.01328200	0.01278620	0.00049582
1487	0.01327240	0.01277480	0.00049759
1488	0.01326540	0.01276600	0.00049938
1489	0.01326190	0.01276070	0.00050119
1490	0.01326240	0.01275940	0.00050301
1491	0.01326710	0.01276230	0.00050482
1492	0.01327550	0.01276890	0.00050661
1493	0.01328690	0.01277850	0.00050835
1494	0.01330040	0.01279030	0.00051006
1495	0.01331520	0.01280350	0.00051170
1496	0.01333080	0.01281750	0.00051329
1497	0.01334710	0.01283220	0.00051484
1498	0.01336350	0.01284720	0.00051633
1499	0.01338060	0.01286280	0.00051779
1500	0.01339820	0.01287900	0.00051920
1501	0.01341650	0.01289590	0.00052059
1502	0.01343560	0.01291360	0.00052195
1503	0.01345570	0.01293240	0.00052330
1504	0.01347610	0.01295140	0.00052464
1505	0.01349640	0.01297040	0.00052598
1506	0.01351620	0.01298880	0.00052732
1507	0.01353470	0.01300600	0.00052866
1508	0.01355050	0.01302060	0.00052999
1509	0.01356400	0.01303270	0.00053132
1510	0.01357420	0.01304160	0.00053264
1511	0.01358170	0.01304770	0.00053394
1512	0.01358660	0.01305140	0.00053520
1513	0.01358990	0.01305340	0.00053645
1514	0.01359210	0.01305450	0.00053766
1515	0.01359430	0.01305540	0.00053884
1516	0.01359630	0.01305640	0.00053998
1517	0.01359850	0.01305740	0.00054109
1518	0.01360050	0.01305840	0.00054216
1519	0.01360210	0.01305900	0.00054319
1520	0.01360310	0.01305890	0.00054418
1521	0.01360320	0.01305810	0.00054514
1522	0.01360250	0.01305640	0.00054606
1523	0.01360080	0.01305380	0.00054695
1524	0.01359850	0.01305070	0.00054779
1525	0.01359620	0.01304760	0.00054860
1526	0.01359470	0.01304530	0.00054937
1527	0.01359400	0.01304390	0.00055011
1528	0.01359450	0.01304370	0.00055081
1529	0.01359610	0.01304460	0.00055148
1530	0.01359940	0.01304720	0.00055211
1531	0.01360440	0.01305170	0.00055271
1532	0.01361090	0.01305760	0.00055329
1533	0.01361870	0.01306490	0.00055384
1534	0.01362790	0.01307360	0.00055437
1535	0.01363840	0.01308350	0.00055488
1536	0.01365020	0.01309480	0.00055537
1537	0.01366360	0.01310780	0.00055585
1538	0.01367910	0.01312280	0.00055632
1539	0.01369710	0.01314030	0.00055678
1540	0.01371770	0.01316050	0.00055722
1541	0.01374100	0.01318330	0.00055767
1542	0.01376710	0.01320890	0.00055811
1543	0.01379590	0.01323730	0.00055857
1544	0.01382740	0.01326830	0.00055903
1545	0.01386150	0.01330200	0.00055950
1546	0.01389810	0.01333810	0.00055999
1547	0.01393670	0.01337620	0.00056049
1548	0.01397700	0.01341600	0.00056100
1549	0.01401850	0.01345700	0.00056152
1550	0.01406120	0.01349910	0.00056204
1551	0.01410440	0.01354190	0.00056256
1552	0.01414850	0.01358540	0.00056308
1553	0.01419280	0.01362930	0.00056359
1554	0.01423740	0.01367330	0.00056410
1555	0.01428120	0.01371660	0.00056459
1556	0.01432400	0.01375890	0.00056507
1557	0.01436500	0.01379950	0.00056552
1558	0.01440390	0.01383800	0.00056595
1559	0.01444030	0.01387390	0.00056635
1560	0.01447400	0.01390730	0.00056671
1561	0.01450470	0.01393770	0.00056703
1562	0.01453230	0.01396490	0.00056731
1563	0.01455610	0.01398860	0.00056754
1564	0.01457610	0.01400840	0.00056771
1565	0.01459130	0.01402340	0.00056784
1566	0.01460200	0.01403410	0.00056790
1567	0.01460790	0.01404000	0.00056790
1568	0.01461010	0.01404230	0.00056785
1569	0.01460810	0.01404030	0.00056774
1570	0.01460250	0.01403500	0.00056757
1571	0.01459330	0.01402600	0.00056734
1572	0.01458160	0.01401460	0.00056706
1573	0.01456720	0.01400050	0.00056673
1574	0.01455110	0.01398480	0.00056634
1575	0.01453330	0.01396740	0.00056591
1576	0.01451460	0.01394920	0.00056543
1577	0.01449540	0.01393050	0.00056490
1578	0.01447570	0.01391140	0.00056433
1579	0.01445560	0.01389190	0.00056371
1580	0.01443460	0.01387160	0.00056303
1581	0.01441280	0.01385050	0.00056229
1582	0.01438990	0.01382840	0.00056149
1583	0.01436700	0.01380640	0.00056061
1584	0.01434380	0.01378420	0.00055964
1585	0.01432090	0.01376240	0.00055859
1586	0.01429840	0.01374100	0.00055742
1587	0.01427640	0.01372030	0.00055613
1588	0.01425490	0.01370020	0.00055472
1589	0.01423330	0.01368010	0.00055317
1590	0.01421060	0.01365910	0.00055149
1591	0.01418660	0.01363700	0.00054969
1592	0.01416120	0.01361340	0.00054779
1593	0.01413450	0.01358870	0.00054578
1594	0.01410670	0.01356300	0.00054368
1595	0.01407740	0.01353590	0.00054150
1596	0.01404650	0.01350730	0.00053923
1597	0.01401360	0.01347670	0.00053688
1598	0.01397950	0.01344510	0.00053445
1599	0.01394370	0.01341180	0.00053193
1600	0.01390630	0.01337700	0.00052933
1601	0.01386700	0.01334030	0.00052663
1602	0.01382650	0.01330270	0.00052381
1603	0.01378540	0.01326450	0.00052086
1604	0.01374510	0.01322730	0.00051777
1605	0.01370510	0.01319050	0.00051454
1606	0.01366580	0.01315460	0.00051116
1607	0.01362660	0.01311900	0.00050760
1608	0.01358810	0.01308420	0.00050389
1609	0.01355050	0.01305050	0.00050002
1610	0.01351470	0.01301880	0.00049599
1611	0.01348080	0.01298900	0.00049180
1612	0.01344890	0.01296140	0.00048745
1613	0.01341900	0.01293610	0.00048293
1614	0.01339130	0.01291310	0.00047826
1615	0.01336580	0.01289240	0.00047341
1616	0.01334230	0.01287390	0.00046840
1617	0.01332100	0.01285780	0.00046320
1618	0.01330180	0.01284400	0.00045784
1619	0.01328510	0.01283280	0.00045229
1620	0.01327110	0.01282450	0.00044656
1621	0.01326020	0.01281950	0.00044066
1622	0.01325230	0.01281770	0.00043459
1623	0.01324730	0.01281890	0.00042838
1624	0.01324550	0.01282340	0.00042206
1625	0.01324670	0.01283100	0.00041568
1626	0.01324950	0.01284010	0.00040932
1627	0.01325400	0.01285090	0.00040304
1628	0.01326000	0.01286300	0.00039693
1629	0.01326860	0.01287750	0.00039115
1630	0.01327790	0.01289210	0.00038579
1631	0.01328710	0.01290610	0.00038098
1632	0.01329720	0.01292040	0.00037685
1633	0.01330860	0.01293520	0.00037346
1634	0.01332260	0.01295180	0.00037082
1635	0.01333880	0.01296980	0.00036895
1636	0.01335650	0.01298870	0.00036775
1637	0.01337700	0.01301000	0.00036708
1638	0.01340020	0.01303340	0.00036677
1639	0.01342300	0.01305640	0.00036661
1640	0.01344340	0.01307700	0.00036641
1641	0.01346010	0.01309420	0.00036597
1642	0.01347110	0.01310590	0.00036519
1643	0.01347490	0.01311090	0.00036402
1644	0.01346970	0.01310720	0.00036248
1645	0.01345300	0.01309220	0.00036071
1646	0.01342060	0.01306160	0.00035895
1647	0.01336870	0.01301130	0.00035736
1648	0.01329540	0.01293940	0.00035601
1649	0.01320060	0.01284550	0.00035509
1650	0.01308950	0.01273490	0.00035462
1651	0.01296950	0.01261480	0.00035472
1652	0.01285100	0.01249550	0.00035546
1653	0.01274200	0.01238500	0.00035704
1654	0.01265420	0.01229470	0.00035952
1655	0.01259560	0.01223270	0.00036299
1656	0.01257250	0.01220510	0.00036745
1657	0.01258440	0.01221140	0.00037302
1658	0.01262830	0.01224870	0.00037952
1659	0.01269850	0.01231180	0.00038675
1660	0.01278810	0.01239360	0.00039446
1661	0.01289230	0.01248980	0.00040250
1662	0.01300610	0.01259550	0.00041067
1663	0.01312450	0.01270570	0.00041879
1664	0.01324460	0.01281800	0.00042663
1665	0.01336320	0.01292910	0.00043402
1666	0.01347840	0.01303760	0.00044084
1667	0.01358990	0.01314280	0.00044705
1668	0.01369690	0.01324420	0.00045267
1669	0.01379990	0.01334210	0.00045772
1670	0.01389850	0.01343630	0.00046225
1671	0.01399280	0.01352650	0.00046630
1672	0.01408240	0.01361240	0.00046993
1673	0.01416760	0.01369440	0.00047321
1674	0.01424820	0.01377200	0.00047618
1675	0.01432480	0.01384590	0.00047889
1676	0.01439720	0.01391580	0.00048135
1677	0.01446480	0.01398120	0.00048361
1678	0.01452680	0.01404110	0.00048569
1679	0.01458220	0.01409460	0.00048761
1680	0.01463050	0.01414110	0.00048939
1681	0.01467000	0.01417890	0.00049105
1682	0.01470060	0.01420800	0.00049260
1683	0.01472230	0.01422830	0.00049406
1684	0.01473450	0.01423900	0.00049545
1685	0.01473500	0.01423820	0.00049679
1686	0.01472460	0.01422650	0.00049810
1687	0.01470590	0.01420650	0.00049940
1688	0.01468050	0.01417990	0.00050069
1689	0.01465050	0.01414850	0.00050201
1690	0.01461740	0.01411400	0.00050337
1691	0.01458350	0.01407880	0.00050479
1692	0.01454940	0.01404310	0.00050626
1693	0.01451680	0.01400900	0.00050779
1694	0.01448500	0.01397560	0.00050940
1695	0.01445520	0.01394410	0.00051107
1696	0.01442700	0.01391420	0.00051280
1697	0.01440140	0.01388680	0.00051461
1698	0.01437770	0.01386120	0.00051646
1699	0.01435590	0.01383760	0.00051835
1700	0.01433500	0.01381470	0.00052027
1701	0.01431520	0.01379300	0.00052222
1702	0.01429700	0.01377280	0.00052417
1703	0.01428050	0.01375440	0.00052614
1704	0.01426630	0.01373820	0.00052810
1705	0.01425390	0.01372390	0.00053005
1706	0.01424240	0.01371040	0.00053195
1707	0.01423110	0.01369730	0.00053383
1708	0.01422050	0.01368490	0.00053566
1709	0.01421020	0.01367270	0.00053743
1710	0.01419920	0.01366010	0.00053915
1711	0.01418850	0.01364770	0.00054081
1712	0.01417830	0.01363590	0.00054240
1713	0.01416840	0.01362450	0.00054392
1714	0.01415850	0.01361320	0.00054537
1715	0.01414820	0.01360150	0.00054674
1716	0.01413670	0.01358860	0.00054804
1717	0.01412390	0.01357460	0.00054926
1718	0.01411020	0.01355980	0.00055040
1719	0.01409550	0.01354400	0.00055147
1720	0.01408010	0.01352760	0.00055245
1721	0.01406450	0.01351110	0.00055337
1722	0.01404890	0.01349470	0.00055421
1723	0.01403410	0.01347920	0.00055499
1724	0.01402090	0.01346520	0.00055571
1725	0.01400980	0.01345350	0.00055638
1726	0.01400150	0.01344450	0.00055700
1727	0.01399550	0.01343790	0.00055759
1728	0.01399160	0.01343340	0.00055814
1729	0.01398930	0.01343060	0.00055866
1730	0.01398890	0.01342970	0.00055916
1731	0.01398960	0.01342990	0.00055964
1732	0.01399200	0.01343180	0.00056012
1733	0.01399570	0.01343510	0.00056058
1734	0.01400100	0.01343990	0.00056105
1735	0.01400700	0.01344550	0.00056152
1736	0.01401350	0.01345150	0.00056199
1737	0.01401990	0.01345750	0.00056246
1738	0.01402570	0.01346270	0.00056295
1739	0.01402990	0.01346650	0.00056345
1740	0.01403240	0.01346840	0.00056396
1741	0.01403320	0.01346870	0.00056447
1742	0.01403310	0.01346810	0.00056499
1743	0.01403290	0.01346740	0.00056553
1744	0.01403310	0.01346700	0.00056607
1745	0.01403390	0.01346730	0.00056661
1746	0.01403530	0.01346810	0.00056716
1747	0.01403680	0.01346900	0.00056770
1748	0.01403900	0.01347080	0.00056825
1749	0.01404150	0.01347270	0.00056880
1750	0.01404390	0.01347460	0.00056934
1751	0.01404530	0.01347540	0.00056988
1752	0.01404540	0.01347500	0.00057041
1753	0.01404370	0.01347270	0.00057093
1754	0.01404040	0.01346900	0.00057142
1755	0.01403520	0.01346330	0.00057188
1756	0.01402830	0.01345600	0.00057229
1757	0.01401960	0.01344690	0.00057266
1758	0.01400920	0.01343620	0.00057297
1759	0.01399690	0.01342370	0.00057321
1760	0.01398270	0.01340930	0.00057337
1761	0.01396650	0.01339300	0.00057345
1762	0.01394850	0.01337500	0.00057344
1763	0.01392860	0.01335530	0.00057334
1764	0.01390710	0.01333400	0.00057314
1765	0.01388410	0.01331130	0.00057283
1766	0.01386000	0.01328760	0.00057242
1767	0.01383490	0.01326300	0.00057191
1768	0.01380960	0.01323830	0.00057129
1769	0.01378450	0.01321390	0.00057057
1770	0.01376010	0.01319030	0.00056974
1771	0.01373650	0.01316770	0.00056881
1772	0.01371390	0.01314610	0.00056776
1773	0.01369210	0.01312550	0.00056660
1774	0.01367070	0.01310540	0.00056534
1775	0.01364990	0.01308590	0.00056396
1776	0.01362920	0.01306670	0.00056248
1777	0.01360850	0.01304770	0.00056089
1778	0.01358740	0.01302820	0.00055921
1779	0.01356550	0.01300810	0.00055742
1780	0.01354270	0.01298710	0.00055555
1781	0.01351880	0.01296530	0.00055358
1782	0.01349360	0.01294210	0.00055154
1783	0.01346660	0.01291720	0.00054942
1784	0.01343730	0.01289010	0.00054721
1785	0.01340610	0.01286120	0.00054493
1786	0.01337350	0.01283100	0.00054253
1787	0.01333930	0.01279930	0.00054001
1788	0.01330340	0.01276610	0.00053734
1789	0.01326550	0.01273100	0.00053449
1790	0.01322570	0.01269430	0.00053141
1791	0.01318330	0.01265520	0.00052809
1792	0.01313790	0.01261340	0.00052450
1793	0.01308940	0.01256870	0.00052063
1794	0.01303780	0.01252130	0.00051648
1795	0.01298330	0.01247130	0.00051206
1796	0.01292620	0.01241880	0.00050740
1797	0.01286640	0.01236390	0.00050249
1798	0.01280440	0.01230710	0.00049737
1799	0.01274080	0.01224870	0.00049205
1800	0.01267610	0.01218960	0.00048650
1801	0.01261120	0.01213040	0.00048074
1802	0.01254680	0.01207200	0.00047477
1803	0.01248380	0.01201520	0.00046858
1804	0.01242310	0.01196090	0.00046218
1805	0.01236520	0.01190960	0.00045556
1806	0.01231020	0.01186150	0.00044872
1807	0.01225850	0.01181680	0.00044165
1808	0.01221000	0.01177560	0.00043435
1809	0.01216530	0.01173850	0.00042681
1810	0.01212470	0.01170560	0.00041904
1811	0.01208880	0.01167780	0.00041105
1812	0.01205740	0.01165460	0.00040286
1813	0.01202960	0.01163510	0.00039452
1814	0.01200390	0.01161770	0.00038613
1815	0.01197950	0.01160170	0.00037783
1816	0.01195620	0.01158640	0.00036979
1817	0.01192950	0.01156720	0.00036224
1818	0.01189940	0.01154400	0.00035537
1819	0.01186660	0.01151730	0.00034932
1820	0.01183130	0.01148720	0.00034414
1821	0.01179390	0.01145410	0.00033987
1822	0.01175440	0.01141790	0.00033648
1823	0.01171410	0.01138020	0.00033391
1824	0.01167370	0.01134170	0.00033195
1825	0.01163550	0.01130500	0.00033048
1826	0.01159890	0.01126960	0.00032926
1827	0.01156380	0.01123570	0.00032811
1828	0.01153010	0.01120320	0.00032693
1829	0.01149750	0.01117180	0.00032567
1830	0.01146450	0.01114030	0.00032426
1831	0.01143180	0.01110910	0.00032272
1832	0.01139770	0.01107660	0.00032109
1833	0.01136150	0.01104200	0.00031949
1834	0.01132100	0.01100280	0.00031812
1835	0.01127370	0.01095650	0.00031716
1836	0.01121580	0.01089910	0.00031666
1837	0.01114640	0.01082960	0.00031675
1838	0.01106520	0.01074770	0.00031749
1839	0.01097330	0.01065440	0.00031891
1840	0.01087550	0.01055450	0.00032105
1841	0.01077380	0.01045000	0.00032386
1842	0.01068020	0.01035280	0.00032738
1843	0.01060180	0.01027020	0.00033163
1844	0.01054410	0.01020740	0.00033665
1845	0.01051070	0.01016820	0.00034249
1846	0.01050180	0.01015270	0.00034911
1847	0.01051880	0.01016240	0.00035641
1848	0.01055640	0.01019220	0.00036419
1849	0.01060900	0.01023670	0.00037226
1850	0.01067170	0.01029120	0.00038043
1851	0.01074120	0.01035270	0.00038850
1852	0.01081510	0.01041880	0.00039633
1853	0.01089200	0.01048820	0.00040380
1854	0.01097080	0.01056000	0.00041083
1855	0.01105120	0.01063380	0.00041733
1856	0.01113280	0.01070950	0.00042328
1857	0.01121450	0.01078580	0.00042869
1858	0.01129560	0.01086200	0.00043360
1859	0.01137480	0.01093680	0.00043806
1860	0.01145100	0.01100890	0.00044211
1861	0.01152400	0.01107820	0.00044582
1862	0.01159370	0.01114440	0.00044922
1863	0.01166050	0.01120820	0.00045236
1864	0.01172390	0.01126860	0.00045525
1865	0.01178370	0.01132580	0.00045791
1866	0.01183950	0.01137910	0.00046038
1867	0.01189120	0.01142860	0.00046266
1868	0.01193850	0.01147380	0.00046476
1869	0.01198240	0.01151570	0.00046671
1870	0.01202230	0.01155370	0.00046853
1871	0.01205890	0.01158870	0.00047023
1872	0.01209220	0.01162040	0.00047183
1873	0.01212250	0.01164920	0.00047334
1874	0.01214910	0.01167440	0.00047477
1875	0.01217240	0.01169620	0.00047613
1876	0.01219150	0.01171410	0.00047745
1877	0.01220650	0.01172780	0.00047873
1878	0.01221750	0.01173750	0.00048001
1879	0.01222460	0.01174330	0.00048129
1880	0.01222750	0.01174490	0.00048259
1881	0.01222650	0.01174260	0.00048390
1882	0.01222110	0.01173590	0.00048524
1883	0.01221100	0.01172440	0.00048660
1884	0.01219640	0.01170850	0.00048797
1885	0.01217720	0.01168780	0.00048937
1886	0.01215460	0.01166380	0.00049081
1887	0.01212840	0.01163610	0.00049230
1888	0.01209870	0.01160490	0.00049382
1889	0.01206530	0.01156990	0.00049538
1890	0.01202880	0.01153180	0.00049696
1891	0.01198920	0.01149060	0.00049857
1892	0.01194800	0.01144780	0.00050020
1893	0.01190560	0.01140370	0.00050185
1894	0.01186340	0.01135990	0.00050351
1895	0.01182220	0.01131700	0.00050520
1896	0.01178280	0.01127600	0.00050688
1897	0.01174500	0.01123640	0.00050856
1898	0.01170860	0.01119840	0.00051022
1899	0.01167310	0.01116130	0.00051186
1900	0.01163890	0.01112550	0.00051345
1901	0.01160540	0.01109040	0.00051501
1902	0.01157280	0.01105620	0.00051651
1903	0.01154030	0.01102240	0.00051795
1904	0.01150800	0.01098870	0.00051930
1905	0.01147620	0.01095560	0.00052059
1906	0.01144570	0.01092390	0.00052180
1907	0.01141680	0.01089390	0.00052294
1908	0.01139000	0.01086600	0.00052400
1909	0.01136580	0.01084080	0.00052501
1910	0.01134380	0.01081790	0.00052594
1911	0.01132480	0.01079800	0.00052682
1912	0.01130750	0.01077990	0.00052765
1913	0.01129320	0.01076470	0.00052842
1914	0.01128040	0.01075130	0.00052915
1915	0.01127110	0.01074120	0.00052985
1916	0.01126430	0.01073380	0.00053052
1917	0.01126160	0.01073040	0.00053116
1918	0.01126220	0.01073040	0.00053179
1919	0.01126680	0.01073440	0.00053239
1920	0.01127470	0.01074170	0.00053299
1921	0.01128660	0.01075300	0.00053360
1922	0.01130150	0.01076730	0.00053421
1923	0.01132000	0.01078520	0.00053484
1924	0.01134140	0.01080590	0.00053549
1925	0.01136590	0.01082980	0.00053616
1926	0.01139330	0.01085650	0.00053685
1927	0.01142320	0.01088560	0.00053756
1928	0.01145550	0.01091720	0.00053828
1929	0.01149010	0.01095100	0.00053903
1930	0.01152600	0.01098630	0.00053978
1931	0.01156320	0.01102260	0.00054055
1932	0.01160160	0.01106030	0.00054133
1933	0.01164060	0.01109840	0.00054211
1934	0.01168030	0.01113740	0.00054289
1935	0.01172020	0.01117650	0.00054367
1936	0.01176010	0.01121560	0.00054445
1937	0.01179810	0.01125290	0.00054521
1938	0.01183500	0.01128900	0.00054596
1939	0.01186960	0.01132290	0.00054668
1940	0.01190290	0.01135550	0.00054737
1941	0.01193350	0.01138550	0.00054803
1942	0.01196260	0.01141390	0.00054864
1943	0.01198940	0.01144020	0.00054921
1944	0.01201490	0.01146520	0.00054973
1945	0.01203840	0.01148830	0.00055019
1946	0.01206080	0.01151020	0.00055058
1947	0.01208170	0.01153080	0.00055091
1948	0.01210150	0.01155040	0.00055117
1949	0.01211980	0.01156840	0.00055135
1950	0.01213690	0.01158540	0.00055145
1951	0.01215240	0.01160090	0.00055146
1952	0.01216680	0.01161550	0.00055138
1953	0.01217930	0.01162810	0.00055121
1954	0.01219020	0.01163930	0.00055094
1955	0.01219850	0.01164790	0.00055057
1956	0.01220480	0.01165470	0.00055011
1957	0.01220770	0.01165820	0.00054954
1958	0.01220890	0.01166000	0.00054888
1959	0.01220850	0.01166040	0.00054812
1960	0.01220820	0.01166090	0.00054725
1961	0.01220790	0.01166160	0.00054630
1962	0.01220840	0.01166320	0.00054525
1963	0.01220980	0.01166570	0.00054410
1964	0.01221340	0.01167050	0.00054285
1965	0.01221880	0.01167730	0.00054151
1966	0.01222660	0.01168660	0.00054006
1967	0.01223630	0.01169780	0.00053852
1968	0.01224790	0.01171100	0.00053688
1969	0.01226070	0.01172560	0.00053514
1970	0.01227530	0.01174200	0.00053332
1971	0.01229080	0.01175940	0.00053139
1972	0.01230690	0.01177750	0.00052936
1973	0.01232300	0.01179570	0.00052725
1974	0.01233910	0.01181410	0.00052502
1975	0.01235560	0.01183300	0.00052268
1976	0.01237240	0.01185210	0.00052023
1977	0.01239010	0.01187250	0.00051766
1978	0.01240820	0.01189320	0.00051496
1979	0.01242780	0.01191570	0.00051212
1980	0.01244740	0.01193830	0.00050914
1981	0.01246690	0.01196090	0.00050600
1982	0.01248550	0.01198280	0.00050271
1983	0.01250410	0.01200490	0.00049926
1984	0.01252200	0.01202640	0.00049562
1985	0.01254010	0.01204830	0.00049179
1986	0.01255830	0.01207060	0.00048775
1987	0.01257710	0.01209360	0.00048352
1988	0.01259560	0.01211650	0.00047907
1989	0.01261370	0.01213930	0.00047439
1990	0.01263200	0.01216260	0.00046948
1991	0.01265120	0.01218690	0.00046431
1992	0.01267130	0.01221250	0.00045887
1993	0.01269290	0.01223970	0.00045314
1994	0.01271540	0.01226830	0.00044712
1995	0.01273900	0.01229820	0.00044078
1996	0.01276280	0.01232870	0.00043413
1997	0.01279050	0.01236330	0.00042724
1998	0.01282140	0.01240140	0.00042003
1999	0.01285540	0.01244290	0.00041252
2000	0.01289020	0.01248550	0.00040474
2001	0.01292400	0.01252720	0.00039680
2002	0.01295440	0.01256560	0.00038876
2003	0.01298130	0.01260050	0.00038080
2004	0.01300350	0.01263040	0.00037307
2005	0.01302070	0.01265490	0.00036575
2006	0.01303150	0.01267250	0.00035898
2007	0.01303490	0.01268210	0.00035286
2008	0.01302960	0.01268220	0.00034744
2009	0.01301500	0.01267230	0.00034271
2010	0.01299000	0.01265140	0.00033863
2011	0.01295510	0.01261990	0.00033515
2012	0.01291160	0.01257940	0.00033220
2013	0.01286370	0.01253390	0.00032974
2014	0.01280820	0.01248040	0.00032778
2015	0.01274840	0.01242210	0.00032632
2016	0.01268820	0.01236280	0.00032538
2017	0.01262820	0.01230330	0.00032492
2018	0.01256710	0.01224230	0.00032482
2019	0.01250180	0.01217670	0.00032508
2020	0.01242860	0.01210310	0.00032556
2021	0.01234290	0.01201670	0.00032615
2022	0.01224600	0.01191930	0.00032679
2023	0.01213440	0.01180700	0.00032746
2024	0.01200120	0.01167300	0.00032818
2025	0.01184440	0.01151550	0.00032892
2026	0.01166750	0.01133770	0.00032971
2027	0.01148070	0.01115020	0.00033053
2028	0.01129720	0.01096580	0.00033147
2029	0.01113360	0.01080080	0.00033282
2030	0.01100330	0.01066840	0.00033494
2031	0.01091320	0.01057510	0.00033805
2032	0.01086400	0.01052170	0.00034229
2033	0.01085050	0.01050290	0.00034758
2034	0.01086290	0.01050910	0.00035381
2035	0.01089610	0.01053520	0.00036092
2036	0.01094430	0.01057550	0.00036878
2037	0.01100310	0.01062600	0.00037715
2038	0.01106870	0.01068300	0.00038568
2039	0.01114020	0.01074620	0.00039406
2040	0.01121590	0.01081380	0.00040208
2041	0.01129500	0.01088540	0.00040958
2042	0.01137480	0.01095830	0.00041652
2043	0.01145480	0.01103190	0.00042290
2044	0.01153140	0.01110270	0.00042872
2045	0.01160320	0.01116920	0.00043401
2046	0.01166740	0.01122860	0.00043882
2047	0.01172320	0.01128010	0.00044318
2048	0.01176960	0.01132250	0.00044713
2049	0.01180690	0.01135620	0.00045069
2050	0.01183530	0.01138140	0.00045393
2051	0.01185620	0.01139930	0.00045688
2052	0.01187030	0.01141070	0.00045960
2053	0.01188020	0.01141810	0.00046210
2054	0.01188680	0.01142240	0.00046443
2055	0.01189190	0.01142530	0.00046660
2056	0.01189630	0.01142770	0.00046864
2057	0.01190140	0.01143080	0.00047056
2058	0.01190750	0.01143510	0.00047240
2059	0.01191520	0.01144100	0.00047419
2060	0.01192320	0.01144730	0.00047593
2061	0.01193160	0.01145400	0.00047764
2062	0.01193990	0.01146050	0.00047933
2063	0.01194840	0.01146740	0.00048102
2064	0.01195680	0.01147410	0.00048270
2065	0.01196470	0.01148040	0.00048438
2066	0.01197160	0.01148550	0.00048607
2067	0.01197710	0.01148940	0.00048775
2068	0.01198090	0.01149150	0.00048944
2069	0.01198300	0.01149190	0.00049113
2070	0.01198380	0.01149090	0.00049281
2071	0.01198270	0.01148820	0.00049450
2072	0.01197910	0.01148290	0.00049618
2073	0.01197300	0.01147520	0.00049783
2074	0.01196450	0.01146510	0.00049947
2075	0.01195290	0.01145180	0.00050109
2076	0.01193880	0.01143610	0.00050268
2077	0.01192260	0.01141830	0.00050424
2078	0.01190390	0.01139820	0.00050578
2079	0.01188320	0.01137590	0.00050728
2080	0.01185990	0.01135120	0.00050875
2081	0.01183430	0.01132410	0.00051019
2082	0.01180640	0.01129480	0.00051160
2083	0.01177600	0.01126300	0.00051297
2084	0.01174250	0.01122820	0.00051430
2085	0.01170580	0.01119020	0.00051560
2086	0.01166530	0.01114850	0.00051684
2087	0.01162150	0.01110350	0.00051803
2088	0.01157430	0.01105520	0.00051916
2089	0.01152470	0.01100450	0.00052022
2090	0.01147280	0.01095160	0.00052122
2091	0.01141930	0.01089720	0.00052214
2092	0.01136460	0.01084160	0.00052299
2093	0.01130950	0.01078570	0.00052377
2094	0.01125510	0.01073060	0.00052448
2095	0.01120170	0.01067650	0.00052513
2096	0.01114960	0.01062390	0.00052572
2097	0.01109920	0.01057290	0.00052627
2098	0.01105080	0.01052410	0.00052676
2099	0.01100520	0.01047790	0.00052722
2100	0.01096270	0.01043500	0.00052765
2101	0.01092370	0.01039560	0.00052806
2102	0.01088870	0.01036030	0.00052845
2103	0.01085820	0.01032930	0.00052884
2104	0.01083230	0.01030310	0.00052922
2105	0.01081070	0.01028110	0.00052961
2106	0.01079270	0.01026270	0.00052999
2107	0.01077740	0.01024700	0.00053039
2108	0.01076510	0.01023430	0.00053079
2109	0.01075580	0.01022460	0.00053121
2110	0.01074920	0.01021750	0.00053165
2111	0.01074500	0.01021290	0.00053209
2112	0.01074340	0.01021090	0.00053255
2113	0.01074470	0.01021160	0.00053303
2114	0.01074920	0.01021570	0.00053351
2115	0.01075740	0.01022330	0.00053402
2116	0.01076930	0.01023480	0.00053456
2117	0.01078580	0.01025070	0.00053512
2118	0.01080690	0.01027120	0.00053571
2119	0.01083260	0.01029620	0.00053632
2120	0.01086300	0.01032610	0.00053695
2121	0.01089830	0.01036070	0.00053761
2122	0.01093810	0.01039980	0.00053828
2123	0.01098130	0.01044240	0.00053896
2124	0.01102750	0.01048780	0.00053964
2125	0.01107590	0.01053560	0.00054033
2126	0.01112600	0.01058500	0.00054100
2127	0.01117660	0.01063500	0.00054165
2128	0.01122710	0.01068480	0.00054228
2129	0.01127680	0.01073390	0.00054287
2130	0.01132540	0.01078200	0.00054342
2131	0.01137230	0.01082840	0.00054392
2132	0.01141710	0.01087270	0.00054436
2133	0.01145830	0.01091360	0.00054474
2134	0.01149600	0.01095100	0.00054503
2135	0.01152900	0.01098380	0.00054524
2136	0.01155710	0.01101170	0.00054533
2137	0.01158000	0.01103470	0.00054532
2138	0.01159730	0.01105210	0.00054518
2139	0.01160870	0.01106380	0.00054492
2140	0.01161460	0.01107010	0.00054453
2141	0.01161390	0.01106990	0.00054399
2142	0.01160750	0.01106420	0.00054332
2143	0.01159570	0.01105320	0.00054250
2144	0.01157990	0.01103840	0.00054154
2145	0.01156030	0.01101990	0.00054045
2146	0.01153820	0.01099890	0.00053922
2147	0.01151300	0.01097520	0.00053785
2148	0.01148600	0.01094960	0.00053636
2149	0.01145690	0.01092220	0.00053474
2150	0.01142720	0.01089420	0.00053298
2151	0.01139670	0.01086560	0.00053109
2152	0.01136690	0.01083780	0.00052909
2153	0.01133710	0.01081020	0.00052697
2154	0.01130890	0.01078410	0.00052475
2155	0.01128180	0.01075940	0.00052243
2156	0.01125720	0.01073720	0.00052000
2157	0.01123500	0.01071760	0.00051747
2158	0.01121600	0.01070120	0.00051485
2159	0.01120020	0.01068810	0.00051213
2160	0.01118780	0.01067850	0.00050931
2161	0.01117870	0.01067230	0.00050639
2162	0.01117290	0.01066950	0.00050336
2163	0.01117040	0.01067010	0.00050023
2164	0.01117070	0.01067380	0.00049699
2165	0.01117410	0.01068050	0.00049362
2166	0.01117980	0.01068960	0.00049011
2167	0.01118800	0.01070150	0.00048647
2168	0.01119810	0.01071540	0.00048269
2169	0.01121000	0.01073130	0.00047875
2170	0.01122310	0.01074850	0.00047465
2171	0.01123760	0.01076720	0.00047037
2172	0.01125270	0.01078680	0.00046590
2173	0.01126890	0.01080770	0.00046123
2174	0.01128560	0.01082920	0.00045636
2175	0.01130330	0.01085200	0.00045127
2176	0.01132170	0.01087580	0.00044596
2177	0.01134150	0.01090110	0.00044040
2178	0.01136190	0.01092730	0.00043461
2179	0.01138320	0.01095460	0.00042856
2180	0.01140530	0.01098310	0.00042223
2181	0.01142870	0.01101310	0.00041562
2182	0.01145250	0.01104380	0.00040872
2183	0.01147680	0.01107530	0.00040155
2184	0.01150230	0.01110820	0.00039412
2185	0.01152890	0.01114240	0.00038650
2186	0.01155340	0.01117460	0.00037877
2187	0.01157520	0.01120410	0.00037107
2188	0.01159380	0.01123030	0.00036356
2189	0.01161040	0.01125390	0.00035642
2190	0.01162490	0.01127510	0.00034983
2191	0.01163810	0.01129410	0.00034393
2192	0.01164900	0.01131010	0.00033883
2193	0.01165760	0.01132300	0.00033459
2194	0.01166300	0.01133170	0.00033125
2195	0.01166520	0.01133640	0.00032879
2196	0.01166500	0.01133790	0.00032709
2197	0.01166300	0.01133690	0.00032610
2198	0.01166050	0.01133480	0.00032569
2199	0.01165800	0.01133230	0.00032575
2200	0.01166110	0.01133490	0.00032618
2201	0.01167040	0.01134340	0.00032694
2202	0.01168370	0.01135580	0.00032797
2203	0.01170000	0.01137070	0.00032922
2204	0.01171720	0.01138650	0.00033066
2205	0.01173370	0.01140140	0.00033227
2206	0.01174750	0.01141340	0.00033408
2207	0.01175620	0.01142020	0.00033608
2208	0.01175640	0.01141820	0.00033826
2209	0.01174470	0.01140410	0.00034058
2210	0.01171810	0.01137510	0.00034303
2211	0.01167680	0.01133120	0.00034563
2212	0.01161820	0.01126970	0.00034841
2213	0.01154080	0.01118940	0.00035139
2214	0.01144670	0.01109220	0.00035453
2215	0.01133710	0.01097930	0.00035781
2216	0.01122270	0.01086140	0.00036127
2217	0.01110960	0.01074460	0.00036492
2218	0.01100610	0.01063720	0.00036887
2219	0.01091810	0.01054500	0.00037317
2220	0.01085070	0.01047280	0.00037785
2221	0.01080500	0.01042200	0.00038298
2222	0.01078120	0.01039280	0.00038846
2223	0.01077920	0.01038490	0.00039424
2224	0.01079670	0.01039640	0.00040024
2225	0.01083060	0.01042430	0.00040633
2226	0.01087690	0.01046450	0.00041239
2227	0.01093200	0.01051370	0.00041832
2228	0.01099200	0.01056800	0.00042403
2229	0.01105340	0.01062390	0.00042945
2230	0.01111390	0.01067930	0.00043456
2231	0.01117190	0.01073260	0.00043930
2232	0.01122660	0.01078290	0.00044371
2233	0.01127820	0.01083040	0.00044780
2234	0.01132670	0.01087510	0.00045159
2235	0.01137230	0.01091710	0.00045513
2236	0.01141470	0.01095630	0.00045841
2237	0.01145410	0.01099270	0.00046148
2238	0.01149060	0.01102620	0.00046434
2239	0.01152450	0.01105750	0.00046702
2240	0.01155630	0.01108680	0.00046951
2241	0.01158630	0.01111440	0.00047184
2242	0.01161390	0.01113990	0.00047402
2243	0.01163910	0.01116300	0.00047606
2244	0.01166110	0.01118310	0.00047799
2245	0.01167970	0.01119990	0.00047981
2246	0.01169400	0.01121240	0.00048154
2247	0.01170380	0.01122060	0.00048320
2248	0.01170820	0.01122340	0.00048479
2249	0.01170740	0.01122100	0.00048632
2250	0.01170110	0.01121330	0.00048782
2251	0.01169010	0.01120080	0.00048929
2252	0.01167450	0.01118370	0.00049075
2253	0.01165540	0.01116320	0.00049220
2254	0.01163310	0.01113950	0.00049366
2255	0.01160850	0.01111330	0.00049513
2256	0.01158130	0.01108470	0.00049660
2257	0.01155240	0.01105430	0.00049808
2258	0.01152230	0.01102270	0.00049956
2259	0.01149300	0.01099200	0.00050103
2260	0.01146320	0.01096070	0.00050248
2261	0.01143340	0.01092960	0.00050389
2262	0.01140260	0.01089730	0.00050526
2263	0.01137100	0.01086440	0.00050658
2264	0.01133830	0.01083040	0.00050784
2265	0.01130460	0.01079550	0.00050903
2266	0.01126990	0.01075970	0.00051015
2267	0.01123450	0.01072330	0.00051119
2268	0.01119890	0.01068670	0.00051215
2269	0.01116280	0.01064970	0.00051303
2270	0.01112590	0.01061200	0.00051383
2271	0.01108820	0.01057370	0.00051455
2272	0.01105010	0.01053490	0.00051520
2273	0.01101180	0.01049600	0.00051577
2274	0.01097350	0.01045720	0.00051628
2275	0.01093530	0.01041850	0.00051673
2276	0.01089700	0.01037980	0.00051713
2277	0.01085890	0.01034140	0.00051749
2278	0.01082130	0.01030350	0.00051782
2279	0.01078480	0.01026670	0.00051813
2280	0.01075000	0.01023160	0.00051842
2281	0.01071720	0.01019850	0.00051870
2282	0.01068670	0.01016770	0.00051898
2283	0.01065830	0.01013900	0.00051927
2284	0.01063220	0.01011260	0.00051956
2285	0.01060780	0.01008790	0.00051988
2286	0.01058530	0.01006510	0.00052022
2287	0.01056450	0.01004390	0.00052057
2288	0.01054510	0.01002410	0.00052095
2289	0.01052650	0.01000520	0.00052135
2290	0.01050950	0.00998772	0.00052178
2291	0.01049320	0.00997096	0.00052222
2292	0.01047790	0.00995522	0.00052267
2293	0.01046280	0.00993963	0.00052314
2294	0.01044750	0.00992392	0.00052361
2295	0.01043110	0.00990706	0.00052407
2296	0.01041330	0.00988879	0.00052452
2297	0.01039350	0.00986850	0.00052496
2298	0.01037230	0.00984694	0.00052537
2299	0.01034970	0.00982398	0.00052574
2300	0.01032670	0.00980059	0.00052607
2301	0.01030260	0.00977625	0.00052636
2302	0.01027870	0.00975214	0.00052659
2303	0.01025500	0.00972818	0.00052678
2304	0.01023250	0.00970560	0.00052692
2305	0.01021080	0.00968378	0.00052700
2306	0.01019090	0.00966389	0.00052702
2307	0.01017180	0.00964483	0.00052698
2308	0.01015440	0.00962756	0.00052687
2309	0.01013780	0.00961109	0.00052669
2310	0.01012280	0.00959636	0.00052643
2311	0.01010880	0.00958268	0.00052609
2312	0.01009630	0.00957063	0.00052566
2313	0.01008520	0.00956004	0.00052514
2314	0.01007610	0.00955161	0.00052453
2315	0.01006870	0.00954484	0.00052382
2316	0.01006310	0.00954007	0.00052300
2317	0.01005900	0.00953691	0.00052208
2318	0.01005680	0.00953570	0.00052107
2319	0.01005640	0.00953642	0.00051996
2320	0.01005780	0.00953901	0.00051876
2321	0.01006100	0.00954352	0.00051745
2322	0.01006610	0.00955005	0.00051605
2323	0.01007310	0.00955857	0.00051453
2324	0.01008210	0.00956918	0.00051290
2325	0.01009250	0.00958136	0.00051116
2326	0.01010480	0.00959554	0.00050930
2327	0.01011900	0.00961165	0.00050731
2328	0.01013460	0.00962945	0.00050517
2329	0.01015130	0.00964839	0.00050290
2330	0.01016810	0.00966764	0.00050048
2331	0.01018380	0.00968591	0.00049790
2332	0.01019770	0.00970253	0.00049516
2333	0.01020900	0.00971673	0.00049225
2334	0.01021730	0.00972814	0.00048915
2335	0.01022220	0.00973633	0.00048585
2336	0.01022340	0.00974104	0.00048235
2337	0.01022080	0.00974215	0.00047862
2338	0.01021490	0.00974020	0.00047465
2339	0.01020540	0.00973498	0.00047042
2340	0.01019290	0.00972694	0.00046592
2341	0.01017700	0.00971591	0.00046112
2342	0.01015850	0.00970245	0.00045600
2343	0.01013760	0.00968699	0.00045057
2344	0.01011500	0.00967024	0.00044479
2345	0.01009160	0.00965299	0.00043865
2346	0.01006840	0.00963627	0.00043212
2347	0.01004530	0.00962009	0.00042518
2348	0.01002370	0.00960586	0.00041783
2349	0.01000440	0.00959439	0.00041006
2350	0.00998643	0.00958455	0.00040189
2351	0.00997082	0.00957745	0.00039337
2352	0.00995482	0.00957021	0.00038461
2353	0.00993765	0.00956193	0.00037572
2354	0.00991858	0.00955169	0.00036689
2355	0.00989473	0.00953647	0.00035826
2356	0.00986799	0.00951793	0.00035006
2357	0.00983811	0.00949565	0.00034246
2358	0.00980646	0.00947079	0.00033567
2359	0.00977431	0.00944447	0.00032984
2360	0.00974371	0.00941864	0.00032507
2361	0.00971549	0.00939414	0.00032135
2362	0.00969067	0.00937214	0.00031853
2363	0.00966961	0.00935311	0.00031650
2364	0.00965143	0.00933639	0.00031505
2365	0.00963343	0.00931951	0.00031392
2366	0.00961210	0.00929922	0.00031288
2367	0.00958376	0.00927206	0.00031169
2368	0.00954657	0.00923623	0.00031033
2369	0.00949963	0.00919094	0.00030869
2370	0.00944279	0.00913602	0.00030678
2371	0.00937526	0.00907028	0.00030499
2372	0.00929486	0.00899127	0.00030359
2373	0.00920167	0.00889894	0.00030273
2374	0.00909647	0.00879391	0.00030256
2375	0.00898562	0.00868243	0.00030319
2376	0.00887836	0.00857372	0.00030464
2377	0.00878405	0.00847711	0.00030694
2378	0.00871013	0.00840003	0.00031009
2379	0.00866159	0.00834745	0.00031413
2380	0.00864148	0.00832248	0.00031900
2381	0.00864952	0.00832484	0.00032467
2382	0.00868211	0.00835109	0.00033102
2383	0.00873396	0.00839611	0.00033785
2384	0.00880010	0.00845515	0.00034495
2385	0.00887556	0.00852334	0.00035222
2386	0.00895727	0.00859781	0.00035946
2387	0.00904232	0.00867580	0.00036652
2388	0.00912763	0.00875434	0.00037329
2389	0.00921183	0.00883217	0.00037966
2390	0.00929254	0.00890694	0.00038560
2391	0.00936907	0.00897798	0.00039110
2392	0.00944050	0.00904432	0.00039618
2393	0.00950714	0.00910624	0.00040090
2394	0.00956943	0.00916415	0.00040528
2395	0.00962824	0.00921887	0.00040937
2396	0.00968441	0.00927118	0.00041322
2397	0.00973851	0.00932165	0.00041686
2398	0.00979072	0.00937038	0.00042034
2399	0.00984062	0.00941694	0.00042368
2400	0.00988783	0.00946092	0.00042691
2401	0.00993210	0.00950204	0.00043006
2402	0.00997313	0.00954000	0.00043313
2403	0.01001050	0.00957436	0.00043613
2404	0.01004350	0.00960444	0.00043907
2405	0.01007200	0.00963004	0.00044194
2406	0.01009600	0.00965123	0.00044474
2407	0.01011550	0.00966801	0.00044746
2408	0.01013000	0.00967996	0.00045009
2409	0.01014070	0.00968810	0.00045263
2410	0.01014810	0.00969307	0.00045508
2411	0.01015350	0.00969602	0.00045744
2412	0.01015670	0.00969696	0.00045973
2413	0.01015890	0.00969691	0.00046195
2414	0.01015900	0.00969489	0.00046409
2415	0.01015800	0.00969182	0.00046617
2416	0.01015450	0.00968632	0.00046818
2417	0.01015020	0.00968008	0.00047013
2418	0.01014470	0.00967268	0.00047202
2419	0.01013920	0.00966532	0.00047383
2420	0.01013330	0.00965776	0.00047558
2421	0.01012730	0.00965006	0.00047726
2422	0.01012070	0.00964185	0.00047886
2423	0.01011410	0.00963369	0.00048039
2424	0.01010720	0.00962536	0.00048184
2425	0.01010030	0.00961708	0.00048321
2426	0.01009290	0.00960838	0.00048451
2427	0.01008540	0.00959962	0.00048574
2428	0.01007800	0.00959106	0.00048690
2429	0.01007100	0.00958299	0.00048801
2430	0.01006390	0.00957485	0.00048904
2431	0.01005620	0.00956620	0.00049002
2432	0.01004720	0.00955621	0.00049094
2433	0.01003700	0.00954522	0.00049181
2434	0.01002560	0.00953301	0.00049263
2435	0.01001320	0.00951981	0.00049342
2436	0.00999959	0.00950542	0.00049417
2437	0.00998460	0.00948969	0.00049491
2438	0.00996785	0.00947223	0.00049562
2439	0.00994892	0.00945260	0.00049632
2440	0.00992834	0.00943133	0.00049701
2441	0.00990570	0.00940799	0.00049771
2442	0.00988168	0.00938327	0.00049841
2443	0.00985654	0.00935743	0.00049911
2444	0.00983150	0.00933167	0.00049983
2445	0.00980688	0.00930633	0.00050055
2446	0.00978390	0.00928261	0.00050129
2447	0.00976205	0.00926001	0.00050204
2448	0.00974233	0.00923952	0.00050282
2449	0.00972461	0.00922099	0.00050362
2450	0.00971009	0.00920566	0.00050443
2451	0.00969785	0.00919257	0.00050528
2452	0.00968872	0.00918258	0.00050614
2453	0.00968167	0.00917464	0.00050702
2454	0.00967732	0.00916939	0.00050792
2455	0.00967460	0.00916576	0.00050884
2456	0.00967396	0.00916420	0.00050976
2457	0.00967471	0.00916402	0.00051069
2458	0.00967735	0.00916573	0.00051162
2459	0.00968137	0.00916882	0.00051256
2460	0.00968684	0.00917335	0.00051349
2461	0.00969296	0.00917854	0.00051442
2462	0.00969953	0.00918419	0.00051534
2463	0.00970612	0.00918987	0.00051625
2464	0.00971278	0.00919562	0.00051715
2465	0.00971969	0.00920165	0.00051804
2466	0.00972723	0.00920832	0.00051890
2467	0.00973586	0.00921611	0.00051975
2468	0.00974595	0.00922538	0.00052057
2469	0.00975696	0.00923559	0.00052137
2470	0.00976977	0.00924762	0.00052215
2471	0.00978438	0.00926148	0.00052290
2472	0.00980125	0.00927763	0.00052362
2473	0.00982006	0.00929576	0.00052430
2474	0.00984074	0.00931579	0.00052494
2475	0.00986259	0.00933705	0.00052554
2476	0.00988582	0.00935974	0.00052608
2477	0.00991024	0.00938367	0.00052657
2478	0.00993618	0.00940918	0.00052700
2479	0.00996285	0.00943550	0.00052735
2480	0.00999044	0.00946282	0.00052762
2481	0.01001810	0.00949029	0.00052781
2482	0.01004630	0.00951841	0.00052790
2483	0.01007430	0.00954643	0.00052789
2484	0.01010240	0.00957460	0.00052777
2485	0.01012990	0.00960235	0.00052754
2486	0.01015690	0.00962971	0.00052719
2487	0.01018340	0.00965666	0.00052672
2488	0.01020910	0.00968294	0.00052611
2489	0.01023320	0.00970780	0.00052538
2490	0.01025560	0.00973110	0.00052451
2491	0.01027660	0.00975313	0.00052352
2492	0.01029570	0.00977329	0.00052240
2493	0.01031290	0.00979169	0.00052116
2494	0.01032790	0.00980815	0.00051980
2495	0.01034140	0.00982310	0.00051832
2496	0.01035330	0.00983658	0.00051671
2497	0.01036430	0.00984935	0.00051498
2498	0.01037460	0.00986145	0.00051314
2499	0.01038430	0.00987317	0.00051117
2500	0.01039310	0.00988405	0.00050910
