Time	Cd Total	Cd Pressure	Cd Viscous
1	0.04253870	0.03349350	0.00904516
2	0.14048000	0.12890200	0.01157790
3	0.23610100	0.22174800	0.01435300
4	0.29407600	0.27711000	0.01696540
5	0.29676200	0.27763000	0.01913200
6	0.25367600	0.23294800	0.02072790
7	0.18958700	0.16782100	0.02176610
8	0.13040600	0.10807600	0.02233040
9	0.09312780	0.07066290	0.02246490
10	0.08428620	0.06203710	0.02224910
11	0.10013500	0.07832720	0.02180790
12	0.12966400	0.10846100	0.02120320
13	0.16141100	0.14092400	0.02048690
14	0.18548700	0.16578300	0.01970420
15	0.19717000	0.17827100	0.01889940
16	0.19676600	0.17866800	0.01809720
17	0.18817700	0.17085400	0.01732380
18	0.17660400	0.16000800	0.01659530
19	0.16652700	0.15060400	0.01592320
20	0.16080600	0.14549500	0.01531080
21	0.16038100	0.14562400	0.01475710
22	0.16449800	0.15024000	0.01425830
23	0.17136000	0.15754200	0.01381810
24	0.17893200	0.16550100	0.01343060
25	0.18552000	0.17242600	0.01309370
26	0.19042600	0.17762700	0.01279900
27	0.19363300	0.18109000	0.01254260
28	0.19567900	0.18335900	0.01231980
29	0.19742500	0.18529800	0.01212650
30	0.19940900	0.18745000	0.01195840
31	0.20188700	0.19007700	0.01180960
32	0.20500400	0.19332600	0.01167860
33	0.20857700	0.19701500	0.01156200
34	0.21234500	0.20088600	0.01145930
35	0.21604800	0.20468000	0.01136850
36	0.21934500	0.20806000	0.01128450
37	0.22214700	0.21093800	0.01120890
38	0.22446000	0.21331900	0.01114110
39	0.22638900	0.21531100	0.01107840
40	0.22817800	0.21715700	0.01102100
41	0.22994300	0.21897600	0.01096650
42	0.23177000	0.22085800	0.01091260
43	0.23374400	0.22288600	0.01085830
44	0.23580700	0.22500500	0.01080130
45	0.23784300	0.22710300	0.01073980
46	0.23973900	0.22906800	0.01067130
47	0.24138700	0.23079200	0.01059460
48	0.24259200	0.23208200	0.01051040
49	0.24336800	0.23294600	0.01042170
50	0.24375700	0.23342600	0.01033070
51	0.24381400	0.23357300	0.01024060
52	0.24364000	0.23348800	0.01015160
53	0.24328300	0.23321900	0.01006350
54	0.24288700	0.23291100	0.00997632
55	0.24250000	0.23260800	0.00989184
56	0.24221200	0.23240000	0.00981167
57	0.24205800	0.23232200	0.00973693
58	0.24207000	0.23240200	0.00966706
59	0.24230500	0.23270200	0.00960286
60	0.24281600	0.23327300	0.00954365
61	0.24360300	0.23411400	0.00948850
62	0.24470500	0.23526800	0.00943707
63	0.24608500	0.23669600	0.00938869
64	0.24772900	0.23838600	0.00934278
65	0.24957500	0.24027700	0.00929822
66	0.25157200	0.24231800	0.00925367
67	0.25362400	0.24441600	0.00920805
68	0.25571700	0.24655700	0.00916057
69	0.25779500	0.24868300	0.00911229
70	0.25982300	0.25075800	0.00906523
71	0.26177400	0.25275300	0.00902073
72	0.26360500	0.25462700	0.00897832
73	0.26525500	0.25631700	0.00893865
74	0.26667400	0.25777100	0.00890345
75	0.26788900	0.25901700	0.00887207
76	0.26896200	0.26011900	0.00884283
77	0.26992200	0.26110500	0.00881703
78	0.27073500	0.26194200	0.00879302
79	0.27144000	0.26266800	0.00877192
80	0.27201400	0.26326100	0.00875285
81	0.27250900	0.26377300	0.00873548
82	0.27288700	0.26416800	0.00871855
83	0.27314900	0.26444600	0.00870268
84	0.27330000	0.26461300	0.00868712
85	0.27335000	0.26467800	0.00867261
86	0.27329600	0.26463700	0.00865863
87	0.27317700	0.26453200	0.00864509
88	0.27301400	0.26438200	0.00863137
89	0.27285400	0.26423700	0.00861672
90	0.27268000	0.26407900	0.00860124
91	0.27254200	0.26395700	0.00858559
92	0.27246500	0.26389500	0.00856975
93	0.27248100	0.26392700	0.00855399
94	0.27258400	0.26404600	0.00853781
95	0.27277900	0.26425800	0.00852092
96	0.27299400	0.26449100	0.00850311
97	0.27320600	0.26472100	0.00848439
98	0.27332600	0.26486100	0.00846534
99	0.27338900	0.26494300	0.00844593
100	0.27332400	0.26489800	0.00842611
101	0.27318000	0.26477500	0.00840538
102	0.27292100	0.26453800	0.00838282
103	0.27259600	0.26423800	0.00835852
104	0.27219300	0.26386100	0.00833256
105	0.27175900	0.26345400	0.00830505
106	0.27126800	0.26299200	0.00827604
107	0.27076300	0.26251700	0.00824594
108	0.27021800	0.26200300	0.00821464
109	0.26968200	0.26150000	0.00818216
110	0.26913300	0.26098400	0.00814885
111	0.26862900	0.26051300	0.00811538
112	0.26816400	0.26008200	0.00808263
113	0.26777000	0.25971900	0.00805046
114	0.26740300	0.25938500	0.00801830
115	0.26705400	0.25906900	0.00798522
116	0.26666700	0.25871600	0.00795086
117	0.26623300	0.25831700	0.00791571
118	0.26571300	0.25783400	0.00787980
119	0.26510400	0.25726100	0.00784309
120	0.26441800	0.25661200	0.00780613
121	0.26365500	0.25588500	0.00776971
122	0.26283300	0.25509800	0.00773495
123	0.26195200	0.25425000	0.00770185
124	0.26103000	0.25335900	0.00767083
125	0.26006100	0.25241900	0.00764201
126	0.25907200	0.25145700	0.00761505
127	0.25802500	0.25043500	0.00758990
128	0.25694200	0.24937500	0.00756625
129	0.25580400	0.24826100	0.00754299
130	0.25465000	0.24713100	0.00751976
131	0.25349600	0.24600000	0.00749613
132	0.25238600	0.24491500	0.00747143
133	0.25134200	0.24389700	0.00744532
134	0.25037200	0.24295300	0.00741856
135	0.24948000	0.24208900	0.00739115
136	0.24866000	0.24129600	0.00736344
137	0.24791800	0.24058200	0.00733537
138	0.24724100	0.23993300	0.00730758
139	0.24662500	0.23934400	0.00728120
140	0.24602400	0.23876700	0.00725704
141	0.24543000	0.23819500	0.00723573
142	0.24482100	0.23760300	0.00721778
143	0.24423600	0.23703200	0.00720391
144	0.24368200	0.23648700	0.00719489
145	0.24323000	0.23603800	0.00719111
146	0.24289400	0.23570200	0.00719261
147	0.24270300	0.23550400	0.00719919
148	0.24265000	0.23544000	0.00721051
149	0.24272600	0.23550000	0.00722594
150	0.24289200	0.23564800	0.00724462
151	0.24312600	0.23586000	0.00726626
152	0.24337800	0.23608800	0.00729045
153	0.24360700	0.23629000	0.00731662
154	0.24377300	0.23642800	0.00734458
155	0.24385000	0.23647700	0.00737332
156	0.24382200	0.23642000	0.00740171
157	0.24367900	0.23625000	0.00742837
158	0.24342600	0.23597400	0.00745244
159	0.24305200	0.23557800	0.00747367
160	0.24259900	0.23510800	0.00749155
161	0.24205000	0.23454400	0.00750586
162	0.24140700	0.23389100	0.00751617
163	0.24066500	0.23314300	0.00752206
164	0.23981300	0.23229000	0.00752318
165	0.23888300	0.23136300	0.00751979
166	0.23793000	0.23041800	0.00751205
167	0.23701000	0.22951000	0.00750019
168	0.23616500	0.22868000	0.00748508
169	0.23542700	0.22796000	0.00746721
170	0.23480500	0.22735800	0.00744738
171	0.23431500	0.22688900	0.00742572
172	0.23394700	0.22654400	0.00740266
173	0.23368700	0.22630800	0.00737905
174	0.23350000	0.22614300	0.00735612
175	0.23334000	0.22600600	0.00733465
176	0.23317100	0.22585600	0.00731509
177	0.23294400	0.22564600	0.00729764
178	0.23264600	0.22536300	0.00728258
179	0.23228200	0.22501200	0.00726951
180	0.23190400	0.22464600	0.00725785
181	0.23153100	0.22428300	0.00724782
182	0.23120400	0.22396400	0.00723964
183	0.23091800	0.22368500	0.00723334
184	0.23069400	0.22346600	0.00722808
185	0.23049700	0.22327400	0.00722310
186	0.23029400	0.22307500	0.00721884
187	0.23005600	0.22284000	0.00721590
188	0.22977200	0.22255700	0.00721479
189	0.22945900	0.22224300	0.00721598
190	0.22910800	0.22188800	0.00721967
191	0.22872700	0.22150000	0.00722652
192	0.22831500	0.22107800	0.00723693
193	0.22782900	0.22057700	0.00725151
194	0.22725600	0.21998500	0.00727009
195	0.22657300	0.21928100	0.00729257
196	0.22576300	0.21844400	0.00731887
197	0.22482200	0.21747300	0.00734932
198	0.22376200	0.21637700	0.00738469
199	0.22257400	0.21514900	0.00742517
200	0.22126900	0.21379800	0.00747113
201	0.21982200	0.21229800	0.00752329
202	0.21825200	0.21067000	0.00758218
203	0.21655800	0.20891200	0.00764686
204	0.21478800	0.20707100	0.00771644
205	0.21294900	0.20515800	0.00779034
206	0.21105600	0.20318800	0.00786769
207	0.20912500	0.20117700	0.00794790
208	0.20715600	0.19912600	0.00803021
209	0.20515200	0.19703900	0.00811311
210	0.20311800	0.19492300	0.00819491
211	0.20107700	0.19280200	0.00827440
212	0.19904600	0.19069600	0.00835045
213	0.19707700	0.18865400	0.00842239
214	0.19518400	0.18669400	0.00849038
215	0.19336800	0.18481400	0.00855435
216	0.19158700	0.18297300	0.00861410
217	0.18979300	0.18112400	0.00866929
218	0.18795100	0.17923100	0.00872003
219	0.18606300	0.17729600	0.00876704
220	0.18416100	0.17535000	0.00881111
221	0.18226600	0.17341200	0.00885322
222	0.18043100	0.17153700	0.00889401
223	0.17867800	0.16974400	0.00893351
224	0.17704600	0.16807400	0.00897154
225	0.17556100	0.16655300	0.00900828
226	0.17424800	0.16520400	0.00904398
227	0.17312100	0.16404200	0.00907858
228	0.17219300	0.16308200	0.00911183
229	0.17146700	0.16232400	0.00914355
230	0.17095400	0.16178100	0.00917322
231	0.17065900	0.16145800	0.00920064
232	0.17059600	0.16137000	0.00922557
233	0.17074300	0.16149500	0.00924782
234	0.17108500	0.16181800	0.00926717
235	0.17156700	0.16228400	0.00928348
236	0.17213100	0.16283400	0.00929685
237	0.17271800	0.16341100	0.00930736
238	0.17327200	0.16395700	0.00931508
239	0.17375100	0.16443100	0.00931985
240	0.17412300	0.16480100	0.00932152
241	0.17435700	0.16503700	0.00931984
242	0.17446000	0.16514600	0.00931457
243	0.17444900	0.16514400	0.00930555
244	0.17435600	0.16506300	0.00929252
245	0.17418400	0.16490900	0.00927527
246	0.17394500	0.16469200	0.00925365
247	0.17363000	0.16440300	0.00922759
248	0.17323500	0.16403800	0.00919739
249	0.17273200	0.16356900	0.00916317
250	0.17211400	0.16298900	0.00912518
251	0.17134700	0.16226400	0.00908356
252	0.17042500	0.16138600	0.00903881
253	0.16932500	0.16033400	0.00899115
254	0.16802800	0.15908600	0.00894124
255	0.16654200	0.15765300	0.00888967
256	0.16489100	0.15605400	0.00883695
257	0.16310600	0.15432300	0.00878336
258	0.16121200	0.15248200	0.00872964
259	0.15921400	0.15053800	0.00867636
260	0.15713100	0.14850700	0.00862380
261	0.15498400	0.14641200	0.00857235
262	0.15279800	0.14427600	0.00852240
263	0.15060000	0.14212600	0.00847385
264	0.14843200	0.14000600	0.00842687
265	0.14631400	0.13793200	0.00838175
266	0.14425100	0.13591200	0.00833862
267	0.14225700	0.13395900	0.00829755
268	0.14032600	0.13206700	0.00825872
269	0.13848700	0.13026500	0.00822213
270	0.13673900	0.12855100	0.00818769
271	0.13510200	0.12694600	0.00815546
272	0.13358500	0.12546000	0.00812543
273	0.13221300	0.12411600	0.00809739
274	0.13097400	0.12290300	0.00807103
275	0.12987300	0.12182600	0.00804643
276	0.12885900	0.12083600	0.00802319
277	0.12794300	0.11994200	0.00800127
278	0.12710700	0.11912600	0.00798107
279	0.12635900	0.11839600	0.00796304
280	0.12570300	0.11775500	0.00794738
281	0.12512700	0.11719300	0.00793436
282	0.12463900	0.11671500	0.00792402
283	0.12425400	0.11633800	0.00791627
284	0.12395500	0.11604300	0.00791118
285	0.12375200	0.11584300	0.00790865
286	0.12364400	0.11573600	0.00790825
287	0.12362900	0.11572000	0.00790908
288	0.12369600	0.11578500	0.00791079
289	0.12385200	0.11593900	0.00791320
290	0.12407400	0.11615800	0.00791624
291	0.12433200	0.11641200	0.00791953
292	0.12458700	0.11666400	0.00792311
293	0.12476100	0.11683300	0.00792760
294	0.12480400	0.11687100	0.00793323
295	0.12463900	0.11669900	0.00794030
296	0.12424200	0.11629200	0.00794948
297	0.12357600	0.11561500	0.00796148
298	0.12261900	0.11464300	0.00797617
299	0.12135400	0.11336000	0.00799348
300	0.11976400	0.11175000	0.00801386
301	0.11787400	0.10983700	0.00803751
302	0.11569200	0.10762800	0.00806417
303	0.11325300	0.10515900	0.00809345
304	0.11058300	0.10245700	0.00812523
305	0.10773600	0.09957690	0.00815881
306	0.10478400	0.09659080	0.00819357
307	0.10181800	0.09358840	0.00822924
308	0.09893760	0.09067240	0.00826521
309	0.09620110	0.08790070	0.00830045
310	0.09366240	0.08532800	0.00833435
311	0.09141810	0.08305130	0.00836685
312	0.08958690	0.08118980	0.00839705
313	0.08826580	0.07984250	0.00842329
314	0.08755790	0.07911290	0.00844498
315	0.08748080	0.07901800	0.00846282
316	0.08803910	0.07956400	0.00847506
317	0.08919470	0.08071340	0.00848134
318	0.09091080	0.08242900	0.00848173
319	0.09313030	0.08465360	0.00847662
320	0.09583720	0.08737190	0.00846526
321	0.09897980	0.09053140	0.00844841
322	0.10255200	0.09412660	0.00842557
323	0.10645200	0.09805540	0.00839704
324	0.11056100	0.10219900	0.00836200
325	0.11472700	0.10640600	0.00832035
326	0.11878300	0.11051100	0.00827248
327	0.12259500	0.11437700	0.00821823
328	0.12602100	0.11786300	0.00815770
329	0.12898500	0.12089500	0.00809075
330	0.13142900	0.12341100	0.00801795
331	0.13335100	0.12541100	0.00794010
332	0.13476000	0.12690200	0.00785802
333	0.13567700	0.12790600	0.00777126
334	0.13613900	0.12845900	0.00768009
335	0.13619900	0.12861400	0.00758556
336	0.13591000	0.12842200	0.00748784
337	0.13531800	0.12793100	0.00738712
338	0.13449600	0.12721200	0.00728380
339	0.13352100	0.12634200	0.00717878
340	0.13248700	0.12541400	0.00707256
341	0.13146800	0.12450200	0.00696546
342	0.13053600	0.12367800	0.00685737
343	0.12974600	0.12299800	0.00674825
344	0.12913800	0.12249900	0.00663815
345	0.12871100	0.12218400	0.00652735
346	0.12846100	0.12204500	0.00641590
347	0.12838600	0.12208200	0.00630436
348	0.12848600	0.12229300	0.00619304
349	0.12876200	0.12268000	0.00608237
350	0.12920100	0.12322800	0.00597305
351	0.12979200	0.12392700	0.00586585
352	0.13050900	0.12474700	0.00576142
353	0.13134600	0.12568600	0.00566042
354	0.13228900	0.12672600	0.00556316
355	0.13334300	0.12787300	0.00547017
356	0.13447900	0.12909700	0.00538194
357	0.13568700	0.13038800	0.00529888
358	0.13693300	0.13171100	0.00522134
359	0.13821000	0.13306000	0.00514968
360	0.13949000	0.13440600	0.00508414
361	0.14076600	0.13574100	0.00502499
362	0.14203300	0.13706100	0.00497237
363	0.14330100	0.13837400	0.00492660
364	0.14457100	0.13968300	0.00488795
365	0.14584700	0.14099100	0.00485648
366	0.14710000	0.14226700	0.00483244
367	0.14829900	0.14348400	0.00481571
368	0.14943800	0.14463300	0.00480583
369	0.15054300	0.14574100	0.00480256
370	0.15160500	0.14679900	0.00480533
371	0.15264400	0.14783100	0.00481373
372	0.15368500	0.14885700	0.00482730
373	0.15469100	0.14984500	0.00484571
374	0.15563300	0.15076400	0.00486861
375	0.15649600	0.15160000	0.00489600
376	0.15729700	0.15237000	0.00492760
377	0.15811400	0.15315000	0.00496348
378	0.15893800	0.15393400	0.00500380
379	0.15981100	0.15476200	0.00504883
380	0.16072300	0.15562400	0.00509879
381	0.16164000	0.15648600	0.00515367
382	0.16254300	0.15732900	0.00521334
383	0.16341100	0.15813300	0.00527790
384	0.16425600	0.15890800	0.00534750
385	0.16507600	0.15965300	0.00542208
386	0.16584800	0.16034700	0.00550134
387	0.16656800	0.16098300	0.00558491
388	0.16724500	0.16157300	0.00567220
389	0.16782500	0.16206200	0.00576269
390	0.16838400	0.16252900	0.00585574
391	0.16888600	0.16293500	0.00595061
392	0.16929300	0.16324600	0.00604653
393	0.16955800	0.16341500	0.00614284
394	0.16971500	0.16347600	0.00623905
395	0.16973200	0.16339700	0.00633475
396	0.16959300	0.16316300	0.00642978
397	0.16930500	0.16278100	0.00652409
398	0.16887900	0.16226200	0.00661763
399	0.16832800	0.16161800	0.00671033
400	0.16766500	0.16086200	0.00680239
401	0.16690300	0.16000900	0.00689406
402	0.16605400	0.15906800	0.00698557
403	0.16513300	0.15805600	0.00707698
404	0.16416800	0.15700000	0.00716837
405	0.16315100	0.15589100	0.00726009
406	0.16211300	0.15476100	0.00735245
407	0.16105100	0.15360600	0.00744548
408	0.15999600	0.15245700	0.00753911
409	0.15895200	0.15131900	0.00763296
410	0.15794300	0.15021600	0.00772659
411	0.15699100	0.14917200	0.00781971
412	0.15608200	0.14817000	0.00791196
413	0.15524400	0.14724100	0.00800288
414	0.15449200	0.14640000	0.00809201
415	0.15381300	0.14563500	0.00817882
416	0.15322300	0.14496000	0.00826304
417	0.15273100	0.14438600	0.00834423
418	0.15233000	0.14390800	0.00842204
419	0.15201400	0.14351800	0.00849600
420	0.15176300	0.14319700	0.00856583
421	0.15156800	0.14293700	0.00863119
422	0.15142000	0.14272800	0.00869171
423	0.15129700	0.14255000	0.00874716
424	0.15118900	0.14239100	0.00879763
425	0.15106200	0.14222000	0.00884293
426	0.15091500	0.14203200	0.00888301
427	0.15072100	0.14180300	0.00891795
428	0.15049400	0.14154600	0.00894773
429	0.15022000	0.14124700	0.00897237
430	0.14991400	0.14092300	0.00899198
431	0.14957600	0.14056900	0.00900674
432	0.14920400	0.14018700	0.00901684
433	0.14879400	0.13977100	0.00902250
434	0.14833100	0.13930700	0.00902398
435	0.14782400	0.13880200	0.00902162
436	0.14725800	0.13824200	0.00901594
437	0.14662700	0.13762000	0.00900713
438	0.14591200	0.13691600	0.00899558
439	0.14512300	0.13614200	0.00898158
440	0.14425000	0.13528500	0.00896551
441	0.14331100	0.13436300	0.00894782
442	0.14229500	0.13336700	0.00892893
443	0.14120900	0.13229900	0.00890927
444	0.14002800	0.13113900	0.00888901
445	0.13876700	0.12989800	0.00886842
446	0.13740800	0.12856000	0.00884823
447	0.13596700	0.12713800	0.00882871
448	0.13445600	0.12564600	0.00881032
449	0.13288100	0.12408800	0.00879307
450	0.13124700	0.12247000	0.00877701
451	0.12957500	0.12081300	0.00876195
452	0.12787000	0.11912300	0.00874781
453	0.12614400	0.11740900	0.00873462
454	0.12440100	0.11567900	0.00872234
455	0.12266000	0.11394900	0.00871071
456	0.12093200	0.11223200	0.00869973
457	0.11922600	0.11053700	0.00868919
458	0.11753900	0.10886000	0.00867893
459	0.11588800	0.10721900	0.00866901
460	0.11426400	0.10560500	0.00865942
461	0.11268400	0.10403400	0.00865015
462	0.11114700	0.10250600	0.00864131
463	0.10966300	0.10103000	0.00863300
464	0.10823100	0.09960530	0.00862530
465	0.10685700	0.09823830	0.00861831
466	0.10553500	0.09692300	0.00861196
467	0.10425800	0.09565200	0.00860604
468	0.10301600	0.09441550	0.00860048
469	0.10180500	0.09320990	0.00859520
470	0.10060200	0.09201220	0.00859020
471	0.09942060	0.09083540	0.00858521
472	0.09825170	0.08967120	0.00858045
473	0.09709980	0.08852370	0.00857611
474	0.09594770	0.08737560	0.00857210
475	0.09479440	0.08622620	0.00856825
476	0.09361580	0.08505130	0.00856443
477	0.09241900	0.08385870	0.00856026
478	0.09118540	0.08262990	0.00855553
479	0.08993250	0.08138270	0.00854974
480	0.08866320	0.08012060	0.00854265
481	0.08738510	0.07885100	0.00853411
482	0.08608770	0.07756330	0.00852439
483	0.08477240	0.07625930	0.00851308
484	0.08343610	0.07493580	0.00850031
485	0.08210530	0.07361930	0.00848605
486	0.08082120	0.07235080	0.00847048
487	0.07960560	0.07115220	0.00845343
488	0.07849600	0.07006090	0.00843518
489	0.07750520	0.06908920	0.00841593
490	0.07666370	0.06826790	0.00839579
491	0.07598370	0.06760840	0.00837535
492	0.07547940	0.06712490	0.00835451
493	0.07515890	0.06682580	0.00833309
494	0.07501700	0.06670590	0.00831116
495	0.07503260	0.06674420	0.00828836
496	0.07519470	0.06693020	0.00826452
497	0.07547800	0.06723830	0.00823974
498	0.07587620	0.06766220	0.00821405
499	0.07638170	0.06819360	0.00818819
500	0.07699810	0.06883590	0.00816217
501	0.07771000	0.06957390	0.00813614
502	0.07848580	0.07037600	0.00810975
503	0.07931830	0.07123560	0.00808274
504	0.08017990	0.07212520	0.00805464
505	0.08105070	0.07302580	0.00802485
506	0.08192100	0.07392820	0.00799277
507	0.08278320	0.07482450	0.00795866
508	0.08363900	0.07571620	0.00792282
509	0.08445890	0.07657350	0.00788534
510	0.08527900	0.07743280	0.00784617
511	0.08609700	0.07829150	0.00780553
512	0.08690980	0.07914680	0.00776303
513	0.08771960	0.08000110	0.00771851
514	0.08852160	0.08084950	0.00767203
515	0.08932460	0.08170050	0.00762410
516	0.09013540	0.08256020	0.00757520
517	0.09096740	0.08344220	0.00752521
518	0.09182340	0.08434890	0.00747453
519	0.09270170	0.08527820	0.00742347
520	0.09360330	0.08623110	0.00737225
521	0.09454560	0.08722480	0.00732079
522	0.09555630	0.08828710	0.00726922
523	0.09665850	0.08944120	0.00721731
524	0.09787590	0.09071070	0.00716516
525	0.09922230	0.09210910	0.00711314
526	0.10070500	0.09364390	0.00706069
527	0.10230000	0.09529150	0.00700801
528	0.10398400	0.09702850	0.00695577
529	0.10571400	0.09880960	0.00690419
530	0.10745800	0.10060400	0.00685358
531	0.10917700	0.10237200	0.00680428
532	0.11082200	0.10406700	0.00675575
533	0.11237200	0.10566300	0.00670839
534	0.11381600	0.10715300	0.00666295
535	0.11511700	0.10849700	0.00661958
536	0.11629100	0.10971200	0.00657840
537	0.11730700	0.11076700	0.00653955
538	0.11815100	0.11164900	0.00650260
539	0.11881000	0.11234200	0.00646755
540	0.11926900	0.11283400	0.00643451
541	0.11955100	0.11314700	0.00640322
542	0.11968400	0.11331000	0.00637398
543	0.11971200	0.11336500	0.00634700
544	0.11967500	0.11335200	0.00632351
545	0.11961000	0.11330600	0.00630425
546	0.11953900	0.11325000	0.00628883
547	0.11947200	0.11319400	0.00627774
548	0.11940900	0.11313800	0.00627097
549	0.11934100	0.11307300	0.00626810
550	0.11924400	0.11297600	0.00626802
551	0.11910300	0.11283300	0.00626993
552	0.11890500	0.11263200	0.00627357
553	0.11865500	0.11237500	0.00628008
554	0.11839400	0.11210400	0.00629042
555	0.11812900	0.11182400	0.00630513
556	0.11785300	0.11152900	0.00632453
557	0.11757500	0.11122700	0.00634848
558	0.11728400	0.11090700	0.00637696
559	0.11698600	0.11057500	0.00641044
560	0.11668300	0.11023400	0.00644924
561	0.11640900	0.10991600	0.00649314
562	0.11618800	0.10964600	0.00654206
563	0.11606300	0.10946700	0.00659614
564	0.11604500	0.10939000	0.00665545
565	0.11616100	0.10944100	0.00671956
566	0.11641000	0.10962200	0.00678772
567	0.11679700	0.10993800	0.00685892
568	0.11731500	0.11038300	0.00693204
569	0.11796600	0.11096000	0.00700614
570	0.11876400	0.11168400	0.00708028
571	0.11972200	0.11256800	0.00715373
572	0.12086100	0.11363500	0.00722589
573	0.12217500	0.11487900	0.00729622
574	0.12372100	0.11635700	0.00736448
575	0.12554900	0.11811800	0.00743074
576	0.12768800	0.12019300	0.00749474
577	0.13015900	0.12260300	0.00755635
578	0.13296200	0.12534700	0.00761506
579	0.13607600	0.12840500	0.00767065
580	0.13944300	0.13172000	0.00772311
581	0.14302600	0.13525400	0.00777268
582	0.14679200	0.13897300	0.00781926
583	0.15071700	0.14285400	0.00786303
584	0.15476100	0.14685700	0.00790398
585	0.15882800	0.15088600	0.00794212
586	0.16279000	0.15481300	0.00797694
587	0.16651800	0.15851000	0.00800837
588	0.16989900	0.16186200	0.00803664
589	0.17286300	0.16480100	0.00806213
590	0.17538800	0.16730300	0.00808527
591	0.17749400	0.16938700	0.00810685
592	0.17920800	0.17108100	0.00812739
593	0.18057600	0.17242800	0.00814766
594	0.18163400	0.17346600	0.00816809
595	0.18241100	0.17422200	0.00818897
596	0.18289400	0.17468400	0.00821050
597	0.18304500	0.17481300	0.00823267
598	0.18290700	0.17465200	0.00825514
599	0.18243900	0.17416100	0.00827800
600	0.18159100	0.17329000	0.00830146
601	0.18034600	0.17202100	0.00832593
602	0.17876600	0.17041500	0.00835129
603	0.17694800	0.16857000	0.00837776
604	0.17495500	0.16654900	0.00840547
605	0.17281900	0.16438400	0.00843473
606	0.17055300	0.16208700	0.00846580
607	0.16819200	0.15969300	0.00849875
608	0.16574100	0.15720800	0.00853366
609	0.16329100	0.15472100	0.00857010
610	0.16092600	0.15231900	0.00860719
611	0.15869600	0.15005200	0.00864389
612	0.15664500	0.14796500	0.00867994
613	0.15473500	0.14602100	0.00871468
614	0.15298200	0.14423500	0.00874772
615	0.15136600	0.14258700	0.00877890
616	0.14985000	0.14104200	0.00880802
617	0.14840600	0.13957100	0.00883547
618	0.14702900	0.13816800	0.00886153
619	0.14569500	0.13680800	0.00888668
620	0.14441500	0.13550300	0.00891207
621	0.14318600	0.13424700	0.00893868
622	0.14199900	0.13303200	0.00896700
623	0.14082100	0.13182400	0.00899659
624	0.13962700	0.13059900	0.00902721
625	0.13837200	0.12931300	0.00905838
626	0.13702100	0.12793100	0.00908968
627	0.13555200	0.12643200	0.00912053
628	0.13394900	0.12479800	0.00915055
629	0.13221000	0.12303000	0.00917951
630	0.13035900	0.12115300	0.00920617
631	0.12843200	0.11920300	0.00922920
632	0.12647700	0.11722900	0.00924761
633	0.12453300	0.11527300	0.00926035
634	0.12264300	0.11337700	0.00926633
635	0.12085000	0.11158500	0.00926526
636	0.11918900	0.10993100	0.00925740
637	0.11769700	0.10845300	0.00924349
638	0.11641400	0.10718900	0.00922508
639	0.11535400	0.10615100	0.00920329
640	0.11450900	0.10532900	0.00917986
641	0.11387000	0.10471300	0.00915659
642	0.11342500	0.10429100	0.00913461
643	0.11317100	0.10405600	0.00911458
644	0.11309100	0.10399400	0.00909693
645	0.11318800	0.10410600	0.00908164
646	0.11343900	0.10437100	0.00906824
647	0.11383400	0.10477800	0.00905641
648	0.11435600	0.10531100	0.00904545
649	0.11499100	0.10595600	0.00903486
650	0.11573000	0.10670500	0.00902427
651	0.11655300	0.10754000	0.00901288
652	0.11744600	0.10844600	0.00900057
653	0.11838200	0.10939600	0.00898667
654	0.11933700	0.11036600	0.00897100
655	0.12029500	0.11134100	0.00895389
656	0.12124800	0.11231200	0.00893559
657	0.12217500	0.11325900	0.00891599
658	0.12304800	0.11415300	0.00889531
659	0.12384700	0.11497300	0.00887359
660	0.12453900	0.11568800	0.00885123
661	0.12510100	0.11627200	0.00882889
662	0.12549500	0.11668800	0.00880707
663	0.12568800	0.11690200	0.00878603
664	0.12566200	0.11689600	0.00876630
665	0.12538400	0.11663600	0.00874786
666	0.12484200	0.11611200	0.00873046
667	0.12402500	0.11531100	0.00871385
668	0.12294800	0.11424900	0.00869855
669	0.12162400	0.11293900	0.00868557
670	0.12007700	0.11140100	0.00867582
671	0.11832900	0.10966000	0.00866953
672	0.11642600	0.10775900	0.00866711
673	0.11439400	0.10572700	0.00866761
674	0.11227900	0.10360900	0.00866969
675	0.11010400	0.10143100	0.00867312
676	0.10790000	0.09922250	0.00867769
677	0.10568100	0.09699730	0.00868387
678	0.10346600	0.09477540	0.00869089
679	0.10127700	0.09257730	0.00869974
680	0.09912670	0.09041620	0.00871046
681	0.09702500	0.08830280	0.00872224
682	0.09498100	0.08624680	0.00873419
683	0.09300910	0.08426190	0.00874725
684	0.09110670	0.08234530	0.00876131
685	0.08928190	0.08050660	0.00877532
686	0.08753450	0.07874530	0.00878919
687	0.08587750	0.07707460	0.00880293
688	0.08431940	0.07550260	0.00881679
689	0.08285150	0.07402150	0.00883004
690	0.08145620	0.07261340	0.00884273
691	0.08011590	0.07126060	0.00885530
692	0.07882880	0.06996100	0.00886779
693	0.07758840	0.06870850	0.00887998
694	0.07636910	0.06747720	0.00889194
695	0.07517720	0.06627350	0.00890366
696	0.07400030	0.06508580	0.00891448
697	0.07285530	0.06393110	0.00892421
698	0.07174250	0.06281000	0.00893247
699	0.07065370	0.06171510	0.00893864
700	0.06962490	0.06068200	0.00894291
701	0.06865580	0.05971050	0.00894535
702	0.06780300	0.05885630	0.00894676
703	0.06708440	0.05813740	0.00894703
704	0.06651440	0.05756820	0.00894621
705	0.06612880	0.05718450	0.00894437
706	0.06595390	0.05701250	0.00894141
707	0.06606150	0.05712440	0.00893709
708	0.06646110	0.05753020	0.00893087
709	0.06714840	0.05822520	0.00892312
710	0.06816560	0.05925200	0.00891369
711	0.06951490	0.06061230	0.00890262
712	0.07121650	0.06232670	0.00888979
713	0.07328850	0.06441330	0.00887524
714	0.07572420	0.06686500	0.00885917
715	0.07852030	0.06967830	0.00884194
716	0.08166650	0.07284260	0.00882392
717	0.08512170	0.07631650	0.00880525
718	0.08884210	0.08005610	0.00878597
719	0.09279950	0.08403340	0.00876610
720	0.09694070	0.08819490	0.00874578
721	0.10123100	0.09250660	0.00872476
722	0.10560500	0.09690250	0.00870270
723	0.11000300	0.10132300	0.00867945
724	0.11435900	0.10570400	0.00865480
725	0.11860700	0.10997900	0.00862873
726	0.12267700	0.11407500	0.00860113
727	0.12649700	0.11792500	0.00857175
728	0.13000300	0.12146300	0.00854065
729	0.13312500	0.12461700	0.00850754
730	0.13581200	0.12733900	0.00847282
731	0.13806000	0.12962300	0.00843643
732	0.13985200	0.13145300	0.00839863
733	0.14119300	0.13283300	0.00835967
734	0.14211200	0.13379200	0.00832007
735	0.14268400	0.13440400	0.00828029
736	0.14299400	0.13475400	0.00824082
737	0.14314700	0.13494500	0.00820194
738	0.14323100	0.13506700	0.00816387
739	0.14334200	0.13521500	0.00812691
740	0.14353200	0.13544100	0.00809146
741	0.14384700	0.13578900	0.00805784
742	0.14428700	0.13626100	0.00802641
743	0.14486400	0.13686600	0.00799757
744	0.14557900	0.13760700	0.00797160
745	0.14642900	0.13848100	0.00794876
746	0.14742100	0.13949100	0.00792921
747	0.14856800	0.14065500	0.00791302
748	0.14989000	0.14199000	0.00790005
749	0.15139800	0.14350800	0.00788993
750	0.15310300	0.14522000	0.00788263
751	0.15499300	0.14711500	0.00787798
752	0.15704000	0.14916400	0.00787605
753	0.15920900	0.15133300	0.00787667
754	0.16146100	0.15358100	0.00787965
755	0.16377100	0.15588700	0.00788462
756	0.16611300	0.15822200	0.00789027
757	0.16846500	0.16056900	0.00789537
758	0.17079400	0.16289600	0.00789841
759	0.17306700	0.16516900	0.00789802
760	0.17523200	0.16734000	0.00789266
761	0.17726100	0.16938000	0.00788146
762	0.17913000	0.17126600	0.00786446
763	0.18083600	0.17299400	0.00784217
764	0.18237800	0.17456200	0.00781522
765	0.18377900	0.17599500	0.00778477
766	0.18506700	0.17731500	0.00775278
767	0.18625900	0.17853800	0.00772081
768	0.18737000	0.17968000	0.00768970
769	0.18840400	0.18074400	0.00766020
770	0.18939200	0.18175900	0.00763325
771	0.19030700	0.18269700	0.00760976
772	0.19115900	0.18356800	0.00759057
773	0.19196800	0.18439200	0.00757599
774	0.19273100	0.18516500	0.00756598
775	0.19345100	0.18589000	0.00756054
776	0.19410400	0.18654400	0.00755983
777	0.19467300	0.18710900	0.00756374
778	0.19513900	0.18756800	0.00757180
779	0.19548900	0.18790600	0.00758366
780	0.19572900	0.18813000	0.00759928
781	0.19588500	0.18826700	0.00761864
782	0.19596300	0.18832100	0.00764151
783	0.19598700	0.18832000	0.00766690
784	0.19596700	0.18827400	0.00769366
785	0.19592800	0.18820600	0.00772147
786	0.19587300	0.18812300	0.00774996
787	0.19581400	0.18803500	0.00777920
788	0.19574800	0.18793900	0.00780950
789	0.19568400	0.18784300	0.00784108
790	0.19562300	0.18774800	0.00787446
791	0.19556100	0.18765100	0.00791033
792	0.19549300	0.18754400	0.00794888
793	0.19541500	0.18742400	0.00799068
794	0.19532800	0.18729300	0.00803551
795	0.19522900	0.18714500	0.00808354
796	0.19510800	0.18697300	0.00813469
797	0.19495800	0.18677000	0.00818862
798	0.19479600	0.18655100	0.00824529
799	0.19459000	0.18628600	0.00830421
800	0.19431300	0.18594800	0.00836486
801	0.19395000	0.18552300	0.00842694
802	0.19349000	0.18500100	0.00848946
803	0.19292200	0.18437000	0.00855154
804	0.19222200	0.18360900	0.00861259
805	0.19138500	0.18271300	0.00867245
806	0.19039100	0.18166000	0.00873089
807	0.18925000	0.18046200	0.00878781
808	0.18790800	0.17906400	0.00884361
809	0.18635100	0.17745200	0.00889915
810	0.18452700	0.17557200	0.00895493
811	0.18242300	0.17341200	0.00901055
812	0.18002600	0.17096000	0.00906572
813	0.17735100	0.16823100	0.00911975
814	0.17441800	0.16524500	0.00917252
815	0.17125900	0.16203600	0.00922322
816	0.16791400	0.15864200	0.00927159
817	0.16439900	0.15508100	0.00931752
818	0.16074400	0.15138400	0.00935958
819	0.15698800	0.14759000	0.00939770
820	0.15315600	0.14372400	0.00943242
821	0.14927400	0.13981000	0.00946408
822	0.14537400	0.13588200	0.00949220
823	0.14149600	0.13197900	0.00951645
824	0.13765800	0.12812100	0.00953667
825	0.13389000	0.12433700	0.00955281
826	0.13021000	0.12064500	0.00956506
827	0.12664300	0.11706900	0.00957371
828	0.12321500	0.11363600	0.00957901
829	0.11993300	0.11035200	0.00958106
830	0.11678300	0.10720300	0.00958002
831	0.11375000	0.10417400	0.00957627
832	0.11082900	0.10125900	0.00957041
833	0.10801000	0.09844670	0.00956301
834	0.10528800	0.09573370	0.00955381
835	0.10266500	0.09312290	0.00954250
836	0.10013400	0.09060500	0.00952863
837	0.09769380	0.08818140	0.00951240
838	0.09534390	0.08584970	0.00949416
839	0.09310130	0.08362710	0.00947419
840	0.09098010	0.08152770	0.00945244
841	0.08899560	0.07956670	0.00942884
842	0.08716070	0.07775710	0.00940354
843	0.08549010	0.07611350	0.00937659
844	0.08401280	0.07466490	0.00934790
845	0.08273880	0.07342110	0.00931770
846	0.08168040	0.07239450	0.00928590
847	0.08084410	0.07159170	0.00925237
848	0.08024520	0.07102790	0.00921736
849	0.07988260	0.07070160	0.00918106
850	0.07976500	0.07062120	0.00914388
851	0.07988610	0.07078010	0.00910607
852	0.08025030	0.07118240	0.00906793
853	0.08083810	0.07180870	0.00902945
854	0.08164480	0.07265400	0.00899082
855	0.08264840	0.07369640	0.00895198
856	0.08384160	0.07492850	0.00891308
857	0.08520800	0.07633360	0.00887435
858	0.08674000	0.07790430	0.00883570
859	0.08842670	0.07962960	0.00879713
860	0.09027830	0.08151970	0.00875866
861	0.09228380	0.08356360	0.00872021
862	0.09444640	0.08576460	0.00868180
863	0.09673140	0.08808820	0.00864321
864	0.09909860	0.09049420	0.00860440
865	0.10148900	0.09292420	0.00856517
866	0.10384200	0.09531620	0.00852563
867	0.10609200	0.09760640	0.00848586
868	0.10819000	0.09974380	0.00844584
869	0.11009400	0.10168900	0.00840536
870	0.11177000	0.10340600	0.00836420
871	0.11320200	0.10487900	0.00832227
872	0.11437800	0.10609800	0.00827984
873	0.11529000	0.10705300	0.00823731
874	0.11592500	0.10773000	0.00819508
875	0.11626700	0.10811300	0.00815370
876	0.11633200	0.10821800	0.00811396
877	0.11615000	0.10807300	0.00807667
878	0.11574600	0.10770400	0.00804237
879	0.11515500	0.10714300	0.00801173
880	0.11441800	0.10643300	0.00798482
881	0.11357000	0.10560800	0.00796174
882	0.11264900	0.10470600	0.00794243
883	0.11164400	0.10371800	0.00792676
884	0.11056500	0.10265100	0.00791447
885	0.10941400	0.10150900	0.00790542
886	0.10822000	0.10032100	0.00789888
887	0.10701200	0.09911670	0.00789492
888	0.10583000	0.09793680	0.00789296
889	0.10470600	0.09681230	0.00789351
890	0.10368300	0.09578670	0.00789589
891	0.10276700	0.09486710	0.00790012
892	0.10197700	0.09407040	0.00790623
893	0.10130500	0.09339140	0.00791372
894	0.10074200	0.09281910	0.00792296
895	0.10027600	0.09234170	0.00793415
896	0.09989230	0.09194540	0.00794691
897	0.09957640	0.09161530	0.00796113
898	0.09930560	0.09132870	0.00797688
899	0.09906300	0.09106900	0.00799397
900	0.09883150	0.09081940	0.00801205
901	0.09859440	0.09056350	0.00803082
902	0.09832460	0.09027430	0.00805029
903	0.09801090	0.08994070	0.00807020
904	0.09768100	0.08959050	0.00809051
905	0.09734590	0.08923500	0.00811097
906	0.09702230	0.08889050	0.00813176
907	0.09672170	0.08856880	0.00815292
908	0.09645890	0.08828440	0.00817453
909	0.09622940	0.08803280	0.00819658
910	0.09602860	0.08780950	0.00821910
911	0.09584500	0.08760290	0.00824215
912	0.09567550	0.08740990	0.00826567
913	0.09551460	0.08722510	0.00828948
914	0.09536130	0.08704780	0.00831352
915	0.09521240	0.08687470	0.00833777
916	0.09505530	0.08669310	0.00836216
917	0.09489430	0.08650780	0.00838653
918	0.09471630	0.08630550	0.00841087
919	0.09451930	0.08608410	0.00843516
920	0.09428990	0.08583060	0.00845931
921	0.09403820	0.08555500	0.00848322
922	0.09377220	0.08526550	0.00850664
923	0.09348840	0.08495910	0.00852929
924	0.09318130	0.08463030	0.00855095
925	0.09289040	0.08431900	0.00857145
926	0.09264470	0.08405410	0.00859063
927	0.09249080	0.08388250	0.00860829
928	0.09246300	0.08383890	0.00862407
929	0.09260490	0.08396700	0.00863785
930	0.09292170	0.08427210	0.00864963
931	0.09339300	0.08473370	0.00865931
932	0.09401060	0.08534380	0.00866683
933	0.09474380	0.08607190	0.00867194
934	0.09558790	0.08691330	0.00867453
935	0.09649610	0.08782150	0.00867457
936	0.09752380	0.08885160	0.00867218
937	0.09870420	0.09003710	0.00866713
938	0.10007800	0.09141910	0.00865927
939	0.10163500	0.09298600	0.00864866
940	0.10337300	0.09473760	0.00863561
941	0.10526700	0.09664660	0.00862027
942	0.10728900	0.09868600	0.00860266
943	0.10940700	0.10082400	0.00858312
944	0.11156800	0.10300700	0.00856175
945	0.11375100	0.10521200	0.00853878
946	0.11591200	0.10739800	0.00851441
947	0.11805300	0.10956500	0.00848881
948	0.12017900	0.11171700	0.00846210
949	0.12227400	0.11383900	0.00843414
950	0.12429700	0.11589200	0.00840505
951	0.12623400	0.11785900	0.00837518
952	0.12807200	0.11972700	0.00834480
953	0.12980100	0.12148700	0.00831425
954	0.13141800	0.12313400	0.00828386
955	0.13290900	0.12465500	0.00825354
956	0.13428700	0.12606300	0.00822368
957	0.13554700	0.12735300	0.00819434
958	0.13671800	0.12855200	0.00816538
959	0.13780400	0.12966700	0.00813672
960	0.13882500	0.13071600	0.00810845
961	0.13979000	0.13170900	0.00808076
962	0.14071600	0.13266200	0.00805423
963	0.14161700	0.13358800	0.00802936
964	0.14250000	0.13449400	0.00800649
965	0.14337000	0.13538400	0.00798580
966	0.14423300	0.13626600	0.00796732
967	0.14508900	0.13713800	0.00795100
968	0.14593200	0.13799500	0.00793680
969	0.14676000	0.13883500	0.00792465
970	0.14757100	0.13965600	0.00791446
971	0.14837300	0.14046700	0.00790623
972	0.14915900	0.14125900	0.00790018
973	0.14994900	0.14205300	0.00789646
974	0.15073100	0.14283600	0.00789524
975	0.15151300	0.14361700	0.00789644
976	0.15229600	0.14439600	0.00790032
977	0.15309400	0.14518700	0.00790707
978	0.15388900	0.14597200	0.00791703
979	0.15467900	0.14674900	0.00793007
980	0.15545300	0.14750700	0.00794616
981	0.15620800	0.14824300	0.00796536
982	0.15693200	0.14894400	0.00798763
983	0.15763000	0.14961700	0.00801270
984	0.15830200	0.15026200	0.00804029
985	0.15895500	0.15088400	0.00807010
986	0.15960100	0.15149900	0.00810167
987	0.16025900	0.15212500	0.00813437
988	0.16092400	0.15275600	0.00816782
989	0.16159800	0.15339700	0.00820105
990	0.16226700	0.15403400	0.00823334
991	0.16290700	0.15464300	0.00826427
992	0.16349900	0.15520500	0.00829391
993	0.16403200	0.15571000	0.00832198
994	0.16449500	0.15614600	0.00834860
995	0.16488800	0.15651400	0.00837386
996	0.16521400	0.15681600	0.00839796
997	0.16548300	0.15706200	0.00842097
998	0.16571200	0.15726900	0.00844309
999	0.16591700	0.15745300	0.00846454
1000	0.16612200	0.15763700	0.00848534
1001	0.16634100	0.15783500	0.00850563
1002	0.16658300	0.15805800	0.00852515
1003	0.16686300	0.15832000	0.00854365
1004	0.16719100	0.15863000	0.00856089
1005	0.16757700	0.15900000	0.00857665
1006	0.16803800	0.15944800	0.00859067
1007	0.16859000	0.15998800	0.00860267
1008	0.16924600	0.16063300	0.00861243
1009	0.16998800	0.16136900	0.00861954
1010	0.17081800	0.16219400	0.00862376
1011	0.17170700	0.16308200	0.00862499
1012	0.17265200	0.16402900	0.00862283
1013	0.17364300	0.16502600	0.00861727
1014	0.17469000	0.16608200	0.00860807
1015	0.17576700	0.16717200	0.00859536
1016	0.17687100	0.16829100	0.00857965
1017	0.17798700	0.16942600	0.00856134
1018	0.17911400	0.17057300	0.00854105
1019	0.18025400	0.17173500	0.00851929
1020	0.18140300	0.17290700	0.00849606
1021	0.18254400	0.17407200	0.00847118
1022	0.18365800	0.17521300	0.00844433
1023	0.18471400	0.17629800	0.00841558
1024	0.18569400	0.17730800	0.00838543
1025	0.18658900	0.17823500	0.00835404
1026	0.18737600	0.17905400	0.00832166
1027	0.18805800	0.17976900	0.00828885
1028	0.18862700	0.18037100	0.00825627
1029	0.18909200	0.18086800	0.00822439
1030	0.18946600	0.18127200	0.00819376
1031	0.18978500	0.18162000	0.00816493
1032	0.19007700	0.18193900	0.00813851
1033	0.19037500	0.18225900	0.00811509
1034	0.19069100	0.18259600	0.00809493
1035	0.19101000	0.18293200	0.00807833
1036	0.19131600	0.18325100	0.00806556
1037	0.19159600	0.18353900	0.00805688
1038	0.19183400	0.18378200	0.00805215
1039	0.19200200	0.18395100	0.00805078
1040	0.19204600	0.18399400	0.00805218
1041	0.19195600	0.18390100	0.00805561
1042	0.19175500	0.18369400	0.00806094
1043	0.19149300	0.18342400	0.00806820
1044	0.19122300	0.18314500	0.00807738
1045	0.19097600	0.18288800	0.00808823
1046	0.19078800	0.18268800	0.00810049
1047	0.19065900	0.18254500	0.00811383
1048	0.19056400	0.18243600	0.00812798
1049	0.19049500	0.18235300	0.00814252
1050	0.19043000	0.18227200	0.00815735
1051	0.19035300	0.18218000	0.00817271
1052	0.19024900	0.18206000	0.00818887
1053	0.19013100	0.18192500	0.00820570
1054	0.19000400	0.18178100	0.00822287
1055	0.18989800	0.18165800	0.00824001
1056	0.18983000	0.18157400	0.00825680
1057	0.18982100	0.18154800	0.00827305
1058	0.18986700	0.18157900	0.00828848
1059	0.18996800	0.18166500	0.00830298
1060	0.19010300	0.18178700	0.00831664
1061	0.19026700	0.18193700	0.00832960
1062	0.19043900	0.18209800	0.00834166
1063	0.19061000	0.18225800	0.00835265
1064	0.19075700	0.18239400	0.00836245
1065	0.19087100	0.18250000	0.00837130
1066	0.19095000	0.18257100	0.00837944
1067	0.19100700	0.18262000	0.00838703
1068	0.19104100	0.18264700	0.00839438
1069	0.19107600	0.18267400	0.00840171
1070	0.19111500	0.18270600	0.00840925
1071	0.19116700	0.18275000	0.00841732
1072	0.19122700	0.18280100	0.00842606
1073	0.19129100	0.18285600	0.00843584
1074	0.19135100	0.18290400	0.00844689
1075	0.19140100	0.18294200	0.00845945
1076	0.19143100	0.18295700	0.00847378
1077	0.19143700	0.18294600	0.00849016
1078	0.19140500	0.18289600	0.00850874
1079	0.19133800	0.18280800	0.00852958
1080	0.19122800	0.18267600	0.00855278
1081	0.19106600	0.18248700	0.00857844
1082	0.19084400	0.18223700	0.00860660
1083	0.19054500	0.18190800	0.00863741
1084	0.19015400	0.18148400	0.00867069
1085	0.18968300	0.18097700	0.00870608
1086	0.18912600	0.18038300	0.00874305
1087	0.18849300	0.17971300	0.00878082
1088	0.18779000	0.17897200	0.00881852
1089	0.18702400	0.17816800	0.00885520
1090	0.18619100	0.17730100	0.00888996
1091	0.18530700	0.17638500	0.00892227
1092	0.18438600	0.17543500	0.00895154
1093	0.18344400	0.17446600	0.00897727
1094	0.18248200	0.17348300	0.00899928
1095	0.18150200	0.17248400	0.00901770
1096	0.18050900	0.17147700	0.00903260
1097	0.17950500	0.17046100	0.00904397
1098	0.17850200	0.16945100	0.00905196
1099	0.17752000	0.16846400	0.00905665
1100	0.17656300	0.16750400	0.00905863
1101	0.17563300	0.16657500	0.00905803
1102	0.17472700	0.16567200	0.00905509
1103	0.17383600	0.16478500	0.00905040
1104	0.17295000	0.16390600	0.00904448
1105	0.17205200	0.16301500	0.00903734
1106	0.17113000	0.16210200	0.00902872
1107	0.17017300	0.16115400	0.00901896
1108	0.16916300	0.16015400	0.00900846
1109	0.16809200	0.15909500	0.00899750
1110	0.16693700	0.15795100	0.00898617
1111	0.16569300	0.15671800	0.00897492
1112	0.16434500	0.15538200	0.00896325
1113	0.16289600	0.15394400	0.00895144
1114	0.16132900	0.15239000	0.00893914
1115	0.15965300	0.15072600	0.00892705
1116	0.15786500	0.14895000	0.00891535
1117	0.15597800	0.14707400	0.00890389
1118	0.15399500	0.14510200	0.00889298
1119	0.15193300	0.14305000	0.00888283
1120	0.14978700	0.14091200	0.00887438
1121	0.14756300	0.13869600	0.00886702
1122	0.14525600	0.13639500	0.00886089
1123	0.14286400	0.13400900	0.00885514
1124	0.14038800	0.13153800	0.00885013
1125	0.13783200	0.12898600	0.00884580
1126	0.13521900	0.12637600	0.00884234
1127	0.13257200	0.12373200	0.00883948
1128	0.12991200	0.12107400	0.00883769
1129	0.12724400	0.11840700	0.00883627
1130	0.12457400	0.11573900	0.00883532
1131	0.12189200	0.11305700	0.00883448
1132	0.11922500	0.11039100	0.00883427
1133	0.11658800	0.10775300	0.00883410
1134	0.11399500	0.10516100	0.00883466
1135	0.11144800	0.10261300	0.00883530
1136	0.10894800	0.10011200	0.00883635
1137	0.10649200	0.09765410	0.00883787
1138	0.10409000	0.09525070	0.00883976
1139	0.10175700	0.09291530	0.00884158
1140	0.09950160	0.09065790	0.00884375
1141	0.09734610	0.08850000	0.00884607
1142	0.09529160	0.08644260	0.00884899
1143	0.09334140	0.08448910	0.00885226
1144	0.09150050	0.08264510	0.00885546
1145	0.08974890	0.08089030	0.00885861
1146	0.08809030	0.07922920	0.00886114
1147	0.08656860	0.07770510	0.00886357
1148	0.08522340	0.07635780	0.00886555
1149	0.08405270	0.07518550	0.00886716
1150	0.08310790	0.07423970	0.00886827
1151	0.08233120	0.07346260	0.00886863
1152	0.08171370	0.07284570	0.00886799
1153	0.08123360	0.07236760	0.00886601
1154	0.08088540	0.07202260	0.00886281
1155	0.08068570	0.07182750	0.00885815
1156	0.08068680	0.07183430	0.00885254
1157	0.08089890	0.07205290	0.00884600
1158	0.08132670	0.07248790	0.00883886
1159	0.08197040	0.07313930	0.00883107
1160	0.08283090	0.07400780	0.00882308
1161	0.08390400	0.07508940	0.00881455
1162	0.08519950	0.07639370	0.00880585
1163	0.08667520	0.07787820	0.00879705
1164	0.08834500	0.07955640	0.00878860
1165	0.09023780	0.08145750	0.00878022
1166	0.09236660	0.08359460	0.00877206
1167	0.09475060	0.08598710	0.00876347
1168	0.09737330	0.08861870	0.00875457
1169	0.10022500	0.09147950	0.00874513
1170	0.10329300	0.09455810	0.00873519
1171	0.10656200	0.09783760	0.00872464
1172	0.11001900	0.10130500	0.00871393
1173	0.11364500	0.10494300	0.00870284
1174	0.11739000	0.10869900	0.00869079
1175	0.12120300	0.11252600	0.00867705
1176	0.12507300	0.11641300	0.00866066
1177	0.12895800	0.12031700	0.00864124
1178	0.13274400	0.12412700	0.00861749
1179	0.13638900	0.12780000	0.00858952
1180	0.13976400	0.13120600	0.00855777
1181	0.14278400	0.13426100	0.00852269
1182	0.14543800	0.13695300	0.00848493
1183	0.14770700	0.13926200	0.00844429
1184	0.14954400	0.14114400	0.00840004
1185	0.15099600	0.14264400	0.00835200
1186	0.15208800	0.14378700	0.00830022
1187	0.15282000	0.14457600	0.00824427
1188	0.15320000	0.14501500	0.00818490
1189	0.15322500	0.14510300	0.00812283
1190	0.15290200	0.14484400	0.00805833
1191	0.15224100	0.14424900	0.00799201
1192	0.15130200	0.14337700	0.00792472
1193	0.15013500	0.14227900	0.00785651
1194	0.14882900	0.14104100	0.00778739
1195	0.14748500	0.13976700	0.00771766
1196	0.14619900	0.13855200	0.00764755
1197	0.14505600	0.13747900	0.00757728
1198	0.14412200	0.13661600	0.00750632
1199	0.14345900	0.13602400	0.00743494
1200	0.14309400	0.13573100	0.00736309
1201	0.14303300	0.13574200	0.00729093
1202	0.14325000	0.13603100	0.00721889
1203	0.14371400	0.13656700	0.00714719
1204	0.14437600	0.13730000	0.00707643
1205	0.14519500	0.13818800	0.00700745
1206	0.14613100	0.13919000	0.00694114
1207	0.14716400	0.14028600	0.00687797
1208	0.14826800	0.14144900	0.00681843
1209	0.14942500	0.14266200	0.00676297
1210	0.15060900	0.14389700	0.00671217
1211	0.15182800	0.14516200	0.00666628
1212	0.15308000	0.14645400	0.00662563
1213	0.15438700	0.14779700	0.00659044
1214	0.15575400	0.14919300	0.00656059
1215	0.15719900	0.15066300	0.00653581
1216	0.15870700	0.15219100	0.00651570
1217	0.16027700	0.15377800	0.00649995
1218	0.16188900	0.15540100	0.00648800
1219	0.16354900	0.15706900	0.00647997
1220	0.16524600	0.15877000	0.00647576
1221	0.16699300	0.16051800	0.00647519
1222	0.16879000	0.16231200	0.00647809
1223	0.17063400	0.16415000	0.00648455
1224	0.17251300	0.16601800	0.00649438
1225	0.17441300	0.16790500	0.00650734
1226	0.17631200	0.16978800	0.00652337
1227	0.17820700	0.17166500	0.00654228
1228	0.18009300	0.17353000	0.00656358
1229	0.18197900	0.17539200	0.00658657
1230	0.18387200	0.17726100	0.00661035
1231	0.18578000	0.17914600	0.00663433
1232	0.18765300	0.18099500	0.00665782
1233	0.18949200	0.18281200	0.00668069
1234	0.19128000	0.18457700	0.00670299
1235	0.19302300	0.18629800	0.00672478
1236	0.19473500	0.18798900	0.00674597
1237	0.19639800	0.18963100	0.00676667
1238	0.19799600	0.19120800	0.00678710
1239	0.19949300	0.19268600	0.00680766
1240	0.20086900	0.19404000	0.00682842
1241	0.20210200	0.19525300	0.00684940
1242	0.20318100	0.19631000	0.00687082
1243	0.20411800	0.19722500	0.00689309
1244	0.20491300	0.19799600	0.00691658
1245	0.20558300	0.19864100	0.00694150
1246	0.20612300	0.19915500	0.00696792
1247	0.20655700	0.19956100	0.00699563
1248	0.20682900	0.19980400	0.00702462
1249	0.20687700	0.19982200	0.00705485
1250	0.20665800	0.19957200	0.00708605
1251	0.20613900	0.19902100	0.00711792
1252	0.20532500	0.19817500	0.00715025
1253	0.20422200	0.19703800	0.00718356
1254	0.20288400	0.19566600	0.00721842
1255	0.20138500	0.19413000	0.00725551
1256	0.19980200	0.19250700	0.00729498
1257	0.19818600	0.19084900	0.00733690
1258	0.19661100	0.18923000	0.00738134
1259	0.19512000	0.18769200	0.00742806
1260	0.19377000	0.18629300	0.00747680
1261	0.19256300	0.18503500	0.00752724
1262	0.19148400	0.18390500	0.00757911
1263	0.19052300	0.18289100	0.00763194
1264	0.18967000	0.18198500	0.00768548
1265	0.18889400	0.18115500	0.00773941
1266	0.18818100	0.18038800	0.00779358
1267	0.18750600	0.17965800	0.00784801
1268	0.18686300	0.17896000	0.00790271
1269	0.18624800	0.17829000	0.00795793
1270	0.18565300	0.17764000	0.00801390
1271	0.18508500	0.17701400	0.00807068
1272	0.18457000	0.17644200	0.00812817
1273	0.18410700	0.17592000	0.00818617
1274	0.18370600	0.17546100	0.00824497
1275	0.18335500	0.17505100	0.00830431
1276	0.18305200	0.17468800	0.00836400
1277	0.18276300	0.17433900	0.00842364
1278	0.18248000	0.17399700	0.00848245
1279	0.18216200	0.17362200	0.00853991
1280	0.18179200	0.17319600	0.00859582
1281	0.18134000	0.17269100	0.00864930
1282	0.18079600	0.17209600	0.00870001
1283	0.18014200	0.17139500	0.00874769
1284	0.17938400	0.17059200	0.00879191
1285	0.17851600	0.16968400	0.00883274
1286	0.17754900	0.16867900	0.00886977
1287	0.17646900	0.16756600	0.00890298
1288	0.17530800	0.16637600	0.00893268
1289	0.17407200	0.16511300	0.00895879
1290	0.17277800	0.16379700	0.00898160
1291	0.17145000	0.16244900	0.00900147
1292	0.17011100	0.16109200	0.00901859
1293	0.16877500	0.15974100	0.00903333
1294	0.16746300	0.15841700	0.00904594
1295	0.16619600	0.15714000	0.00905655
1296	0.16498200	0.15591600	0.00906570
1297	0.16381600	0.15474200	0.00907323
1298	0.16269600	0.15361700	0.00907894
1299	0.16161500	0.15253200	0.00908290
1300	0.16056200	0.15147600	0.00908588
1301	0.15951700	0.15042900	0.00908772
1302	0.15846400	0.14937500	0.00908840
1303	0.15737100	0.14828200	0.00908833
1304	0.15622000	0.14713300	0.00908728
1305	0.15500900	0.14592300	0.00908580
1306	0.15371200	0.14462700	0.00908449
1307	0.15231900	0.14323600	0.00908315
1308	0.15079900	0.14171800	0.00908147
1309	0.14917000	0.14009000	0.00908010
1310	0.14740400	0.13832600	0.00907801
1311	0.14552400	0.13644800	0.00907561
1312	0.14351800	0.13444600	0.00907274
1313	0.14143200	0.13236100	0.00907033
1314	0.13927100	0.13020300	0.00906823
1315	0.13704800	0.12798200	0.00906613
1316	0.13475400	0.12569000	0.00906402
1317	0.13238600	0.12332400	0.00906154
1318	0.12992400	0.12086500	0.00905899
1319	0.12734700	0.11829200	0.00905586
1320	0.12464200	0.11558900	0.00905219
1321	0.12180800	0.11276000	0.00904776
1322	0.11889200	0.10985000	0.00904165
1323	0.11588400	0.10684900	0.00903484
1324	0.11277600	0.10374900	0.00902700
1325	0.10958400	0.10056600	0.00901828
1326	0.10632200	0.09731350	0.00900875
1327	0.10302700	0.09402990	0.00899718
1328	0.09969880	0.09071460	0.00898422
1329	0.09636600	0.08739620	0.00896982
1330	0.09302580	0.08407110	0.00895472
1331	0.08968700	0.08074790	0.00893917
1332	0.08633440	0.07741110	0.00892333
1333	0.08297340	0.07406680	0.00890659
1334	0.07959580	0.07070650	0.00888927
1335	0.07623400	0.06736260	0.00887140
1336	0.07292700	0.06407340	0.00885360
1337	0.06967270	0.06083670	0.00883599
1338	0.06647420	0.05765570	0.00881849
1339	0.06335420	0.05455280	0.00880140
1340	0.06042140	0.05163680	0.00878463
1341	0.05772590	0.04895790	0.00876798
1342	0.05530870	0.04655740	0.00875132
1343	0.05318270	0.04444790	0.00873482
1344	0.05138350	0.04266530	0.00871814
1345	0.04990730	0.04120510	0.00870216
1346	0.04879670	0.04011070	0.00868604
1347	0.04807470	0.03940440	0.00867024
1348	0.04777240	0.03911770	0.00865469
1349	0.04790090	0.03926120	0.00863965
1350	0.04846240	0.03983740	0.00862505
1351	0.04948100	0.04086970	0.00861132
1352	0.05096190	0.04236270	0.00859920
1353	0.05288270	0.04429360	0.00858913
1354	0.05521150	0.04663010	0.00858145
1355	0.05791780	0.04934210	0.00857577
1356	0.06095410	0.05238160	0.00857246
1357	0.06432380	0.05575310	0.00857063
1358	0.06799460	0.05942470	0.00856983
1359	0.07195340	0.06338400	0.00856936
1360	0.07617670	0.06760800	0.00856874
1361	0.08066970	0.07210220	0.00856757
1362	0.08545280	0.07688740	0.00856537
1363	0.09057270	0.08201240	0.00856030
1364	0.09608890	0.08753930	0.00854953
1365	0.10199100	0.09345820	0.00853245
1366	0.10817100	0.09966100	0.00850949
1367	0.11442600	0.10594500	0.00848099
1368	0.12049400	0.11204700	0.00844712
1369	0.12609700	0.11768900	0.00840737
1370	0.13106700	0.12270500	0.00836164
1371	0.13535000	0.12704000	0.00831009
1372	0.13899900	0.13074500	0.00825389
1373	0.14215200	0.13395900	0.00819306
1374	0.14490200	0.13677400	0.00812823
1375	0.14735800	0.13929800	0.00806021
1376	0.14953100	0.14154200	0.00798887
1377	0.15141400	0.14350000	0.00791436
1378	0.15295700	0.14512100	0.00783665
1379	0.15413200	0.14637500	0.00775691
1380	0.15490500	0.14722900	0.00767620
1381	0.15527900	0.14768300	0.00759553
1382	0.15524700	0.14773200	0.00751558
1383	0.15484400	0.14740800	0.00743665
1384	0.15411300	0.14675400	0.00735866
1385	0.15317000	0.14588800	0.00728120
1386	0.15208700	0.14488200	0.00720463
1387	0.15098600	0.14385700	0.00712894
1388	0.14995100	0.14289700	0.00705469
1389	0.14908100	0.14209800	0.00698220
1390	0.14840000	0.14148900	0.00691100
1391	0.14795800	0.14111700	0.00684124
1392	0.14777700	0.14100400	0.00677294
1393	0.14787000	0.14116300	0.00670620
1394	0.14818900	0.14154800	0.00664087
1395	0.14867600	0.14209900	0.00657728
1396	0.14925500	0.14273900	0.00651623
1397	0.14985600	0.14339700	0.00645878
1398	0.15044200	0.14403700	0.00640576
1399	0.15099300	0.14463500	0.00635782
1400	0.15151300	0.14519800	0.00631512
1401	0.15202700	0.14574900	0.00627790
1402	0.15256500	0.14631800	0.00624656
1403	0.15315600	0.14693500	0.00622132
1404	0.15383000	0.14762800	0.00620222
1405	0.15459900	0.14841000	0.00618918
1406	0.15547900	0.14929700	0.00618242
1407	0.15645100	0.15026900	0.00618203
1408	0.15750700	0.15131900	0.00618800
1409	0.15863400	0.15243400	0.00620021
1410	0.15982000	0.15360200	0.00621855
1411	0.16105400	0.15481100	0.00624275
1412	0.16233500	0.15606300	0.00627244
1413	0.16365100	0.15734400	0.00630712
1414	0.16499000	0.15864400	0.00634632
1415	0.16635600	0.15996600	0.00638928
1416	0.16773900	0.16130300	0.00643538
1417	0.16914500	0.16266100	0.00648397
1418	0.17058600	0.16405200	0.00653402
1419	0.17203200	0.16544700	0.00658473
1420	0.17349900	0.16686300	0.00663524
1421	0.17495000	0.16826600	0.00668461
1422	0.17642600	0.16969400	0.00673242
1423	0.17792100	0.17114300	0.00677813
1424	0.17944900	0.17262700	0.00682184
1425	0.18100000	0.17413700	0.00686344
1426	0.18256600	0.17566200	0.00690328
1427	0.18411300	0.17717100	0.00694137
1428	0.18562100	0.17864400	0.00697760
1429	0.18705400	0.18004200	0.00701180
1430	0.18837200	0.18132800	0.00704386
1431	0.18953000	0.18245600	0.00707364
1432	0.19053800	0.18343700	0.00710066
1433	0.19134000	0.18421500	0.00712491
1434	0.19187000	0.18472400	0.00714646
1435	0.19210700	0.18494200	0.00716504
1436	0.19203600	0.18485600	0.00718074
1437	0.19168500	0.18449100	0.00719410
1438	0.19109400	0.18388900	0.00720559
1439	0.19033900	0.18312400	0.00721548
1440	0.18950900	0.18228500	0.00722398
1441	0.18869800	0.18146700	0.00723161
1442	0.18797000	0.18073100	0.00723882
1443	0.18737200	0.18012600	0.00724576
1444	0.18692700	0.17967400	0.00725282
1445	0.18664000	0.17938000	0.00726044
1446	0.18649600	0.17922700	0.00726865
1447	0.18646800	0.17919100	0.00727785
1448	0.18650100	0.17921300	0.00728869
1449	0.18656100	0.17926000	0.00730147
1450	0.18661300	0.17929700	0.00731605
1451	0.18664100	0.17930900	0.00733185
1452	0.18663200	0.17928400	0.00734865
1453	0.18658000	0.17921300	0.00736647
1454	0.18648900	0.17910400	0.00738499
1455	0.18637600	0.17897200	0.00740393
1456	0.18627200	0.17884800	0.00742322
1457	0.18620600	0.17876300	0.00744285
1458	0.18622600	0.17876400	0.00746260
1459	0.18634900	0.17886700	0.00748225
1460	0.18658900	0.17908700	0.00750175
1461	0.18693600	0.17941500	0.00752118
1462	0.18736200	0.17982200	0.00754037
1463	0.18780300	0.18024300	0.00755996
1464	0.18821700	0.18063700	0.00758035
1465	0.18856600	0.18096400	0.00760171
1466	0.18882400	0.18120000	0.00762434
1467	0.18896100	0.18131200	0.00764821
1468	0.18895000	0.18127600	0.00767336
1469	0.18878100	0.18108100	0.00769962
1470	0.18845100	0.18072400	0.00772708
1471	0.18797300	0.18021700	0.00775580
1472	0.18733900	0.17955400	0.00778577
1473	0.18656900	0.17875200	0.00781699
1474	0.18566000	0.17781000	0.00784944
1475	0.18463400	0.17675100	0.00788307
1476	0.18348800	0.17557000	0.00791786
1477	0.18225700	0.17430400	0.00795363
1478	0.18095300	0.17296300	0.00798999
1479	0.17961800	0.17159100	0.00802688
1480	0.17826400	0.17020000	0.00806379
1481	0.17691100	0.16881100	0.00810034
1482	0.17555200	0.16741600	0.00813638
1483	0.17420000	0.16602800	0.00817145
1484	0.17284300	0.16463800	0.00820520
1485	0.17149700	0.16325900	0.00823738
1486	0.17016100	0.16189300	0.00826771
1487	0.16884000	0.16054400	0.00829603
1488	0.16753400	0.15921100	0.00832227
1489	0.16624200	0.15789600	0.00834625
1490	0.16496600	0.15659800	0.00836786
1491	0.16371100	0.15532400	0.00838734
1492	0.16249800	0.15409300	0.00840481
1493	0.16132100	0.15290000	0.00842076
1494	0.16017300	0.15173800	0.00843533
1495	0.15904800	0.15059900	0.00844854
1496	0.15794100	0.14948100	0.00846051
1497	0.15684800	0.14837600	0.00847131
1498	0.15576600	0.14728600	0.00848080
1499	0.15470300	0.14621400	0.00848919
1500	0.15366400	0.14516800	0.00849648
1501	0.15264300	0.14414000	0.00850272
1502	0.15163700	0.14312900	0.00850811
1503	0.15064600	0.14213300	0.00851269
1504	0.14965700	0.14114000	0.00851662
1505	0.14864900	0.14012900	0.00852005
1506	0.14760200	0.13907900	0.00852283
1507	0.14648800	0.13796300	0.00852508
1508	0.14528800	0.13676100	0.00852681
1509	0.14400100	0.13547300	0.00852820
1510	0.14262500	0.13409600	0.00852966
1511	0.14118600	0.13265500	0.00853114
1512	0.13969400	0.13116200	0.00853246
1513	0.13817500	0.12964000	0.00853438
1514	0.13663600	0.12809900	0.00853670
1515	0.13509900	0.12655900	0.00853940
1516	0.13355800	0.12501600	0.00854242
1517	0.13202200	0.12347600	0.00854628
1518	0.13047500	0.12192400	0.00855086
1519	0.12892000	0.12036400	0.00855588
1520	0.12735500	0.11879400	0.00856123
1521	0.12577300	0.11720700	0.00856619
1522	0.12418600	0.11561500	0.00857113
1523	0.12260000	0.11402400	0.00857541
1524	0.12102300	0.11244400	0.00857962
1525	0.11946300	0.11088000	0.00858298
1526	0.11793700	0.10935100	0.00858562
1527	0.11644200	0.10785400	0.00858784
1528	0.11498200	0.10639200	0.00858949
1529	0.11352700	0.10493600	0.00859036
1530	0.11208000	0.10349100	0.00858965
1531	0.11064900	0.10206100	0.00858820
1532	0.10924600	0.10066000	0.00858593
1533	0.10786600	0.09928270	0.00858383
1534	0.10650600	0.09792480	0.00858130
1535	0.10514200	0.09656350	0.00857869
1536	0.10374800	0.09517200	0.00857615
1537	0.10231100	0.09373750	0.00857377
1538	0.10084700	0.09227470	0.00857202
1539	0.09935870	0.09078750	0.00857115
1540	0.09785240	0.08928080	0.00857160
1541	0.09635050	0.08777700	0.00857345
1542	0.09485520	0.08627830	0.00857692
1543	0.09336340	0.08478190	0.00858147
1544	0.09188990	0.08330270	0.00858719
1545	0.09045340	0.08185940	0.00859398
1546	0.08907040	0.08046830	0.00860210
1547	0.08776580	0.07915430	0.00861146
1548	0.08655580	0.07793340	0.00862237
1549	0.08545040	0.07681560	0.00863483
1550	0.08445930	0.07581110	0.00864824
1551	0.08360130	0.07493880	0.00866250
1552	0.08289410	0.07421650	0.00867763
1553	0.08237160	0.07367800	0.00869358
1554	0.08204170	0.07333140	0.00871023
1555	0.08190800	0.07318070	0.00872730
1556	0.08199730	0.07325260	0.00874472
1557	0.08231860	0.07355660	0.00876204
1558	0.08288200	0.07410330	0.00877865
1559	0.08369790	0.07490360	0.00879431
1560	0.08476970	0.07596050	0.00880918
1561	0.08610090	0.07727800	0.00882293
1562	0.08769160	0.07885600	0.00883568
1563	0.08953180	0.08068440	0.00884734
1564	0.09159800	0.08274040	0.00885758
1565	0.09387370	0.08500780	0.00886588
1566	0.09633970	0.08746780	0.00887183
1567	0.09896570	0.09009060	0.00887508
1568	0.10175200	0.09287640	0.00887531
1569	0.10472900	0.09585630	0.00887225
1570	0.10788900	0.09902350	0.00886558
1571	0.11120000	0.10234500	0.00885525
1572	0.11459900	0.10575800	0.00884147
1573	0.11804800	0.10922400	0.00882410
1574	0.12147100	0.11266800	0.00880309
1575	0.12484500	0.11606700	0.00877803
1576	0.12815500	0.11940700	0.00874799
1577	0.13139400	0.12268100	0.00871311
1578	0.13450300	0.12583000	0.00867342
1579	0.13744100	0.12881200	0.00862901
1580	0.14018400	0.13160500	0.00857973
1581	0.14272000	0.13419400	0.00852543
1582	0.14504000	0.13657300	0.00846657
1583	0.14713800	0.13873400	0.00840358
1584	0.14901800	0.14068100	0.00833721
1585	0.15069800	0.14243000	0.00826816
1586	0.15221100	0.14401400	0.00819692
1587	0.15355500	0.14543000	0.00812427
1588	0.15474500	0.14669500	0.00805088
1589	0.15577700	0.14780000	0.00797735
1590	0.15664400	0.14874100	0.00790351
1591	0.15728900	0.14946000	0.00782901
1592	0.15768500	0.14993100	0.00775372
1593	0.15781100	0.15013400	0.00767779
1594	0.15766400	0.15006300	0.00760089
1595	0.15724100	0.14971700	0.00752394
1596	0.15657100	0.14912400	0.00744725
1597	0.15569800	0.14832600	0.00737158
1598	0.15471000	0.14741200	0.00729789
1599	0.15370800	0.14648100	0.00722672
1600	0.15281800	0.14566000	0.00715787
1601	0.15213700	0.14504500	0.00709141
1602	0.15175200	0.14472500	0.00702725
1603	0.15168900	0.14472300	0.00696555
1604	0.15195000	0.14504300	0.00690683
1605	0.15248900	0.14563900	0.00685075
1606	0.15325500	0.14645800	0.00679784
1607	0.15416700	0.14741800	0.00674903
1608	0.15518700	0.14848200	0.00670467
1609	0.15627200	0.14960700	0.00666517
1610	0.15742300	0.15079200	0.00663100
1611	0.15862000	0.15201800	0.00660269
1612	0.15987500	0.15329500	0.00658023
1613	0.16118500	0.15462200	0.00656332
1614	0.16255900	0.15600700	0.00655172
1615	0.16399600	0.15745100	0.00654507
1616	0.16549100	0.15894700	0.00654314
1617	0.16703600	0.16049000	0.00654586
1618	0.16862000	0.16206700	0.00655312
1619	0.17024900	0.16368500	0.00656465
1620	0.17192900	0.16534900	0.00658012
1621	0.17366800	0.16706900	0.00659902
1622	0.17546400	0.16884300	0.00662098
1623	0.17732500	0.17068000	0.00664547
1624	0.17926100	0.17258900	0.00667189
1625	0.18127400	0.17457500	0.00669959
1626	0.18335400	0.17662600	0.00672801
1627	0.18550800	0.17875200	0.00675670
1628	0.18774100	0.18095600	0.00678481
1629	0.19005900	0.18324700	0.00681203
1630	0.19243600	0.18559900	0.00683759
1631	0.19485500	0.18799400	0.00686121
1632	0.19731000	0.19042700	0.00688271
1633	0.19978300	0.19288100	0.00690207
1634	0.20224100	0.19532200	0.00691950
1635	0.20466700	0.19773100	0.00693549
1636	0.20704000	0.20009000	0.00695041
1637	0.20936200	0.20239700	0.00696467
1638	0.21161600	0.20463700	0.00697895
1639	0.21376400	0.20677000	0.00699393
1640	0.21577100	0.20876100	0.00701004
1641	0.21761000	0.21058200	0.00702738
1642	0.21923900	0.21219300	0.00704617
1643	0.22062600	0.21356000	0.00706643
1644	0.22173000	0.21464200	0.00708824
1645	0.22252600	0.21541400	0.00711179
1646	0.22298100	0.21584400	0.00713702
1647	0.22307200	0.21590900	0.00716355
1648	0.22279100	0.21560000	0.00719119
1649	0.22214100	0.21492100	0.00722004
1650	0.22117500	0.21392400	0.00725039
1651	0.21995700	0.21267500	0.00728260
1652	0.21858600	0.21127000	0.00731677
1653	0.21711800	0.20976500	0.00735325
1654	0.21564600	0.20825400	0.00739232
1655	0.21422100	0.20678700	0.00743388
1656	0.21289900	0.20542100	0.00747790
1657	0.21167100	0.20414600	0.00752437
1658	0.21055000	0.20297700	0.00757326
1659	0.20952400	0.20189900	0.00762473
1660	0.20858200	0.20090400	0.00767870
1661	0.20769300	0.19995800	0.00773497
1662	0.20684900	0.19905500	0.00779343
1663	0.20602800	0.19817400	0.00785376
1664	0.20522200	0.19730700	0.00791551
1665	0.20442500	0.19644700	0.00797826
1666	0.20367100	0.19562900	0.00804160
1667	0.20297500	0.19486900	0.00810543
1668	0.20234800	0.19417800	0.00816950
1669	0.20178900	0.19355500	0.00823343
1670	0.20130000	0.19300300	0.00829703
1671	0.20087500	0.19251500	0.00836021
1672	0.20049700	0.19207400	0.00842267
1673	0.20016400	0.19168000	0.00848467
1674	0.19987000	0.19132400	0.00854637
1675	0.19960800	0.19100000	0.00860774
1676	0.19936300	0.19069400	0.00866894
1677	0.19911400	0.19038400	0.00872987
1678	0.19886000	0.19006900	0.00879035
1679	0.19859400	0.18974400	0.00885005
1680	0.19832500	0.18941600	0.00890897
1681	0.19802000	0.18905300	0.00896677
1682	0.19766300	0.18864000	0.00902310
1683	0.19725600	0.18817800	0.00907742
1684	0.19679900	0.18767100	0.00912888
1685	0.19627500	0.18709800	0.00917697
1686	0.19568200	0.18646000	0.00922155
1687	0.19500800	0.18574600	0.00926213
1688	0.19427200	0.18497300	0.00929881
1689	0.19349300	0.18416200	0.00933142
1690	0.19266300	0.18330300	0.00935991
1691	0.19178700	0.18240300	0.00938426
1692	0.19086300	0.18145800	0.00940464
1693	0.18991400	0.18049300	0.00942106
1694	0.18894400	0.17951000	0.00943397
1695	0.18796500	0.17852100	0.00944395
1696	0.18696900	0.17751800	0.00945134
1697	0.18596100	0.17650500	0.00945588
1698	0.18492100	0.17546300	0.00945778
1699	0.18384000	0.17438300	0.00945695
1700	0.18270000	0.17324600	0.00945395
1701	0.18150200	0.17205300	0.00944902
1702	0.18024900	0.17080700	0.00944225
1703	0.17894100	0.16950700	0.00943339
1704	0.17758600	0.16816400	0.00942264
1705	0.17618400	0.16677400	0.00940983
1706	0.17471500	0.16532000	0.00939511
1707	0.17317300	0.16379400	0.00937881
1708	0.17155900	0.16219700	0.00936165
1709	0.16987500	0.16053100	0.00934387
1710	0.16810500	0.15877900	0.00932577
1711	0.16625000	0.15694300	0.00930726
1712	0.16429800	0.15501000	0.00928798
1713	0.16224100	0.15297200	0.00926813
1714	0.16005900	0.15081200	0.00924709
1715	0.15774100	0.14851600	0.00922548
1716	0.15526900	0.14606500	0.00920353
1717	0.15267300	0.14349200	0.00918145
1718	0.14995500	0.14079600	0.00915905
1719	0.14711300	0.13797700	0.00913655
1720	0.14414000	0.13502600	0.00911378
1721	0.14104900	0.13195900	0.00909084
1722	0.13781800	0.12875000	0.00906799
1723	0.13447900	0.12543300	0.00904560
1724	0.13104200	0.12201700	0.00902429
1725	0.12750100	0.11849700	0.00900399
1726	0.12386900	0.11488300	0.00898535
1727	0.12014300	0.11117500	0.00896819
1728	0.11632200	0.10736900	0.00895285
1729	0.11244600	0.10350600	0.00893937
1730	0.10854300	0.09961520	0.00892784
1731	0.10463900	0.09572130	0.00891805
1732	0.10076200	0.09185270	0.00890969
1733	0.09694300	0.08804000	0.00890305
1734	0.09320220	0.08430490	0.00889736
1735	0.08956820	0.08067550	0.00889276
1736	0.08608720	0.07719820	0.00888893
1737	0.08278530	0.07389910	0.00888612
1738	0.07962430	0.07074050	0.00888375
1739	0.07665960	0.06777720	0.00888245
1740	0.07395390	0.06507180	0.00888211
1741	0.07156460	0.06268200	0.00888255
1742	0.06954190	0.06065790	0.00888403
1743	0.06793630	0.05905030	0.00888603
1744	0.06678900	0.05790080	0.00888819
1745	0.06612760	0.05723740	0.00889022
1746	0.06584080	0.05694850	0.00889233
1747	0.06591650	0.05702160	0.00889498
1748	0.06636860	0.05747080	0.00889780
1749	0.06723490	0.05833380	0.00890106
1750	0.06856770	0.05966350	0.00890423
1751	0.07033990	0.06143290	0.00890699
1752	0.07254530	0.06363670	0.00890863
1753	0.07517290	0.06626440	0.00890843
1754	0.07820580	0.06929930	0.00890656
1755	0.08161160	0.07270930	0.00890224
1756	0.08533720	0.07644270	0.00889456
1757	0.08935040	0.08046730	0.00888306
1758	0.09362030	0.08475260	0.00886766
1759	0.09812520	0.08927730	0.00884789
1760	0.10282900	0.09400480	0.00882382
1761	0.10767100	0.09887670	0.00879478
1762	0.11256500	0.10380400	0.00876114
1763	0.11739600	0.10867300	0.00872224
1764	0.12199200	0.11331400	0.00867746
1765	0.12620600	0.11757900	0.00862613
1766	0.12995100	0.12138300	0.00856878
1767	0.13319400	0.12468800	0.00850596
1768	0.13597100	0.12753300	0.00843824
1769	0.13838300	0.13001700	0.00836565
1770	0.14052500	0.13223700	0.00828802
1771	0.14250600	0.13430000	0.00820547
1772	0.14435900	0.13624000	0.00811820
1773	0.14611200	0.13808500	0.00802695
1774	0.14771800	0.13978500	0.00793238
1775	0.14915100	0.14131600	0.00783460
1776	0.15034000	0.14260500	0.00773451
1777	0.15123200	0.14359800	0.00763308
1778	0.15179100	0.14425900	0.00753153
1779	0.15200000	0.14456900	0.00743149
1780	0.15186900	0.14453600	0.00733321
1781	0.15143300	0.14419500	0.00723765
1782	0.15074900	0.14360300	0.00714603
1783	0.14989700	0.14283800	0.00705898
1784	0.14897200	0.14199600	0.00697630
1785	0.14806000	0.14116200	0.00689780
1786	0.14724800	0.14042400	0.00682360
1787	0.14660900	0.13985500	0.00675389
1788	0.14619700	0.13950800	0.00668900
1789	0.14602600	0.13939700	0.00662884
1790	0.14608900	0.13951500	0.00657385
1791	0.14636000	0.13983700	0.00652252
1792	0.14680800	0.14033400	0.00647450
1793	0.14739400	0.14096400	0.00643054
1794	0.14808300	0.14169200	0.00639077
1795	0.14884600	0.14249000	0.00635554
1796	0.14966000	0.14333500	0.00632512
1797	0.15051200	0.14421200	0.00629997
1798	0.15139600	0.14511600	0.00628039
1799	0.15231700	0.14605100	0.00626635
1800	0.15328000	0.14702200	0.00625765
1801	0.15429100	0.14803700	0.00625412
1802	0.15536100	0.14910500	0.00625551
1803	0.15649500	0.15023400	0.00626147
1804	0.15770000	0.15142800	0.00627168
1805	0.15897700	0.15269100	0.00628590
1806	0.16032400	0.15402000	0.00630412
1807	0.16174100	0.15541500	0.00632592
1808	0.16322000	0.15686900	0.00635112
1809	0.16475700	0.15837800	0.00637945
1810	0.16634400	0.15993400	0.00641071
1811	0.16798500	0.16154100	0.00644452
1812	0.16968200	0.16320100	0.00648019
1813	0.17143700	0.16492000	0.00651732
1814	0.17324200	0.16668700	0.00655565
1815	0.17508500	0.16849100	0.00659446
1816	0.17695500	0.17032200	0.00663300
1817	0.17879400	0.17212300	0.00667088
1818	0.18060500	0.17389800	0.00670776
1819	0.18239500	0.17565200	0.00674329
1820	0.18416500	0.17738800	0.00677704
1821	0.18591500	0.17910600	0.00680875
1822	0.18764900	0.18081000	0.00683852
1823	0.18937100	0.18250400	0.00686651
1824	0.19108100	0.18418800	0.00689266
1825	0.19277600	0.18585800	0.00691737
1826	0.19442700	0.18748600	0.00694119
1827	0.19601300	0.18904800	0.00696462
1828	0.19750100	0.19051400	0.00698779
1829	0.19887200	0.19186100	0.00701097
1830	0.20009800	0.19306400	0.00703408
1831	0.20118200	0.19412500	0.00705698
1832	0.20211500	0.19503500	0.00707952
1833	0.20289600	0.19579400	0.00710162
1834	0.20350100	0.19637800	0.00712329
1835	0.20390400	0.19675900	0.00714463
1836	0.20407700	0.19691100	0.00716576
1837	0.20402800	0.19684100	0.00718696
1838	0.20377500	0.19656600	0.00720882
1839	0.20334300	0.19611200	0.00723172
1840	0.20277300	0.19551700	0.00725587
1841	0.20207100	0.19478900	0.00728126
1842	0.20133700	0.19402900	0.00730797
1843	0.20063000	0.19329400	0.00733619
1844	0.19998200	0.19261500	0.00736624
1845	0.19940600	0.19200800	0.00739801
1846	0.19890000	0.19146900	0.00743149
1847	0.19846700	0.19100100	0.00746671
1848	0.19808200	0.19057900	0.00750354
1849	0.19771000	0.19016800	0.00754202
1850	0.19732400	0.18974200	0.00758238
1851	0.19690700	0.18928200	0.00762490
1852	0.19643900	0.18877000	0.00766949
1853	0.19591600	0.18820000	0.00771602
1854	0.19535400	0.18759000	0.00776469
1855	0.19476500	0.18695000	0.00781554
1856	0.19418400	0.18631500	0.00786840
1857	0.19361400	0.18569100	0.00792335
1858	0.19306100	0.18508000	0.00798055
1859	0.19251700	0.18447700	0.00803980
1860	0.19197300	0.18387200	0.00810097
1861	0.19142500	0.18326100	0.00816389
1862	0.19086900	0.18264100	0.00822809
1863	0.19031000	0.18201700	0.00829312
1864	0.18974600	0.18138800	0.00835850
1865	0.18916900	0.18074500	0.00842342
1866	0.18858200	0.18009400	0.00848740
1867	0.18798100	0.17943000	0.00855014
1868	0.18736500	0.17875300	0.00861131
1869	0.18671500	0.17804500	0.00867058
1870	0.18600400	0.17727600	0.00872786
1871	0.18521300	0.17643000	0.00878268
1872	0.18433700	0.17550200	0.00883513
1873	0.18336900	0.17448400	0.00888501
1874	0.18230400	0.17337200	0.00893230
1875	0.18113800	0.17216100	0.00897692
1876	0.17984800	0.17082900	0.00901893
1877	0.17844000	0.16938100	0.00905850
1878	0.17688900	0.16779300	0.00909557
1879	0.17520800	0.16607800	0.00913031
1880	0.17339400	0.16423100	0.00916262
1881	0.17142900	0.16223700	0.00919280
1882	0.16930100	0.16008000	0.00922125
1883	0.16700000	0.15775200	0.00924795
1884	0.16453000	0.15525700	0.00927298
1885	0.16189600	0.15259900	0.00929671
1886	0.15911800	0.14979800	0.00931913
1887	0.15619400	0.14685300	0.00934021
1888	0.15313800	0.14377800	0.00935992
1889	0.14996200	0.14058300	0.00937864
1890	0.14669700	0.13730100	0.00939633
1891	0.14336200	0.13394800	0.00941353
1892	0.13998400	0.13055400	0.00942968
1893	0.13657100	0.12712700	0.00944462
1894	0.13314600	0.12368800	0.00945790
1895	0.12971500	0.12024500	0.00946946
1896	0.12629300	0.11681400	0.00947904
1897	0.12287700	0.11339000	0.00948710
1898	0.11948500	0.10999100	0.00949405
1899	0.11609600	0.10659700	0.00949977
1900	0.11272900	0.10322500	0.00950392
1901	0.10936800	0.09986180	0.00950658
1902	0.10605400	0.09654590	0.00950781
1903	0.10281000	0.09330240	0.00950794
1904	0.09967870	0.09017280	0.00950589
1905	0.09669120	0.08718900	0.00950225
1906	0.09386450	0.08436720	0.00949728
1907	0.09118830	0.08169660	0.00949165
1908	0.08864580	0.07916060	0.00948517
1909	0.08622690	0.07674920	0.00947771
1910	0.08389980	0.07442990	0.00946995
1911	0.08167430	0.07221250	0.00946185
1912	0.07951720	0.07006290	0.00945423
1913	0.07744790	0.06800090	0.00944697
1914	0.07544290	0.06600250	0.00944039
1915	0.07353260	0.06409740	0.00943513
1916	0.07168220	0.06225070	0.00943143
1917	0.06990940	0.06048020	0.00942919
1918	0.06817360	0.05874520	0.00942848
1919	0.06648200	0.05705320	0.00942883
1920	0.06483260	0.05540260	0.00943007
1921	0.06323980	0.05380760	0.00943219
1922	0.06170900	0.05227390	0.00943517
1923	0.06024390	0.05080490	0.00943907
1924	0.05883780	0.04939480	0.00944308
1925	0.05749350	0.04804670	0.00944680
1926	0.05621350	0.04676290	0.00945056
1927	0.05497530	0.04552070	0.00945461
1928	0.05380810	0.04434890	0.00945915
1929	0.05271410	0.04325080	0.00946331
1930	0.05172900	0.04226190	0.00946707
1931	0.05088390	0.04141400	0.00946987
1932	0.05025270	0.04078120	0.00947148
1933	0.04986180	0.04038990	0.00947186
1934	0.04972940	0.04025810	0.00947129
1935	0.04985030	0.04038080	0.00946950
1936	0.05021620	0.04075010	0.00946608
1937	0.05082400	0.04136350	0.00946052
1938	0.05160400	0.04215120	0.00945281
1939	0.05257750	0.04313510	0.00944245
1940	0.05379120	0.04436210	0.00942907
1941	0.05528070	0.04586800	0.00941272
1942	0.05713870	0.04774590	0.00939273
1943	0.05942770	0.05005780	0.00936982
1944	0.06220010	0.05285610	0.00934403
1945	0.06549320	0.05617740	0.00931579
1946	0.06926510	0.05998060	0.00928445
1947	0.07346050	0.06421110	0.00924949
1948	0.07804700	0.06883700	0.00921001
1949	0.08301590	0.07385020	0.00916569
1950	0.08836140	0.07924500	0.00911640
1951	0.09402960	0.08496760	0.00906201
1952	0.09986200	0.09085930	0.00900271
1953	0.10565300	0.09671430	0.00893829
1954	0.11129000	0.10242100	0.00886899
1955	0.11657600	0.10778100	0.00879445
1956	0.12134800	0.11263300	0.00871545
1957	0.12543000	0.11679700	0.00863295
1958	0.12885200	0.12030500	0.00854748
1959	0.13172400	0.12326500	0.00845894
1960	0.13420000	0.12583200	0.00836754
1961	0.13640000	0.12812600	0.00827390
1962	0.13839200	0.13021300	0.00817884
1963	0.14019700	0.13211500	0.00808267
1964	0.14180500	0.13381900	0.00798617
1965	0.14313800	0.13524900	0.00788920
1966	0.14415900	0.13636700	0.00779187
1967	0.14482400	0.13712900	0.00769485
1968	0.14515500	0.13755700	0.00759833
1969	0.14516200	0.13765900	0.00750217
1970	0.14489900	0.13749200	0.00740656
1971	0.14441700	0.13710500	0.00731239
1972	0.14382100	0.13660100	0.00722000
1973	0.14320100	0.13607300	0.00712894
1974	0.14264900	0.13561000	0.00703875
1975	0.14227200	0.13532300	0.00694952
1976	0.14213300	0.13527100	0.00686183
1977	0.14228300	0.13550700	0.00677629
1978	0.14268900	0.13599500	0.00669349
1979	0.14333300	0.13671900	0.00661395
1980	0.14414600	0.13760700	0.00653885
1981	0.14510400	0.13863500	0.00646893
1982	0.14616400	0.13975900	0.00640485
1983	0.14731600	0.14096900	0.00634711
1984	0.14852600	0.14223000	0.00629605
1985	0.14980300	0.14355100	0.00625174
1986	0.15111000	0.14489600	0.00621430
1987	0.15246900	0.14628600	0.00618359
1988	0.15384300	0.14768400	0.00615928
1989	0.15525600	0.14911500	0.00614099
1990	0.15670000	0.15057100	0.00612847
1991	0.15816700	0.15204600	0.00612177
1992	0.15964300	0.15352200	0.00612061
1993	0.16111400	0.15499000	0.00612467
1994	0.16257600	0.15644300	0.00613364
1995	0.16401700	0.15787000	0.00614706
1996	0.16543800	0.15927300	0.00616467
1997	0.16688600	0.16069900	0.00618623
1998	0.16836100	0.16215000	0.00621151
1999	0.16985000	0.16361000	0.00624026
2000	0.17133400	0.16506200	0.00627223
2001	0.17279600	0.16648900	0.00630679
2002	0.17422300	0.16788000	0.00634322
2003	0.17561800	0.16923700	0.00638107
2004	0.17700500	0.17058500	0.00641963
2005	0.17839900	0.17194100	0.00645830
2006	0.17981000	0.17331400	0.00649649
2007	0.18123700	0.17470300	0.00653387
2008	0.18268400	0.17611400	0.00657000
2009	0.18413800	0.17753400	0.00660468
2010	0.18558800	0.17895000	0.00663799
2011	0.18701200	0.18034200	0.00666994
2012	0.18839200	0.18169100	0.00670065
2013	0.18975000	0.18301900	0.00673036
2014	0.19098700	0.18422900	0.00675897
2015	0.19209800	0.18531100	0.00678678
2016	0.19309600	0.18628200	0.00681361
2017	0.19395600	0.18711600	0.00683981
2018	0.19466200	0.18779600	0.00686559
2019	0.19516400	0.18827300	0.00689106
2020	0.19543000	0.18851300	0.00691656
2021	0.19541900	0.18847700	0.00694230
2022	0.19517000	0.18820100	0.00696847
2023	0.19464600	0.18765100	0.00699527
2024	0.19378400	0.18676100	0.00702299
2025	0.19257000	0.18551800	0.00705213
2026	0.19104700	0.18396400	0.00708289
2027	0.18930800	0.18219200	0.00711577
2028	0.18747000	0.18031900	0.00715115
2029	0.18565100	0.17846200	0.00718944
2030	0.18396800	0.17673700	0.00723103
2031	0.18249300	0.17521700	0.00727622
2032	0.18128900	0.17396300	0.00732526
2033	0.18038200	0.17300400	0.00737769
2034	0.17976900	0.17233600	0.00743320
2035	0.17941800	0.17192600	0.00749147
2036	0.17929300	0.17174100	0.00755214
2037	0.17933300	0.17171800	0.00761496
2038	0.17946500	0.17178500	0.00767941
2039	0.17964200	0.17189600	0.00774528
2040	0.17982200	0.17200900	0.00781252
2041	0.17998600	0.17210600	0.00788079
2042	0.18012300	0.17217400	0.00794987
2043	0.18023900	0.17221900	0.00801971
2044	0.18032500	0.17223500	0.00809007
2045	0.18038200	0.17222200	0.00816058
2046	0.18039100	0.17216000	0.00823073
2047	0.18035400	0.17205400	0.00830015
2048	0.18024900	0.17188100	0.00836826
2049	0.18008100	0.17164600	0.00843455
2050	0.17984400	0.17134500	0.00849854
2051	0.17955100	0.17099100	0.00855994
2052	0.17919500	0.17057600	0.00861860
2053	0.17878800	0.17011400	0.00867424
2054	0.17833400	0.16960700	0.00872663
2055	0.17783900	0.16906400	0.00877571
2056	0.17730500	0.16848300	0.00882148
2057	0.17675600	0.16789200	0.00886401
2058	0.17619300	0.16729000	0.00890344
2059	0.17562000	0.16668000	0.00894002
2060	0.17502500	0.16605100	0.00897391
2061	0.17442100	0.16541600	0.00900514
2062	0.17380100	0.16476700	0.00903392
2063	0.17317300	0.16411300	0.00906036
2064	0.17252600	0.16344100	0.00908465
2065	0.17185400	0.16274800	0.00910692
2066	0.17115000	0.16202200	0.00912736
2067	0.17040300	0.16125700	0.00914642
2068	0.16961400	0.16044900	0.00916429
2069	0.16878600	0.15960500	0.00918116
2070	0.16790800	0.15871200	0.00919674
2071	0.16699300	0.15778200	0.00921144
2072	0.16605100	0.15682500	0.00922547
2073	0.16508300	0.15584400	0.00923894
2074	0.16407800	0.15482600	0.00925171
2075	0.16304700	0.15378400	0.00926368
2076	0.16199000	0.15271500	0.00927526
2077	0.16090200	0.15161600	0.00928666
2078	0.15977300	0.15047500	0.00929785
2079	0.15858900	0.14928100	0.00930821
2080	0.15734100	0.14802400	0.00931714
2081	0.15602200	0.14669800	0.00932444
2082	0.15463100	0.14530100	0.00932948
2083	0.15315100	0.14381800	0.00933270
2084	0.15156200	0.14222900	0.00933323
2085	0.14985900	0.14052700	0.00933185
2086	0.14802300	0.13869500	0.00932786
2087	0.14604800	0.13672600	0.00932188
2088	0.14392600	0.13461400	0.00931268
2089	0.14165800	0.13235800	0.00930034
2090	0.13922400	0.12993800	0.00928565
2091	0.13663600	0.12736800	0.00926866
2092	0.13388800	0.12463800	0.00925020
2093	0.13100500	0.12177500	0.00922987
2094	0.12800800	0.11880000	0.00920815
2095	0.12491300	0.11572700	0.00918584
2096	0.12170600	0.11254400	0.00916264
2097	0.11837900	0.10923900	0.00913951
2098	0.11494900	0.10583200	0.00911651
2099	0.11143600	0.10234100	0.00909475
2100	0.10788500	0.09881130	0.00907414
2101	0.10430200	0.09524760	0.00905452
2102	0.10068800	0.09165120	0.00903646
2103	0.09705940	0.08803970	0.00901965
2104	0.09346040	0.08445580	0.00900463
2105	0.08993480	0.08094360	0.00899121
2106	0.08648510	0.07750570	0.00897941
2107	0.08314240	0.07417340	0.00896896
2108	0.07991500	0.07095590	0.00895905
2109	0.07684920	0.06790000	0.00894924
2110	0.07396430	0.06502520	0.00893910
2111	0.07129970	0.06237080	0.00892891
2112	0.06887530	0.05995750	0.00891786
2113	0.06674750	0.05784100	0.00890654
2114	0.06493570	0.05604100	0.00889472
2115	0.06350440	0.05462180	0.00888261
2116	0.06247490	0.05360380	0.00887109
2117	0.06192990	0.05307060	0.00885930
2118	0.06183680	0.05298880	0.00884797
2119	0.06220170	0.05336470	0.00883705
2120	0.06302240	0.05419620	0.00882627
2121	0.06427650	0.05546010	0.00881633
2122	0.06594720	0.05714020	0.00880703
2123	0.06789060	0.05909210	0.00879849
2124	0.07013620	0.06134540	0.00879083
2125	0.07284620	0.06406240	0.00878374
2126	0.07591580	0.06713890	0.00877683
2127	0.07940020	0.07063060	0.00876961
2128	0.08321210	0.07445030	0.00876181
2129	0.08733230	0.07857930	0.00875298
2130	0.09168290	0.08294020	0.00874274
2131	0.09635920	0.08762800	0.00873127
2132	0.10122300	0.09250490	0.00871836
2133	0.10620100	0.09749660	0.00870449
2134	0.11120300	0.10251300	0.00868917
2135	0.11611500	0.10744300	0.00867196
2136	0.12082400	0.11217200	0.00865211
2137	0.12520100	0.11657200	0.00862975
2138	0.12910700	0.12050300	0.00860387
2139	0.13250700	0.12393300	0.00857423
2140	0.13539100	0.12685000	0.00854071
2141	0.13784700	0.12934400	0.00850349
2142	0.13997700	0.13151500	0.00846212
2143	0.14187900	0.13346200	0.00841659
2144	0.14366500	0.13529800	0.00836696
2145	0.14541400	0.13710200	0.00831266
2146	0.14713400	0.13888000	0.00825364
2147	0.14876200	0.14057200	0.00819048
2148	0.15023900	0.14211600	0.00812328
2149	0.15148000	0.14342800	0.00805237
2150	0.15247500	0.14449700	0.00797781
2151	0.15317700	0.14527700	0.00790045
2152	0.15358900	0.14576700	0.00782168
2153	0.15369600	0.14595300	0.00774264
2154	0.15354300	0.14587900	0.00766419
2155	0.15313300	0.14554700	0.00758677
2156	0.15254400	0.14503200	0.00751115
2157	0.15183500	0.14439800	0.00743749
2158	0.15109300	0.14372800	0.00736536
2159	0.15039700	0.14310300	0.00729453
2160	0.14981900	0.14259400	0.00722460
2161	0.14942700	0.14227200	0.00715498
2162	0.14925400	0.14216700	0.00708605
2163	0.14933300	0.14231400	0.00701861
2164	0.14964300	0.14269000	0.00695296
2165	0.15018600	0.14329600	0.00688932
2166	0.15090900	0.14408100	0.00682802
2167	0.15179700	0.14502800	0.00676942
2168	0.15280300	0.14608900	0.00671388
2169	0.15390600	0.14724400	0.00666190
2170	0.15507500	0.14846000	0.00661441
2171	0.15629700	0.14972500	0.00657202
2172	0.15755600	0.15102100	0.00653479
2173	0.15885300	0.15235000	0.00650263
2174	0.16018600	0.15371100	0.00647538
2175	0.16155800	0.15510500	0.00645275
2176	0.16297600	0.15654100	0.00643472
2177	0.16444600	0.15802400	0.00642116
2178	0.16593800	0.15952600	0.00641216
2179	0.16745600	0.16104900	0.00640734
2180	0.16901000	0.16260400	0.00640678
2181	0.17059700	0.16418600	0.00641045
2182	0.17220900	0.16579000	0.00641834
2183	0.17384300	0.16741200	0.00643023
2184	0.17552200	0.16907600	0.00644605
2185	0.17723300	0.17076700	0.00646582
2186	0.17893400	0.17244500	0.00648938
2187	0.18059900	0.17408200	0.00651638
2188	0.18222800	0.17568200	0.00654629
2189	0.18382700	0.17724800	0.00657872
2190	0.18540500	0.17879100	0.00661313
2191	0.18697100	0.18032200	0.00664893
2192	0.18852400	0.18183800	0.00668555
2193	0.19005900	0.18333600	0.00672254
2194	0.19156400	0.18480500	0.00675972
2195	0.19302600	0.18622900	0.00679710
2196	0.19443300	0.18759800	0.00683495
2197	0.19577100	0.18889800	0.00687317
2198	0.19703400	0.19012200	0.00691212
2199	0.19820200	0.19125000	0.00695191
2200	0.19931500	0.19232200	0.00699239
2201	0.20035400	0.19332000	0.00703382
2202	0.20128400	0.19420800	0.00707615
2203	0.20207500	0.19495600	0.00711975
2204	0.20271900	0.19555500	0.00716452
2205	0.20320000	0.19598900	0.00721077
2206	0.20351600	0.19625800	0.00725839
2207	0.20365600	0.19634900	0.00730699
2208	0.20360000	0.19624400	0.00735621
2209	0.20331500	0.19590900	0.00740587
2210	0.20278800	0.19533200	0.00745606
2211	0.20202000	0.19451300	0.00750657
2212	0.20099600	0.19343800	0.00755758
2213	0.19969400	0.19208500	0.00760919
2214	0.19814800	0.19048700	0.00766113
2215	0.19636600	0.18865300	0.00771349
2216	0.19444800	0.18668200	0.00776625
2217	0.19244700	0.18462700	0.00781964
2218	0.19045400	0.18258000	0.00787398
2219	0.18852000	0.18059100	0.00792922
2220	0.18669000	0.17870400	0.00798531
2221	0.18497300	0.17693100	0.00804182
2222	0.18336600	0.17526700	0.00809813
2223	0.18187800	0.17372400	0.00815395
2224	0.18051300	0.17230400	0.00820876
2225	0.17926500	0.17100200	0.00826259
2226	0.17812100	0.16980600	0.00831510
2227	0.17706100	0.16869500	0.00836660
2228	0.17607100	0.16765400	0.00841701
2229	0.17514100	0.16667500	0.00846609
2230	0.17428100	0.16576600	0.00851415
2231	0.17347800	0.16491700	0.00856134
2232	0.17274100	0.16413400	0.00860744
2233	0.17206200	0.16340900	0.00865247
2234	0.17144600	0.16274900	0.00869627
2235	0.17089100	0.16215200	0.00873891
2236	0.17039000	0.16161000	0.00878011
2237	0.16993600	0.16111600	0.00881999
2238	0.16952300	0.16066500	0.00885817
2239	0.16914600	0.16025100	0.00889526
2240	0.16880500	0.15987400	0.00893129
2241	0.16848800	0.15952300	0.00896595
2242	0.16818200	0.15918400	0.00899875
2243	0.16786300	0.15883400	0.00902909
2244	0.16752200	0.15846600	0.00905657
2245	0.16712800	0.15804600	0.00908151
2246	0.16668400	0.15757800	0.00910598
2247	0.16616500	0.15703600	0.00912912
2248	0.16556400	0.15641400	0.00914982
2249	0.16486700	0.15569800	0.00916918
2250	0.16407000	0.15488200	0.00918783
2251	0.16314000	0.15393500	0.00920449
2252	0.16206200	0.15284200	0.00922043
2253	0.16081500	0.15157700	0.00923797
2254	0.15939800	0.15014100	0.00925698
2255	0.15777500	0.14849900	0.00927642
2256	0.15594600	0.14665000	0.00929617
2257	0.15389400	0.14457800	0.00931672
2258	0.15163100	0.14229300	0.00933815
2259	0.14916200	0.13980100	0.00936066
2260	0.14647700	0.13709300	0.00938430
2261	0.14356800	0.13416000	0.00940887
2262	0.14042100	0.13098700	0.00943431
2263	0.13704800	0.12758900	0.00945979
2264	0.13345800	0.12397300	0.00948484
2265	0.12964500	0.12013600	0.00950925
2266	0.12565500	0.11612200	0.00953302
2267	0.12150100	0.11194500	0.00955598
2268	0.11721700	0.10763900	0.00957765
2269	0.11284000	0.10324200	0.00959795
2270	0.10840400	0.09878750	0.00961660
2271	0.10392800	0.09429420	0.00963372
2272	0.09943010	0.08978000	0.00965008
2273	0.09490890	0.08524310	0.00966578
2274	0.09038840	0.08070760	0.00968074
2275	0.08589750	0.07620270	0.00969482
2276	0.08146870	0.07176070	0.00970800
2277	0.07714220	0.06742200	0.00972025
2278	0.07294850	0.06321670	0.00973178
2279	0.06891820	0.05917590	0.00974224
2280	0.06507460	0.05532350	0.00975107
2281	0.06142480	0.05166710	0.00975772
2282	0.05799680	0.04823500	0.00976182
2283	0.05480890	0.04504610	0.00976282
2284	0.05190450	0.04214320	0.00976131
2285	0.04933260	0.03957520	0.00975745
2286	0.04714980	0.03739810	0.00975162
2287	0.04538870	0.03564440	0.00974428
2288	0.04410710	0.03437240	0.00973471
2289	0.04335350	0.03363060	0.00972284
2290	0.04318460	0.03347630	0.00970830
2291	0.04365700	0.03396570	0.00969129
2292	0.04478500	0.03511320	0.00967177
2293	0.04658810	0.03693830	0.00964974
2294	0.04901280	0.03938740	0.00962542
2295	0.05200530	0.04240660	0.00959871
2296	0.05548380	0.04591380	0.00957003
2297	0.05938440	0.04984630	0.00953802
2298	0.06367550	0.05417440	0.00950117
2299	0.06831790	0.05885960	0.00945825
2300	0.07322620	0.06381680	0.00940937
2301	0.07819000	0.06883410	0.00935596
2302	0.08303380	0.07373770	0.00929618
2303	0.08758660	0.07835660	0.00923000
2304	0.09167670	0.08251860	0.00915809
2305	0.09518470	0.08610370	0.00908104
2306	0.09802420	0.08902480	0.00899942
2307	0.10024800	0.09133580	0.00891251
2308	0.10202200	0.09320150	0.00882099
2309	0.10349600	0.09477110	0.00872509
2310	0.10479900	0.09617440	0.00862480
2311	0.10599000	0.09746930	0.00852062
2312	0.10707300	0.09865940	0.00841307
2313	0.10802600	0.09972270	0.00830316
2314	0.10881400	0.10062300	0.00819154
2315	0.10942000	0.10134000	0.00807956
2316	0.10980600	0.10183800	0.00796795
2317	0.10995400	0.10209500	0.00785900
2318	0.10988500	0.10213200	0.00775276
2319	0.10964300	0.10199300	0.00764927
2320	0.10932000	0.10177200	0.00754822
2321	0.10902300	0.10157300	0.00744968
2322	0.10885800	0.10150500	0.00735368
2323	0.10892500	0.10166400	0.00726097
2324	0.10929300	0.10212100	0.00717167
2325	0.11001000	0.10292400	0.00708597
2326	0.11107300	0.10406900	0.00700356
2327	0.11244000	0.10551600	0.00692429
2328	0.11405700	0.10720900	0.00684826
2329	0.11586600	0.10909000	0.00677595
2330	0.11779300	0.11108500	0.00670845
2331	0.11979300	0.11314600	0.00664659
2332	0.12182200	0.11523100	0.00659062
2333	0.12386400	0.11732400	0.00654086
2334	0.12591500	0.11941800	0.00649748
2335	0.12795900	0.12149800	0.00646054
2336	0.13000400	0.12357400	0.00643014
2337	0.13205400	0.12564800	0.00640636
2338	0.13408100	0.12769200	0.00638885
2339	0.13605800	0.12968000	0.00637739
2340	0.13796800	0.13159600	0.00637167
2341	0.13981100	0.13343900	0.00637154
2342	0.14159600	0.13521900	0.00637703
2343	0.14334100	0.13695300	0.00638800
2344	0.14506800	0.13866300	0.00640432
2345	0.14678800	0.14036300	0.00642572
2346	0.14851800	0.14206600	0.00645199
2347	0.15023200	0.14375000	0.00648271
2348	0.15194100	0.14542300	0.00651741
2349	0.15365800	0.14710200	0.00655566
2350	0.15536900	0.14877200	0.00659701
2351	0.15709000	0.15044900	0.00664081
2352	0.15878200	0.15209500	0.00668685
2353	0.16043300	0.15369800	0.00673461
2354	0.16204300	0.15525900	0.00678339
2355	0.16358800	0.15675500	0.00683282
2356	0.16510100	0.15821900	0.00688234
2357	0.16657700	0.15964600	0.00693107
2358	0.16805800	0.16108000	0.00697838
2359	0.16958400	0.16256100	0.00702348
2360	0.17118600	0.16412000	0.00706598
2361	0.17285600	0.16575000	0.00710587
2362	0.17458800	0.16744500	0.00714328
2363	0.17634500	0.16916700	0.00717829
2364	0.17810000	0.17088900	0.00721120
2365	0.17980000	0.17255800	0.00724228
2366	0.18140300	0.17413200	0.00727185
2367	0.18285600	0.17555600	0.00730048
2368	0.18412200	0.17679300	0.00732855
2369	0.18515400	0.17779800	0.00735631
2370	0.18592400	0.17854100	0.00738358
2371	0.18639900	0.17898900	0.00741007
2372	0.18658700	0.17915100	0.00743607
2373	0.18652600	0.17906400	0.00746195
2374	0.18624700	0.17875900	0.00748801
2375	0.18582200	0.17830700	0.00751486
2376	0.18533400	0.17779100	0.00754270
2377	0.18484500	0.17727300	0.00757190
2378	0.18439500	0.17679200	0.00760297
2379	0.18399900	0.17636300	0.00763631
2380	0.18367500	0.17600300	0.00767208
2381	0.18341900	0.17570800	0.00771054
2382	0.18323100	0.17547900	0.00775194
2383	0.18309900	0.17530300	0.00779611
2384	0.18300700	0.17516400	0.00784256
2385	0.18292600	0.17503500	0.00789095
2386	0.18283800	0.17489700	0.00794120
2387	0.18272700	0.17473500	0.00799274
2388	0.18258900	0.17454400	0.00804481
2389	0.18241900	0.17432200	0.00809654
2390	0.18223000	0.17408200	0.00814720
2391	0.18201500	0.17381900	0.00819599
2392	0.18178300	0.17354100	0.00824247
2393	0.18153600	0.17324900	0.00828625
2394	0.18127900	0.17295200	0.00832706
2395	0.18100200	0.17263700	0.00836476
2396	0.18070400	0.17230400	0.00839949
2397	0.18037100	0.17193900	0.00843131
2398	0.18000700	0.17154700	0.00846031
2399	0.17959700	0.17111000	0.00848675
2400	0.17914200	0.17063100	0.00851074
2401	0.17863700	0.17010400	0.00853243
2402	0.17808400	0.16953200	0.00855194
2403	0.17748100	0.16891100	0.00856953
2404	0.17681900	0.16823400	0.00858549
2405	0.17609000	0.16749000	0.00860009
2406	0.17528600	0.16667300	0.00861357
2407	0.17439300	0.16576600	0.00862618
2408	0.17340400	0.16476600	0.00863813
2409	0.17233400	0.16368400	0.00864961
2410	0.17117000	0.16251000	0.00866090
2411	0.16994000	0.16126700	0.00867242
2412	0.16864700	0.15996300	0.00868416
2413	0.16730800	0.15861100	0.00869640
2414	0.16590900	0.15720000	0.00870894
2415	0.16446400	0.15574200	0.00872176
2416	0.16294000	0.15420600	0.00873480
2417	0.16134900	0.15260100	0.00874805
2418	0.15966700	0.15090500	0.00876174
2419	0.15790900	0.14913300	0.00877553
2420	0.15608500	0.14729500	0.00878946
2421	0.15419800	0.14539400	0.00880349
2422	0.15223600	0.14341900	0.00881730
2423	0.15021400	0.14138300	0.00883083
2424	0.14811400	0.13927000	0.00884409
2425	0.14593700	0.13708000	0.00885739
2426	0.14368500	0.13481400	0.00887071
2427	0.14137700	0.13249300	0.00888375
2428	0.13902000	0.13012400	0.00889646
2429	0.13660600	0.12769800	0.00890850
2430	0.13413200	0.12521200	0.00892021
2431	0.13160200	0.12267100	0.00893152
2432	0.12902200	0.12007900	0.00894333
2433	0.12639900	0.11744500	0.00895415
2434	0.12371700	0.11475300	0.00896437
2435	0.12095600	0.11198400	0.00897279
2436	0.11810100	0.10912000	0.00898010
2437	0.11515500	0.10617000	0.00898545
2438	0.11212500	0.10313600	0.00898919
2439	0.10901800	0.10002700	0.00899151
2440	0.10582200	0.09682980	0.00899234
2441	0.10251700	0.09352440	0.00899228
2442	0.09910520	0.09011420	0.00899102
2443	0.09560290	0.08661420	0.00898867
2444	0.09202450	0.08303820	0.00898638
2445	0.08838470	0.07940050	0.00898420
2446	0.08472250	0.07574020	0.00898228
2447	0.08105910	0.07207800	0.00898103
2448	0.07741830	0.06843820	0.00898010
2449	0.07382460	0.06484450	0.00898014
2450	0.07029650	0.06131590	0.00898060
2451	0.06683610	0.05785360	0.00898256
2452	0.06345000	0.05446380	0.00898614
2453	0.06014800	0.05115690	0.00899108
2454	0.05694860	0.04795090	0.00899768
2455	0.05387750	0.04487300	0.00900453
2456	0.05094800	0.04193710	0.00901095
2457	0.04817400	0.03915830	0.00901565
2458	0.04556170	0.03654360	0.00901816
2459	0.04312200	0.03410390	0.00901807
2460	0.04086520	0.03184980	0.00901542
2461	0.03880290	0.02979290	0.00900999
2462	0.03689680	0.02789410	0.00900272
2463	0.03521400	0.02622000	0.00899399
2464	0.03381980	0.02483560	0.00898425
2465	0.03279210	0.02381860	0.00897348
2466	0.03216210	0.02320070	0.00896133
2467	0.03192870	0.02298060	0.00894813
2468	0.03206270	0.02312920	0.00893343
2469	0.03249400	0.02357540	0.00891852
2470	0.03333520	0.02443230	0.00890290
2471	0.03458050	0.02569320	0.00888732
2472	0.03624840	0.02737600	0.00887247
2473	0.03833240	0.02947410	0.00885833
2474	0.04081240	0.03196720	0.00884519
2475	0.04368000	0.03484690	0.00883311
2476	0.04693230	0.03811090	0.00882140
2477	0.05057860	0.04176900	0.00880967
2478	0.05455530	0.04575830	0.00879701
2479	0.05877980	0.04999700	0.00878275
2480	0.06317060	0.05440400	0.00876664
2481	0.06766160	0.05891360	0.00874801
2482	0.07216700	0.06344030	0.00872675
2483	0.07665960	0.06795710	0.00870249
2484	0.08112900	0.07245370	0.00867531
2485	0.08555030	0.07690520	0.00864504
2486	0.08986240	0.08125110	0.00861129
2487	0.09406610	0.08549250	0.00857361
2488	0.09809650	0.08956470	0.00853177
2489	0.10191300	0.09342720	0.00848542
2490	0.10548400	0.09704950	0.00843448
2491	0.10882100	0.10044100	0.00837938
2492	0.11192100	0.10360100	0.00832039
2493	0.11486100	0.10660300	0.00825822
2494	0.11770400	0.10951000	0.00819323
2495	0.12050500	0.11237900	0.00812603
2496	0.12328600	0.11522900	0.00805686
2497	0.12604400	0.11805900	0.00798548
2498	0.12873700	0.12082500	0.00791205
2499	0.13128200	0.12344600	0.00783648
2500	0.13361500	0.12585600	0.00775931
