Time	Cd Total	Cd Pressure	Cd Viscous
1801	0.02038060	0.02004290	0.00033771
1802	0.02037350	0.02003590	0.00033766
1803	0.02036720	0.02002960	0.00033760
1804	0.02036090	0.02002340	0.00033753
1805	0.02035640	0.02001900	0.00033742
1806	0.02035400	0.02001670	0.00033728
1807	0.02035420	0.02001710	0.00033712
1808	0.02035620	0.02001920	0.00033694
1809	0.02035960	0.02002280	0.00033673
1810	0.02036410	0.02002760	0.00033646
1811	0.02036900	0.02003290	0.00033609
1812	0.02037420	0.02003860	0.00033561
1813	0.02037970	0.02004460	0.00033506
1814	0.02038560	0.02005110	0.00033451
1815	0.02039200	0.02005800	0.00033393
1816	0.02039830	0.02006500	0.00033329
1817	0.02040480	0.02007230	0.00033250
1818	0.02041170	0.02008010	0.00033156
1819	0.02041950	0.02008890	0.00033054
1820	0.02042820	0.02009870	0.00032950
1821	0.02043690	0.02010840	0.00032856
1822	0.02044670	0.02011890	0.00032782
1823	0.02045840	0.02013110	0.00032723
1824	0.02047270	0.02014590	0.00032680
1825	0.02048920	0.02016290	0.00032630
1826	0.02050720	0.02018140	0.00032578
1827	0.02052620	0.02020080	0.00032537
1828	0.02054370	0.02021870	0.00032502
1829	0.02055910	0.02023450	0.00032461
1830	0.02057450	0.02025030	0.00032417
1831	0.02059110	0.02026740	0.00032373
1832	0.02060950	0.02028610	0.00032332
1833	0.02062990	0.02030700	0.00032291
1834	0.02065220	0.02032970	0.00032248
1835	0.02067620	0.02035420	0.00032203
1836	0.02070140	0.02037980	0.00032158
1837	0.02072670	0.02040550	0.00032118
1838	0.02075100	0.02043020	0.00032080
1839	0.02077420	0.02045380	0.00032039
1840	0.02079530	0.02047540	0.00031994
1841	0.02081430	0.02049480	0.00031949
1842	0.02083100	0.02051180	0.00031911
1843	0.02084660	0.02052780	0.00031885
1844	0.02086080	0.02054210	0.00031869
1845	0.02087370	0.02055510	0.00031860
1846	0.02088470	0.02056620	0.00031856
1847	0.02089430	0.02057570	0.00031861
1848	0.02090170	0.02058290	0.00031875
1849	0.02090720	0.02058820	0.00031896
1850	0.02091030	0.02059110	0.00031921
1851	0.02091150	0.02059200	0.00031947
1852	0.02091050	0.02059070	0.00031976
1853	0.02090790	0.02058770	0.00032015
1854	0.02090290	0.02058230	0.00032063
1855	0.02089590	0.02057470	0.00032117
1856	0.02088650	0.02056470	0.00032175
1857	0.02087490	0.02055260	0.00032235
1858	0.02086170	0.02053870	0.00032300
1859	0.02084820	0.02052440	0.00032375
1860	0.02083550	0.02051090	0.00032462
1861	0.02082420	0.02049860	0.00032556
1862	0.02081430	0.02048780	0.00032652
1863	0.02080590	0.02047840	0.00032750
1864	0.02080040	0.02047190	0.00032853
1865	0.02079790	0.02046830	0.00032961
1866	0.02079790	0.02046720	0.00033069
1867	0.02079980	0.02046810	0.00033172
1868	0.02080300	0.02047030	0.00033267
1869	0.02080650	0.02047300	0.00033355
1870	0.02080980	0.02047540	0.00033439
1871	0.02081170	0.02047650	0.00033519
1872	0.02081140	0.02047550	0.00033593
1873	0.02080810	0.02047160	0.00033654
1874	0.02080210	0.02046510	0.00033703
1875	0.02079360	0.02045620	0.00033741
1876	0.02078310	0.02044550	0.00033769
1877	0.02077030	0.02043250	0.00033785
1878	0.02075590	0.02041800	0.00033784
1879	0.02074000	0.02040230	0.00033769
1880	0.02072320	0.02038570	0.00033744
1881	0.02070420	0.02036700	0.00033714
1882	0.02068310	0.02034630	0.00033682
1883	0.02066020	0.02032370	0.00033649
1884	0.02063600	0.02029990	0.00033615
1885	0.02061100	0.02027510	0.00033586
1886	0.02058570	0.02025000	0.00033567
1887	0.02056010	0.02022450	0.00033562
1888	0.02053560	0.02019990	0.00033566
1889	0.02051230	0.02017660	0.00033574
1890	0.02049070	0.02015480	0.00033586
1891	0.02047180	0.02013570	0.00033603
1892	0.02045530	0.02011900	0.00033631
1893	0.02044190	0.02010520	0.00033669
1894	0.02043230	0.02009520	0.00033708
1895	0.02042600	0.02008860	0.00033745
1896	0.02042410	0.02008630	0.00033780
1897	0.02042680	0.02008870	0.00033808
1898	0.02043420	0.02009590	0.00033836
1899	0.02044700	0.02010830	0.00033866
1900	0.02046610	0.02012710	0.00033899
1901	0.02049190	0.02015260	0.00033931
1902	0.02052550	0.02018590	0.00033961
1903	0.02056680	0.02022690	0.00033990
1904	0.02061480	0.02027460	0.00034016
1905	0.02066830	0.02032790	0.00034039
1906	0.02072600	0.02038540	0.00034060
1907	0.02078640	0.02044560	0.00034077
1908	0.02084820	0.02050730	0.00034089
1909	0.02091040	0.02056950	0.00034096
1910	0.02097290	0.02063190	0.00034099
1911	0.02103600	0.02069500	0.00034100
1912	0.02109950	0.02075850	0.00034095
1913	0.02116400	0.02082320	0.00034082
1914	0.02122960	0.02088900	0.00034059
1915	0.02129440	0.02095410	0.00034027
1916	0.02135670	0.02101680	0.00033988
1917	0.02141360	0.02107420	0.00033943
1918	0.02146220	0.02112330	0.00033884
1919	0.02150060	0.02116240	0.00033812
1920	0.02152860	0.02119130	0.00033728
1921	0.02154630	0.02120990	0.00033641
1922	0.02155500	0.02121940	0.00033561
1923	0.02155590	0.02122100	0.00033488
1924	0.02155070	0.02121650	0.00033419
1925	0.02154050	0.02120700	0.00033352
1926	0.02152730	0.02119430	0.00033302
1927	0.02151200	0.02117920	0.00033275
1928	0.02149540	0.02116270	0.00033274
1929	0.02147850	0.02114560	0.00033290
1930	0.02146160	0.02112840	0.00033311
1931	0.02144510	0.02111160	0.00033347
1932	0.02142930	0.02109530	0.00033399
1933	0.02141400	0.02107930	0.00033468
1934	0.02139870	0.02106320	0.00033552
1935	0.02138300	0.02104660	0.00033642
1936	0.02136680	0.02102940	0.00033737
1937	0.02135070	0.02101230	0.00033840
1938	0.02133410	0.02099460	0.00033950
1939	0.02131640	0.02097580	0.00034067
1940	0.02129730	0.02095540	0.00034189
1941	0.02127710	0.02093400	0.00034313
1942	0.02125700	0.02091260	0.00034439
1943	0.02123680	0.02089110	0.00034570
1944	0.02121650	0.02086950	0.00034705
1945	0.02119580	0.02084740	0.00034844
1946	0.02117520	0.02082530	0.00034985
1947	0.02115440	0.02080320	0.00035125
1948	0.02113370	0.02078110	0.00035264
1949	0.02111300	0.02075900	0.00035399
1950	0.02109190	0.02073660	0.00035530
1951	0.02107120	0.02071470	0.00035655
1952	0.02105120	0.02069350	0.00035772
1953	0.02103290	0.02067410	0.00035881
1954	0.02101580	0.02065600	0.00035980
1955	0.02100070	0.02064000	0.00036071
1956	0.02098700	0.02062550	0.00036152
1957	0.02097460	0.02061240	0.00036225
1958	0.02096270	0.02059970	0.00036290
1959	0.02095110	0.02058760	0.00036347
1960	0.02093900	0.02057510	0.00036396
1961	0.02092640	0.02056200	0.00036439
1962	0.02091260	0.02054790	0.00036474
1963	0.02089740	0.02053230	0.00036504
1964	0.02088040	0.02051510	0.00036527
1965	0.02086110	0.02049560	0.00036545
1966	0.02083920	0.02047360	0.00036558
1967	0.02081450	0.02044890	0.00036567
1968	0.02078680	0.02042110	0.00036570
1969	0.02075630	0.02039060	0.00036569
1970	0.02072350	0.02035790	0.00036563
1971	0.02068920	0.02032370	0.00036551
1972	0.02065430	0.02028890	0.00036534
1973	0.02061930	0.02025420	0.00036510
1974	0.02058540	0.02022060	0.00036479
1975	0.02055330	0.02018890	0.00036441
1976	0.02052330	0.02015940	0.00036397
1977	0.02049590	0.02013240	0.00036347
1978	0.02047200	0.02010910	0.00036291
1979	0.02045220	0.02008990	0.00036229
1980	0.02043660	0.02007500	0.00036164
1981	0.02042540	0.02006440	0.00036096
1982	0.02041910	0.02005880	0.00036026
1983	0.02041810	0.02005850	0.00035955
1984	0.02042190	0.02006310	0.00035882
1985	0.02042980	0.02007180	0.00035808
1986	0.02044160	0.02008430	0.00035734
1987	0.02045730	0.02010060	0.00035662
1988	0.02047710	0.02012110	0.00035593
1989	0.02050070	0.02014550	0.00035527
1990	0.02052840	0.02017370	0.00035465
1991	0.02055920	0.02020510	0.00035407
1992	0.02059340	0.02023990	0.00035351
1993	0.02063070	0.02027770	0.00035299
1994	0.02066990	0.02031730	0.00035256
1995	0.02070990	0.02035770	0.00035219
1996	0.02074990	0.02039800	0.00035189
1997	0.02078920	0.02043750	0.00035164
1998	0.02082680	0.02047540	0.00035142
1999	0.02086210	0.02051080	0.00035124
2000	0.02089380	0.02054270	0.00035111
2001	0.02092170	0.02057070	0.00035103
2002	0.02094560	0.02059460	0.00035101
2003	0.02096600	0.02061500	0.00035104
2004	0.02098290	0.02063180	0.00035113
2005	0.02099680	0.02064550	0.00035129
2006	0.02100750	0.02065600	0.00035151
2007	0.02101540	0.02066360	0.00035180
2008	0.02102040	0.02066820	0.00035216
2009	0.02102240	0.02066980	0.00035257
2010	0.02102120	0.02066820	0.00035304
2011	0.02101720	0.02066360	0.00035353
2012	0.02101020	0.02065620	0.00035405
2013	0.02100030	0.02064570	0.00035458
2014	0.02098740	0.02063230	0.00035511
2015	0.02097140	0.02061580	0.00035566
2016	0.02095270	0.02059650	0.00035622
2017	0.02093150	0.02057470	0.00035680
2018	0.02090850	0.02055120	0.00035738
2019	0.02088370	0.02052570	0.00035797
2020	0.02085710	0.02049860	0.00035856
2021	0.02082900	0.02046990	0.00035914
2022	0.02079990	0.02044020	0.00035972
2023	0.02077000	0.02040970	0.00036028
2024	0.02074030	0.02037940	0.00036083
2025	0.02071080	0.02034940	0.00036135
2026	0.02068200	0.02032010	0.00036184
2027	0.02065400	0.02029170	0.00036230
2028	0.02062790	0.02026520	0.00036271
2029	0.02060320	0.02024010	0.00036309
2030	0.02058080	0.02021740	0.00036341
2031	0.02056090	0.02019720	0.00036369
2032	0.02054470	0.02018080	0.00036392
2033	0.02053320	0.02016910	0.00036409
2034	0.02052690	0.02016270	0.00036422
2035	0.02052630	0.02016200	0.00036431
2036	0.02053110	0.02016670	0.00036437
2037	0.02054090	0.02017650	0.00036438
2038	0.02055470	0.02019030	0.00036437
2039	0.02057090	0.02020660	0.00036432
2040	0.02058830	0.02022410	0.00036424
2041	0.02060640	0.02024220	0.00036414
2042	0.02062440	0.02026040	0.00036401
2043	0.02064190	0.02027810	0.00036387
2044	0.02065830	0.02029460	0.00036370
2045	0.02067290	0.02030930	0.00036353
2046	0.02068640	0.02032300	0.00036333
2047	0.02069860	0.02033550	0.00036310
2048	0.02070990	0.02034710	0.00036284
2049	0.02072100	0.02035840	0.00036256
2050	0.02073160	0.02036940	0.00036227
2051	0.02074210	0.02038020	0.00036197
2052	0.02075190	0.02039020	0.00036166
2053	0.02076080	0.02039950	0.00036134
2054	0.02076820	0.02040720	0.00036100
2055	0.02077430	0.02041360	0.00036065
2056	0.02077870	0.02041840	0.00036030
2057	0.02078210	0.02042220	0.00035994
2058	0.02078430	0.02042470	0.00035958
2059	0.02078600	0.02042680	0.00035923
2060	0.02078700	0.02042810	0.00035888
2061	0.02078710	0.02042850	0.00035857
2062	0.02078570	0.02042740	0.00035829
2063	0.02078240	0.02042440	0.00035804
2064	0.02077670	0.02041890	0.00035782
2065	0.02076860	0.02041100	0.00035764
2066	0.02075820	0.02040070	0.00035751
2067	0.02074570	0.02038830	0.00035744
2068	0.02073150	0.02037410	0.00035743
2069	0.02071530	0.02035780	0.00035747
2070	0.02069780	0.02034020	0.00035756
2071	0.02067900	0.02032130	0.00035767
2072	0.02066010	0.02030230	0.00035782
2073	0.02064170	0.02028370	0.00035800
2074	0.02062490	0.02026680	0.00035819
2075	0.02060980	0.02025150	0.00035837
2076	0.02059720	0.02023860	0.00035854
2077	0.02058680	0.02022810	0.00035867
2078	0.02057870	0.02021990	0.00035877
2079	0.02057240	0.02021360	0.00035884
2080	0.02056780	0.02020900	0.00035885
2081	0.02056450	0.02020570	0.00035883
2082	0.02056260	0.02020380	0.00035877
2083	0.02056160	0.02020290	0.00035869
2084	0.02056110	0.02020250	0.00035858
2085	0.02056050	0.02020210	0.00035847
2086	0.02056010	0.02020170	0.00035837
2087	0.02055950	0.02020120	0.00035828
2088	0.02055760	0.02019940	0.00035819
2089	0.02055320	0.02019520	0.00035797
2090	0.02054520	0.02018760	0.00035752
2091	0.02053460	0.02017750	0.00035709
2092	0.02052370	0.02016670	0.00035705
2093	0.02051340	0.02015610	0.00035731
2094	0.02050440	0.02014670	0.00035770
2095	0.02049580	0.02013800	0.00035790
2096	0.02048740	0.02012920	0.00035813
2097	0.02047800	0.02011970	0.00035835
2098	0.02046860	0.02011000	0.00035862
2099	0.02045960	0.02010060	0.00035892
2100	0.02045190	0.02009270	0.00035923
2101	0.02044640	0.02008690	0.00035951
2102	0.02044410	0.02008430	0.00035977
2103	0.02044570	0.02008570	0.00035999
2104	0.02045150	0.02009130	0.00036019
2105	0.02046130	0.02010090	0.00036033
2106	0.02047440	0.02011390	0.00036041
2107	0.02048960	0.02012920	0.00036038
2108	0.02050630	0.02014600	0.00036029
2109	0.02052400	0.02016390	0.00036014
2110	0.02054250	0.02018260	0.00035989
2111	0.02056130	0.02020180	0.00035952
2112	0.02058010	0.02022100	0.00035904
2113	0.02059850	0.02024000	0.00035842
2114	0.02061660	0.02025890	0.00035767
2115	0.02063440	0.02027760	0.00035683
2116	0.02065260	0.02029670	0.00035590
2117	0.02067050	0.02031560	0.00035491
2118	0.02068830	0.02033450	0.00035387
2119	0.02070470	0.02035190	0.00035277
2120	0.02071970	0.02036800	0.00035171
2121	0.02073240	0.02038160	0.00035079
2122	0.02074350	0.02039340	0.00035008
2123	0.02075310	0.02040350	0.00034952
2124	0.02076180	0.02041290	0.00034898
2125	0.02076880	0.02042050	0.00034835
2126	0.02077330	0.02042550	0.00034785
2127	0.02077410	0.02042660	0.00034752
2128	0.02077060	0.02042330	0.00034726
2129	0.02076300	0.02041590	0.00034703
2130	0.02075290	0.02040610	0.00034681
2131	0.02074110	0.02039450	0.00034661
2132	0.02072820	0.02038180	0.00034643
2133	0.02071560	0.02036930	0.00034628
2134	0.02070280	0.02035660	0.00034619
2135	0.02069040	0.02034420	0.00034619
2136	0.02067780	0.02033150	0.00034629
2137	0.02066540	0.02031890	0.00034650
2138	0.02065230	0.02030540	0.00034682
2139	0.02063900	0.02029180	0.00034725
2140	0.02062460	0.02027680	0.00034780
2141	0.02061030	0.02026180	0.00034845
2142	0.02059490	0.02024570	0.00034918
2143	0.02057920	0.02022920	0.00034997
2144	0.02056250	0.02021170	0.00035079
2145	0.02054570	0.02019410	0.00035162
2146	0.02052820	0.02017570	0.00035244
2147	0.02051010	0.02015690	0.00035321
2148	0.02049170	0.02013780	0.00035393
2149	0.02047450	0.02011990	0.00035459
2150	0.02045860	0.02010340	0.00035520
2151	0.02044450	0.02008870	0.00035576
2152	0.02043260	0.02007630	0.00035630
2153	0.02042310	0.02006630	0.00035680
2154	0.02041570	0.02005850	0.00035727
2155	0.02040970	0.02005200	0.00035771
2156	0.02040570	0.02004750	0.00035812
2157	0.02040310	0.02004450	0.00035852
2158	0.02040140	0.02004250	0.00035890
2159	0.02040000	0.02004070	0.00035924
2160	0.02039930	0.02003980	0.00035954
2161	0.02039870	0.02003890	0.00035981
2162	0.02039710	0.02003710	0.00036004
2163	0.02039410	0.02003380	0.00036022
2164	0.02039020	0.02002980	0.00036037
2165	0.02038590	0.02002540	0.00036048
2166	0.02038100	0.02002040	0.00036052
2167	0.02037610	0.02001560	0.00036047
2168	0.02037120	0.02001090	0.00036033
2169	0.02036630	0.02000620	0.00036015
2170	0.02036160	0.02000170	0.00035993
2171	0.02035740	0.01999780	0.00035964
2172	0.02035320	0.01999400	0.00035927
2173	0.02034910	0.01999030	0.00035881
2174	0.02034580	0.01998750	0.00035829
2175	0.02034330	0.01998560	0.00035770
2176	0.02034150	0.01998440	0.00035709
2177	0.02034210	0.01998560	0.00035651
2178	0.02034530	0.01998930	0.00035597
2179	0.02035160	0.01999610	0.00035548
2180	0.02036030	0.02000520	0.00035503
2181	0.02037180	0.02001710	0.00035461
2182	0.02038590	0.02003160	0.00035422
2183	0.02040260	0.02004870	0.00035386
2184	0.02042100	0.02006750	0.00035355
2185	0.02044240	0.02008910	0.00035331
2186	0.02046680	0.02011370	0.00035310
2187	0.02049470	0.02014190	0.00035289
2188	0.02052410	0.02017140	0.00035265
2189	0.02055410	0.02020180	0.00035237
2190	0.02058320	0.02023110	0.00035202
2191	0.02061000	0.02025850	0.00035158
2192	0.02063280	0.02028180	0.00035105
2193	0.02065160	0.02030110	0.00035044
2194	0.02066590	0.02031610	0.00034983
2195	0.02067520	0.02032590	0.00034927
2196	0.02067910	0.02033030	0.00034880
2197	0.02067790	0.02032940	0.00034843
2198	0.02067220	0.02032400	0.00034814
2199	0.02066290	0.02031500	0.00034793
2200	0.02065060	0.02030280	0.00034782
2201	0.02063570	0.02028790	0.00034784
2202	0.02061910	0.02027110	0.00034796
2203	0.02060120	0.02025310	0.00034814
2204	0.02058280	0.02023440	0.00034836
2205	0.02056370	0.02021510	0.00034864
2206	0.02054520	0.02019620	0.00034899
2207	0.02052760	0.02017820	0.00034939
2208	0.02051280	0.02016300	0.00034984
2209	0.02050080	0.02015050	0.00035033
2210	0.02049260	0.02014170	0.00035090
2211	0.02048740	0.02013590	0.00035152
2212	0.02048460	0.02013240	0.00035221
2213	0.02048400	0.02013100	0.00035295
2214	0.02048520	0.02013150	0.00035375
2215	0.02048760	0.02013310	0.00035456
2216	0.02049060	0.02013520	0.00035539
2217	0.02049360	0.02013740	0.00035623
2218	0.02049620	0.02013910	0.00035711
2219	0.02049780	0.02013980	0.00035804
2220	0.02049930	0.02014030	0.00035899
2221	0.02050030	0.02014040	0.00035991
2222	0.02050170	0.02014100	0.00036076
2223	0.02050320	0.02014170	0.00036151
2224	0.02050450	0.02014230	0.00036219
2225	0.02050410	0.02014130	0.00036281
2226	0.02050160	0.02013820	0.00036334
2227	0.02049660	0.02013280	0.00036376
2228	0.02048880	0.02012470	0.00036404
2229	0.02047860	0.02011440	0.00036417
2230	0.02046590	0.02010170	0.00036413
2231	0.02045100	0.02008700	0.00036392
2232	0.02043360	0.02006990	0.00036363
2233	0.02041460	0.02005130	0.00036330
2234	0.02039510	0.02003220	0.00036297
2235	0.02037500	0.02001230	0.00036269
2236	0.02035410	0.01999160	0.00036249
2237	0.02033380	0.01997140	0.00036241
2238	0.02031540	0.01995300	0.00036241
2239	0.02029920	0.01993660	0.00036252
2240	0.02028530	0.01992260	0.00036270
2241	0.02027510	0.01991220	0.00036292
2242	0.02026880	0.01990560	0.00036317
2243	0.02026700	0.01990350	0.00036351
2244	0.02026990	0.01990590	0.00036395
2245	0.02027840	0.01991390	0.00036448
2246	0.02029120	0.01992610	0.00036507
2247	0.02030650	0.01994080	0.00036569
2248	0.02032180	0.01995550	0.00036630
2249	0.02033800	0.01997110	0.00036690
2250	0.02035500	0.01998760	0.00036745
2251	0.02037440	0.02000640	0.00036794
2252	0.02039730	0.02002890	0.00036835
2253	0.02042610	0.02005750	0.00036865
2254	0.02046220	0.02009340	0.00036886
2255	0.02050590	0.02013700	0.00036896
2256	0.02055720	0.02018830	0.00036894
2257	0.02061550	0.02024670	0.00036880
2258	0.02067950	0.02031100	0.00036850
2259	0.02074690	0.02037880	0.00036806
2260	0.02081510	0.02044770	0.00036744
2261	0.02088200	0.02051530	0.00036665
2262	0.02094460	0.02057890	0.00036566
2263	0.02100060	0.02063620	0.00036449
2264	0.02104830	0.02068510	0.00036319
2265	0.02108690	0.02072510	0.00036181
2266	0.02111600	0.02075560	0.00036046
2267	0.02113620	0.02077700	0.00035916
2268	0.02114760	0.02078970	0.00035797
2269	0.02115080	0.02079390	0.00035692
2270	0.02114650	0.02079050	0.00035603
2271	0.02113550	0.02078010	0.00035534
2272	0.02111880	0.02076400	0.00035483
2273	0.02109750	0.02074300	0.00035448
2274	0.02107300	0.02071870	0.00035429
2275	0.02104650	0.02069220	0.00035423
2276	0.02101930	0.02066500	0.00035429
2277	0.02099240	0.02063790	0.00035445
2278	0.02096660	0.02061190	0.00035470
2279	0.02094270	0.02058770	0.00035503
2280	0.02092130	0.02056580	0.00035544
2281	0.02090260	0.02054670	0.00035591
2282	0.02088670	0.02053020	0.00035644
2283	0.02087370	0.02051670	0.00035701
2284	0.02086400	0.02050640	0.00035763
2285	0.02085720	0.02049890	0.00035830
2286	0.02085280	0.02049370	0.00035904
2287	0.02085010	0.02049020	0.00035984
2288	0.02084840	0.02048770	0.00036071
2289	0.02084740	0.02048580	0.00036165
2290	0.02084590	0.02048320	0.00036265
2291	0.02084310	0.02047940	0.00036371
2292	0.02083830	0.02047350	0.00036481
2293	0.02083040	0.02046450	0.00036595
2294	0.02081820	0.02045120	0.00036710
2295	0.02080150	0.02043330	0.00036823
2296	0.02077960	0.02041030	0.00036934
2297	0.02075280	0.02038240	0.00037039
2298	0.02072070	0.02034930	0.00037137
2299	0.02068430	0.02031210	0.00037225
2300	0.02064480	0.02027180	0.00037301
2301	0.02060380	0.02023020	0.00037365
2302	0.02056230	0.02018810	0.00037415
2303	0.02052160	0.02014710	0.00037452
2304	0.02048250	0.02010780	0.00037476
2305	0.02044610	0.02007120	0.00037487
2306	0.02041320	0.02003830	0.00037486
2307	0.02038430	0.02000960	0.00037474
2308	0.02035940	0.01998480	0.00037452
2309	0.02033820	0.01996400	0.00037423
2310	0.02032060	0.01994680	0.00037386
2311	0.02030630	0.01993280	0.00037344
2312	0.02029450	0.01992150	0.00037298
2313	0.02028450	0.01991200	0.00037250
2314	0.02027630	0.01990430	0.00037200
2315	0.02026890	0.01989740	0.00037150
2316	0.02026220	0.01989120	0.00037101
2317	0.02025540	0.01988490	0.00037054
2318	0.02024840	0.01987840	0.00037008
2319	0.02024150	0.01987190	0.00036963
2320	0.02023520	0.01986600	0.00036919
2321	0.02022970	0.01986090	0.00036875
2322	0.02022600	0.01985770	0.00036831
2323	0.02022450	0.01985670	0.00036785
2324	0.02022590	0.01985860	0.00036738
2325	0.02023040	0.01986350	0.00036689
2326	0.02023820	0.01987190	0.00036636
2327	0.02024930	0.01988350	0.00036581
2328	0.02026350	0.01989830	0.00036522
2329	0.02028080	0.01991620	0.00036458
2330	0.02030100	0.01993710	0.00036390
2331	0.02032400	0.01996080	0.00036317
2332	0.02034960	0.01998720	0.00036238
2333	0.02037780	0.02001620	0.00036155
2334	0.02040880	0.02004820	0.00036066
2335	0.02044280	0.02008300	0.00035972
2336	0.02047890	0.02012020	0.00035874
2337	0.02051670	0.02015900	0.00035775
2338	0.02055510	0.02019840	0.00035674
2339	0.02059300	0.02023730	0.00035572
2340	0.02062960	0.02027490	0.00035471
2341	0.02066440	0.02031070	0.00035370
2342	0.02069720	0.02034450	0.00035273
2343	0.02072830	0.02037650	0.00035183
2344	0.02075770	0.02040670	0.00035101
2345	0.02078540	0.02043510	0.00035027
2346	0.02081090	0.02046130	0.00034962
2347	0.02083440	0.02048540	0.00034906
2348	0.02085530	0.02050680	0.00034859
2349	0.02087360	0.02052540	0.00034821
2350	0.02088870	0.02054080	0.00034793
2351	0.02090100	0.02055320	0.00034773
2352	0.02091030	0.02056260	0.00034761
2353	0.02091700	0.02056940	0.00034758
2354	0.02092120	0.02057350	0.00034765
2355	0.02092260	0.02057480	0.00034781
2356	0.02092100	0.02057290	0.00034803
2357	0.02091570	0.02056740	0.00034833
2358	0.02090660	0.02055790	0.00034870
2359	0.02089370	0.02054450	0.00034913
2360	0.02087700	0.02052740	0.00034962
2361	0.02085710	0.02050690	0.00035015
2362	0.02083460	0.02048390	0.00035072
2363	0.02081010	0.02045880	0.00035132
2364	0.02078430	0.02043230	0.00035197
2365	0.02075770	0.02040510	0.00035263
2366	0.02073110	0.02037780	0.00035331
2367	0.02070460	0.02035050	0.00035401
2368	0.02067850	0.02032370	0.00035472
2369	0.02065300	0.02029750	0.00035543
2370	0.02062850	0.02027230	0.00035614
2371	0.02060520	0.02024840	0.00035684
2372	0.02058440	0.02022690	0.00035751
2373	0.02056680	0.02020860	0.00035817
2374	0.02055190	0.02019310	0.00035879
2375	0.02054070	0.02018130	0.00035938
2376	0.02053360	0.02017370	0.00035995
2377	0.02053060	0.02017010	0.00036047
2378	0.02053190	0.02017100	0.00036095
2379	0.02053670	0.02017530	0.00036138
2380	0.02054480	0.02018310	0.00036177
2381	0.02055570	0.02019360	0.00036214
2382	0.02056890	0.02020640	0.00036246
2383	0.02058400	0.02022130	0.00036271
2384	0.02060110	0.02023820	0.00036290
2385	0.02062080	0.02025780	0.00036302
2386	0.02064300	0.02028000	0.00036305
2387	0.02066760	0.02030460	0.00036299
2388	0.02069410	0.02033130	0.00036285
2389	0.02072180	0.02035920	0.00036264
2390	0.02074990	0.02038750	0.00036237
2391	0.02077770	0.02041570	0.00036203
2392	0.02080460	0.02044300	0.00036163
2393	0.02083090	0.02046970	0.00036117
2394	0.02085620	0.02049560	0.00036066
2395	0.02088070	0.02052060	0.00036011
2396	0.02090450	0.02054490	0.00035955
2397	0.02092800	0.02056900	0.00035901
2398	0.02095120	0.02059260	0.00035855
2399	0.02097390	0.02061580	0.00035816
2400	0.02099490	0.02063710	0.00035786
2401	0.02101310	0.02065540	0.00035765
2402	0.02102850	0.02067100	0.00035751
2403	0.02104230	0.02068480	0.00035744
2404	0.02105420	0.02069680	0.00035744
2405	0.02106460	0.02070710	0.00035749
2406	0.02107300	0.02071540	0.00035758
2407	0.02107900	0.02072130	0.00035772
2408	0.02108180	0.02072390	0.00035789
2409	0.02108010	0.02072200	0.00035812
2410	0.02107360	0.02071520	0.00035840
2411	0.02106310	0.02070440	0.00035872
2412	0.02105080	0.02069170	0.00035907
2413	0.02103760	0.02067810	0.00035946
2414	0.02102470	0.02066480	0.00035986
2415	0.02101220	0.02065200	0.00036025
2416	0.02100120	0.02064060	0.00036062
2417	0.02099080	0.02062980	0.00036098
2418	0.02098080	0.02061950	0.00036130
2419	0.02097050	0.02060890	0.00036158
2420	0.02096020	0.02059830	0.00036182
2421	0.02094990	0.02058790	0.00036201
2422	0.02094030	0.02057810	0.00036215
2423	0.02093050	0.02056830	0.00036223
2424	0.02092070	0.02055850	0.00036224
2425	0.02090990	0.02054770	0.00036220
2426	0.02089870	0.02053650	0.00036213
2427	0.02088570	0.02052370	0.00036202
2428	0.02087150	0.02050960	0.00036191
2429	0.02085630	0.02049450	0.00036177
2430	0.02083970	0.02047810	0.00036161
2431	0.02082100	0.02045960	0.00036140
2432	0.02079950	0.02043850	0.00036097
2433	0.02077530	0.02041490	0.00036040
2434	0.02074980	0.02038970	0.00036015
2435	0.02072410	0.02036380	0.00036030
2436	0.02070070	0.02034020	0.00036057
2437	0.02068020	0.02031940	0.00036072
2438	0.02066180	0.02030090	0.00036086
2439	0.02064340	0.02028250	0.00036092
2440	0.02062480	0.02026370	0.00036117
2441	0.02060630	0.02024480	0.00036149
2442	0.02058960	0.02022760	0.00036194
2443	0.02057530	0.02021290	0.00036235
2444	0.02056430	0.02020140	0.00036281
2445	0.02055600	0.02019280	0.00036323
2446	0.02055060	0.02018680	0.00036372
2447	0.02054730	0.02018310	0.00036424
2448	0.02054630	0.02018150	0.00036482
2449	0.02054720	0.02018180	0.00036542
2450	0.02054950	0.02018350	0.00036602
2451	0.02055300	0.02018640	0.00036661
2452	0.02055800	0.02019080	0.00036719
2453	0.02056450	0.02019680	0.00036770
2454	0.02057200	0.02020380	0.00036812
2455	0.02058030	0.02021190	0.00036844
2456	0.02058940	0.02022070	0.00036872
2457	0.02059940	0.02023040	0.00036894
2458	0.02061030	0.02024120	0.00036906
2459	0.02062280	0.02025370	0.00036914
2460	0.02063610	0.02026700	0.00036918
2461	0.02065000	0.02028080	0.00036918
2462	0.02066380	0.02029470	0.00036910
2463	0.02067750	0.02030850	0.00036897
2464	0.02069040	0.02032150	0.00036883
2465	0.02070230	0.02033360	0.00036868
2466	0.02071350	0.02034500	0.00036850
2467	0.02072380	0.02035550	0.00036831
2468	0.02073340	0.02036530	0.00036809
2469	0.02074230	0.02037440	0.00036784
2470	0.02075020	0.02038260	0.00036755
2471	0.02075640	0.02038920	0.00036722
2472	0.02076050	0.02039370	0.00036684
2473	0.02076240	0.02039600	0.00036642
2474	0.02076280	0.02039680	0.00036596
2475	0.02076170	0.02039630	0.00036545
2476	0.02075940	0.02039450	0.00036490
2477	0.02075570	0.02039130	0.00036432
2478	0.02075050	0.02038670	0.00036376
2479	0.02074330	0.02038010	0.00036321
2480	0.02073410	0.02037140	0.00036269
2481	0.02072210	0.02035990	0.00036219
2482	0.02070750	0.02034580	0.00036174
2483	0.02069030	0.02032900	0.00036136
2484	0.02067090	0.02030980	0.00036106
2485	0.02064850	0.02028760	0.00036085
2486	0.02062380	0.02026310	0.00036073
2487	0.02059720	0.02023650	0.00036070
2488	0.02056850	0.02020780	0.00036074
2489	0.02053720	0.02017630	0.00036083
2490	0.02050360	0.02014260	0.00036099
2491	0.02046770	0.02010650	0.00036118
2492	0.02043110	0.02006970	0.00036142
2493	0.02039450	0.02003280	0.00036168
2494	0.02035930	0.01999730	0.00036197
2495	0.02032650	0.01996420	0.00036230
2496	0.02029700	0.01993430	0.00036264
2497	0.02027110	0.01990820	0.00036300
2498	0.02024870	0.01988530	0.00036336
2499	0.02022970	0.01986590	0.00036374
2500	0.02021380	0.01984970	0.00036412
2501	0.02020070	0.01983610	0.00036451
2502	0.02018910	0.01982420	0.00036490
2503	0.02017910	0.01981390	0.00036526
2504	0.02016990	0.01980430	0.00036560
2505	0.02016080	0.01979490	0.00036593
2506	0.02015220	0.01978590	0.00036625
2507	0.02014500	0.01977850	0.00036657
2508	0.02013800	0.01977110	0.00036686
2509	0.02012990	0.01976280	0.00036709
2510	0.02012070	0.01975340	0.00036726
2511	0.02011080	0.01974340	0.00036740
2512	0.02010040	0.01973290	0.00036752
2513	0.02008900	0.01972140	0.00036763
2514	0.02007650	0.01970870	0.00036773
2515	0.02006290	0.01969510	0.00036783
2516	0.02004810	0.01968020	0.00036795
2517	0.02003180	0.01966360	0.00036817
2518	0.02001400	0.01964550	0.00036849
2519	0.01999660	0.01962780	0.00036883
2520	0.01998190	0.01961270	0.00036915
2521	0.01997130	0.01960210	0.00036915
2522	0.01996430	0.01959530	0.00036900
2523	0.01996160	0.01959280	0.00036879
2524	0.01996390	0.01959530	0.00036854
2525	0.01997180	0.01960360	0.00036819
2526	0.01998590	0.01961820	0.00036770
2527	0.02000600	0.01963900	0.00036707
2528	0.02003180	0.01966540	0.00036630
2529	0.02006330	0.01969800	0.00036536
2530	0.02009950	0.01973530	0.00036418
2531	0.02013950	0.01977670	0.00036279
2532	0.02018120	0.01982000	0.00036122
2533	0.02022230	0.01986280	0.00035951
2534	0.02025980	0.01990210	0.00035775
2535	0.02029170	0.01993570	0.00035601
2536	0.02031710	0.01996270	0.00035436
2537	0.02033590	0.01998310	0.00035281
2538	0.02034810	0.01999670	0.00035139
2539	0.02035470	0.02000460	0.00035013
2540	0.02035730	0.02000830	0.00034904
2541	0.02035720	0.02000910	0.00034810
2542	0.02035520	0.02000800	0.00034727
2543	0.02035160	0.02000510	0.00034652
2544	0.02034700	0.02000110	0.00034586
2545	0.02034140	0.01999610	0.00034528
2546	0.02033420	0.01998950	0.00034476
2547	0.02032580	0.01998160	0.00034424
2548	0.02031660	0.01997280	0.00034371
2549	0.02030760	0.01996440	0.00034320
2550	0.02029970	0.01995700	0.00034272
2551	0.02029370	0.01995140	0.00034229
2552	0.02028870	0.01994680	0.00034191
2553	0.02028520	0.01994370	0.00034154
2554	0.02028340	0.01994230	0.00034105
2555	0.02028270	0.01994230	0.00034037
2556	0.02028380	0.01994390	0.00033997
2557	0.02028780	0.01994770	0.00034011
2558	0.02029400	0.01995350	0.00034053
2559	0.02030210	0.01996130	0.00034077
2560	0.02031150	0.01997050	0.00034100
2561	0.02032140	0.01998020	0.00034116
2562	0.02033040	0.01998890	0.00034143
2563	0.02033840	0.01999660	0.00034185
2564	0.02034500	0.02000270	0.00034235
2565	0.02035000	0.02000710	0.00034284
2566	0.02035360	0.02001030	0.00034327
2567	0.02035730	0.02001360	0.00034363
2568	0.02036210	0.02001810	0.00034402
2569	0.02036900	0.02002440	0.00034454
2570	0.02037750	0.02003240	0.00034511
2571	0.02038740	0.02004170	0.00034566
2572	0.02039850	0.02005250	0.00034602
2573	0.02041170	0.02006540	0.00034633
2574	0.02042700	0.02008030	0.00034668
2575	0.02044450	0.02009740	0.00034701
2576	0.02046360	0.02011630	0.00034729
2577	0.02048440	0.02013700	0.00034740
2578	0.02050690	0.02015970	0.00034723
2579	0.02053150	0.02018450	0.00034695
2580	0.02055810	0.02021130	0.00034680
2581	0.02058620	0.02023940	0.00034684
2582	0.02061560	0.02026860	0.00034704
2583	0.02064720	0.02030000	0.00034721
2584	0.02068130	0.02033400	0.00034735
2585	0.02071820	0.02037100	0.00034724
2586	0.02075590	0.02040860	0.00034731
2587	0.02079240	0.02044480	0.00034760
2588	0.02082610	0.02047820	0.00034791
2589	0.02085730	0.02050920	0.00034809
2590	0.02088570	0.02053760	0.00034808
2591	0.02091160	0.02056360	0.00034796
2592	0.02093540	0.02058760	0.00034781
2593	0.02095810	0.02061040	0.00034762
2594	0.02097970	0.02063230	0.00034738
2595	0.02100100	0.02065390	0.00034711
2596	0.02102280	0.02067590	0.00034688
2597	0.02104560	0.02069890	0.00034674
2598	0.02106930	0.02072260	0.00034669
2599	0.02109430	0.02074760	0.00034675
2600	0.02112040	0.02077350	0.00034689
