Time	Cd Total	Cd Pressure	Cd Viscous
1801	0.33874000	0.33287400	0.00586553
1802	0.33866300	0.33279600	0.00586732
1803	0.33858100	0.33271200	0.00586879
1804	0.33849500	0.33262500	0.00586986
1805	0.33841300	0.33254200	0.00587056
1806	0.33833500	0.33246400	0.00587089
1807	0.33826700	0.33239500	0.00587112
1808	0.33820800	0.33233700	0.00587090
1809	0.33815200	0.33228200	0.00587028
1810	0.33809200	0.33222300	0.00586938
1811	0.33802800	0.33216000	0.00586823
1812	0.33795900	0.33209200	0.00586699
1813	0.33788400	0.33201900	0.00586521
1814	0.33780400	0.33194100	0.00586304
1815	0.33770800	0.33184700	0.00586048
1816	0.33759600	0.33173800	0.00585762
1817	0.33746900	0.33161500	0.00585389
1818	0.33732500	0.33147600	0.00584956
1819	0.33715300	0.33130800	0.00584458
1820	0.33695400	0.33111500	0.00583924
1821	0.33673600	0.33090300	0.00583338
1822	0.33650100	0.33067400	0.00582706
1823	0.33623600	0.33041600	0.00582036
1824	0.33594100	0.33012800	0.00581318
1825	0.33562500	0.32981900	0.00580583
1826	0.33527700	0.32947900	0.00579840
1827	0.33488900	0.32909800	0.00579099
1828	0.33447400	0.32869000	0.00578378
1829	0.33403500	0.32825800	0.00577663
1830	0.33357600	0.32780600	0.00576999
1831	0.33310900	0.32734500	0.00576364
1832	0.33265200	0.32689400	0.00575816
1833	0.33220800	0.32645400	0.00575365
1834	0.33179900	0.32604900	0.00575009
1835	0.33143700	0.32568900	0.00574735
1836	0.33113600	0.32539100	0.00574519
1837	0.33090600	0.32516200	0.00574386
1838	0.33075700	0.32501400	0.00574275
1839	0.33068800	0.32494500	0.00574203
1840	0.33068800	0.32494700	0.00574122
1841	0.33074800	0.32500800	0.00574057
1842	0.33085300	0.32511300	0.00573981
1843	0.33097600	0.32523700	0.00573883
1844	0.33110000	0.32536200	0.00573800
1845	0.33120800	0.32547100	0.00573683
1846	0.33129500	0.32555900	0.00573573
1847	0.33135600	0.32562200	0.00573415
1848	0.33139200	0.32566000	0.00573248
1849	0.33140800	0.32567700	0.00573084
1850	0.33140900	0.32568000	0.00572936
1851	0.33140000	0.32567100	0.00572881
1852	0.33137400	0.32564500	0.00572886
1853	0.33133000	0.32560100	0.00572946
1854	0.33125600	0.32552500	0.00573015
1855	0.33115600	0.32542500	0.00573055
1856	0.33102400	0.32529300	0.00573085
1857	0.33085900	0.32512900	0.00573070
1858	0.33065800	0.32492700	0.00573030
1859	0.33042500	0.32469500	0.00572962
1860	0.33016000	0.32443100	0.00572892
1861	0.32987700	0.32414900	0.00572823
1862	0.32957500	0.32384800	0.00572741
1863	0.32926700	0.32354000	0.00572646
1864	0.32895100	0.32322500	0.00572513
1865	0.32863300	0.32290900	0.00572366
1866	0.32831000	0.32258800	0.00572232
1867	0.32798600	0.32226500	0.00572101
1868	0.32765400	0.32193300	0.00572008
1869	0.32731000	0.32159000	0.00571959
1870	0.32694900	0.32122900	0.00571966
1871	0.32656900	0.32084800	0.00572050
1872	0.32616900	0.32044700	0.00572220
1873	0.32574800	0.32002300	0.00572493
1874	0.32530500	0.31957700	0.00572824
1875	0.32483900	0.31910700	0.00573196
1876	0.32435500	0.31861900	0.00573591
1877	0.32386000	0.31812000	0.00573997
1878	0.32336500	0.31762100	0.00574430
1879	0.32287000	0.31712100	0.00574886
1880	0.32238500	0.31663200	0.00575359
1881	0.32190500	0.31614600	0.00575870
1882	0.32143400	0.31567000	0.00576454
1883	0.32096200	0.31519100	0.00577079
1884	0.32048800	0.31471100	0.00577759
1885	0.32000700	0.31422200	0.00578502
1886	0.31951400	0.31372100	0.00579299
1887	0.31900200	0.31320100	0.00580138
1888	0.31846100	0.31265100	0.00580986
1889	0.31789200	0.31207400	0.00581863
1890	0.31729200	0.31146500	0.00582721
1891	0.31666200	0.31082600	0.00583544
1892	0.31599800	0.31015500	0.00584316
1893	0.31531100	0.30946000	0.00585056
1894	0.31459300	0.30873500	0.00585718
1895	0.31387100	0.30800800	0.00586301
1896	0.31315300	0.30728500	0.00586787
1897	0.31243400	0.30656200	0.00587183
1898	0.31173700	0.30586200	0.00587470
1899	0.31107500	0.30519900	0.00587638
1900	0.31043900	0.30456200	0.00587696
1901	0.30985100	0.30397400	0.00587694
1902	0.30930100	0.30342400	0.00587635
1903	0.30878300	0.30290800	0.00587500
1904	0.30830900	0.30243700	0.00587291
1905	0.30787700	0.30200700	0.00587001
1906	0.30749000	0.30162400	0.00586635
1907	0.30714800	0.30128600	0.00586188
1908	0.30684700	0.30099000	0.00585682
1909	0.30659700	0.30074600	0.00585146
1910	0.30639700	0.30055100	0.00584560
1911	0.30624200	0.30040200	0.00583916
1912	0.30612700	0.30029500	0.00583276
1913	0.30604800	0.30022100	0.00582712
1914	0.30600200	0.30018000	0.00582184
1915	0.30598700	0.30017000	0.00581692
1916	0.30600400	0.30019200	0.00581218
1917	0.30605100	0.30024300	0.00580721
1918	0.30612400	0.30032300	0.00580180
1919	0.30622100	0.30042500	0.00579577
1920	0.30634200	0.30055300	0.00578888
1921	0.30649200	0.30071000	0.00578121
1922	0.30667400	0.30090100	0.00577293
1923	0.30689500	0.30113100	0.00576372
1924	0.30715200	0.30139800	0.00575407
1925	0.30744800	0.30170400	0.00574421
1926	0.30776800	0.30203400	0.00573443
1927	0.30810400	0.30237900	0.00572461
1928	0.30844000	0.30272500	0.00571468
1929	0.30876900	0.30306400	0.00570489
1930	0.30908100	0.30338500	0.00569541
1931	0.30937700	0.30369100	0.00568580
1932	0.30965200	0.30397600	0.00567610
1933	0.30990600	0.30424000	0.00566639
1934	0.31013800	0.30448100	0.00565667
1935	0.31035000	0.30470300	0.00564695
1936	0.31054200	0.30490400	0.00563730
1937	0.31071500	0.30508700	0.00562777
1938	0.31086600	0.30524700	0.00561828
1939	0.31099000	0.30538100	0.00560907
1940	0.31107900	0.30547900	0.00560017
1941	0.31113300	0.30554100	0.00559156
1942	0.31114500	0.30556200	0.00558347
1943	0.31112100	0.30554500	0.00557612
1944	0.31105300	0.30548400	0.00556934
1945	0.31094900	0.30538600	0.00556303
1946	0.31080700	0.30524900	0.00555737
1947	0.31062600	0.30507400	0.00555237
1948	0.31040400	0.30485600	0.00554805
1949	0.31014600	0.30460200	0.00554440
1950	0.30985100	0.30431000	0.00554130
1951	0.30952800	0.30398900	0.00553874
1952	0.30917900	0.30364300	0.00553671
1953	0.30881300	0.30327800	0.00553552
1954	0.30843300	0.30289700	0.00553541
1955	0.30805100	0.30251500	0.00553616
1956	0.30766700	0.30213000	0.00553760
1957	0.30729000	0.30175100	0.00553949
1958	0.30691500	0.30137300	0.00554190
1959	0.30654700	0.30100200	0.00554488
1960	0.30618500	0.30063600	0.00554853
1961	0.30583500	0.30028200	0.00555282
1962	0.30550200	0.29994400	0.00555781
1963	0.30519600	0.29963300	0.00556329
1964	0.30491600	0.29934700	0.00556917
1965	0.30467000	0.29909400	0.00557571
1966	0.30445700	0.29887400	0.00558259
1967	0.30428100	0.29869200	0.00558981
1968	0.30413900	0.29854200	0.00559748
1969	0.30403500	0.29843000	0.00560545
1970	0.30396500	0.29835200	0.00561345
1971	0.30391700	0.29829500	0.00562152
1972	0.30389200	0.29826200	0.00562973
1973	0.30387900	0.29824100	0.00563800
1974	0.30387600	0.29822900	0.00564647
1975	0.30387400	0.29821900	0.00565478
1976	0.30386800	0.29820500	0.00566330
1977	0.30385000	0.29817800	0.00567211
1978	0.30381100	0.29813000	0.00568103
1979	0.30374500	0.29805500	0.00568996
1980	0.30364900	0.29795000	0.00569910
1981	0.30352600	0.29781800	0.00570825
1982	0.30337900	0.29766100	0.00571751
1983	0.30321100	0.29748400	0.00572689
1984	0.30302700	0.29729100	0.00573644
1985	0.30283400	0.29708800	0.00574612
1986	0.30263200	0.29687700	0.00575565
1987	0.30242700	0.29666200	0.00576510
1988	0.30221400	0.29644000	0.00577457
1989	0.30199300	0.29620900	0.00578395
1990	0.30176200	0.29596900	0.00579317
1991	0.30153100	0.29572900	0.00580215
1992	0.30131200	0.29550200	0.00581088
1993	0.30111300	0.29529400	0.00581930
1994	0.30094900	0.29512200	0.00582703
1995	0.30083200	0.29499700	0.00583437
1996	0.30077800	0.29493700	0.00584118
1997	0.30078900	0.29494200	0.00584753
1998	0.30087400	0.29502000	0.00585334
1999	0.30103300	0.29517500	0.00585839
2000	0.30126500	0.29540200	0.00586243
2001	0.30156200	0.29569600	0.00586523
2002	0.30191400	0.29604700	0.00586675
2003	0.30230700	0.29644000	0.00586709
2004	0.30272000	0.29685400	0.00586621
2005	0.30314000	0.29727500	0.00586453
2006	0.30354500	0.29768300	0.00586187
2007	0.30391800	0.29806000	0.00585840
2008	0.30424700	0.29839300	0.00585420
2009	0.30453500	0.29868600	0.00584944
2010	0.30478400	0.29894000	0.00584396
2011	0.30500500	0.29916700	0.00583830
2012	0.30521700	0.29938400	0.00583281
2013	0.30542800	0.29960100	0.00582746
2014	0.30565200	0.29983000	0.00582251
2015	0.30589700	0.30007900	0.00581797
2016	0.30616600	0.30035200	0.00581359
2017	0.30645800	0.30064800	0.00580977
2018	0.30677000	0.30096400	0.00580623
2019	0.30709600	0.30129300	0.00580317
2020	0.30742900	0.30162800	0.00580044
2021	0.30776000	0.30196200	0.00579794
2022	0.30808400	0.30228800	0.00579564
2023	0.30840300	0.30260900	0.00579360
2024	0.30870500	0.30291300	0.00579167
2025	0.30898300	0.30319300	0.00579006
2026	0.30923800	0.30344900	0.00578885
2027	0.30947200	0.30368400	0.00578795
2028	0.30967400	0.30388700	0.00578725
2029	0.30984000	0.30405300	0.00578668
2030	0.30997800	0.30419200	0.00578636
2031	0.31011000	0.30432400	0.00578639
2032	0.31024300	0.30445600	0.00578658
2033	0.31038500	0.30459800	0.00578688
2034	0.31053800	0.30475100	0.00578694
2035	0.31071000	0.30492400	0.00578683
2036	0.31090500	0.30511800	0.00578647
2037	0.31112500	0.30533900	0.00578605
2038	0.31136000	0.30557400	0.00578551
2039	0.31161900	0.30583400	0.00578484
2040	0.31189400	0.30611000	0.00578412
2041	0.31218500	0.30640100	0.00578340
2042	0.31248600	0.30670300	0.00578273
2043	0.31280400	0.30702200	0.00578216
2044	0.31313700	0.30735500	0.00578211
2045	0.31349400	0.30771200	0.00578249
2046	0.31387200	0.30808900	0.00578327
2047	0.31427400	0.30848900	0.00578440
2048	0.31469500	0.30890900	0.00578600
2049	0.31513300	0.30934600	0.00578754
2050	0.31558900	0.30979900	0.00578938
2051	0.31606200	0.31027100	0.00579130
2052	0.31655800	0.31076500	0.00579326
2053	0.31707700	0.31128200	0.00579506
2054	0.31761400	0.31181700	0.00579665
2055	0.31816500	0.31236700	0.00579802
2056	0.31873100	0.31293100	0.00579917
2057	0.31929900	0.31349900	0.00580004
2058	0.31986200	0.31406100	0.00580045
2059	0.32041700	0.31461700	0.00580026
2060	0.32096100	0.31516100	0.00579951
2061	0.32149500	0.31569600	0.00579824
2062	0.32201500	0.31621800	0.00579623
2063	0.32252400	0.31673000	0.00579361
2064	0.32301900	0.31722900	0.00579042
2065	0.32349700	0.31771000	0.00578674
2066	0.32395500	0.31817200	0.00578258
2067	0.32439500	0.31861700	0.00577832
2068	0.32481800	0.31904400	0.00577411
2069	0.32522700	0.31945700	0.00577007
2070	0.32562400	0.31985800	0.00576632
2071	0.32601300	0.32025000	0.00576298
2072	0.32639900	0.32063900	0.00576014
2073	0.32678300	0.32102500	0.00575779
2074	0.32716600	0.32141000	0.00575597
2075	0.32754900	0.32179500	0.00575428
2076	0.32793100	0.32217900	0.00575238
2077	0.32831800	0.32256800	0.00575042
2078	0.32871000	0.32296200	0.00574833
2079	0.32910600	0.32336000	0.00574609
2080	0.32950600	0.32376200	0.00574362
2081	0.32990300	0.32416200	0.00574100
2082	0.33029500	0.32455700	0.00573814
2083	0.33067900	0.32494400	0.00573517
2084	0.33105100	0.32531800	0.00573244
2085	0.33140700	0.32567800	0.00572968
2086	0.33174800	0.32602100	0.00572708
2087	0.33207100	0.32634600	0.00572444
2088	0.33237400	0.32665200	0.00572216
2089	0.33266300	0.32694300	0.00571998
2090	0.33293800	0.32722000	0.00571798
2091	0.33320400	0.32748800	0.00571619
2092	0.33346000	0.32774500	0.00571456
2093	0.33370900	0.32799600	0.00571311
2094	0.33394900	0.32823700	0.00571184
2095	0.33418000	0.32846900	0.00571063
2096	0.33439500	0.32868500	0.00570948
2097	0.33460200	0.32889400	0.00570816
2098	0.33480000	0.32909300	0.00570676
2099	0.33499400	0.32928900	0.00570509
2100	0.33517800	0.32947500	0.00570330
2101	0.33535200	0.32965100	0.00570113
2102	0.33551700	0.32981900	0.00569849
2103	0.33568000	0.32998500	0.00569546
2104	0.33583800	0.33014600	0.00569204
2105	0.33598800	0.33029900	0.00568829
2106	0.33612700	0.33044300	0.00568428
2107	0.33626300	0.33058300	0.00567999
2108	0.33639500	0.33071900	0.00567559
2109	0.33653000	0.33085800	0.00567136
2110	0.33666700	0.33100000	0.00566791
2111	0.33681400	0.33114900	0.00566519
2112	0.33697200	0.33130900	0.00566352
2113	0.33714100	0.33147800	0.00566270
2114	0.33731900	0.33165600	0.00566263
2115	0.33749900	0.33183600	0.00566328
2116	0.33767900	0.33201500	0.00566456
2117	0.33785700	0.33219000	0.00566626
2118	0.33803300	0.33236400	0.00566856
2119	0.33821100	0.33253900	0.00567154
2120	0.33839300	0.33271800	0.00567537
2121	0.33857500	0.33289600	0.00567968
2122	0.33876100	0.33307700	0.00568438
2123	0.33894200	0.33325200	0.00568982
2124	0.33911300	0.33341800	0.00569539
2125	0.33926000	0.33355900	0.00570124
2126	0.33938300	0.33367500	0.00570732
2127	0.33947200	0.33375900	0.00571291
2128	0.33952900	0.33381000	0.00571848
2129	0.33955400	0.33383000	0.00572388
2130	0.33954200	0.33381300	0.00572861
2131	0.33949100	0.33375800	0.00573281
2132	0.33940200	0.33366500	0.00573667
2133	0.33927700	0.33353700	0.00574020
2134	0.33912300	0.33337900	0.00574341
2135	0.33894300	0.33319600	0.00574613
2136	0.33873700	0.33298900	0.00574846
2137	0.33851400	0.33276400	0.00575033
2138	0.33826700	0.33251500	0.00575164
2139	0.33799900	0.33224700	0.00575223
2140	0.33771700	0.33196500	0.00575201
2141	0.33743300	0.33168200	0.00575115
2142	0.33715700	0.33140700	0.00574990
2143	0.33690200	0.33115400	0.00574809
2144	0.33667700	0.33093100	0.00574577
2145	0.33648000	0.33073700	0.00574348
2146	0.33630800	0.33056700	0.00574138
2147	0.33614900	0.33040900	0.00573956
2148	0.33599200	0.33025400	0.00573820
2149	0.33582600	0.33008800	0.00573746
2150	0.33563800	0.32990100	0.00573727
2151	0.33543000	0.32969200	0.00573733
2152	0.33520400	0.32946700	0.00573726
2153	0.33497800	0.32924100	0.00573708
2154	0.33475500	0.32901800	0.00573658
2155	0.33453800	0.32880200	0.00573613
2156	0.33433400	0.32859800	0.00573568
2157	0.33414400	0.32840800	0.00573535
2158	0.33398900	0.32825400	0.00573538
2159	0.33388500	0.32814900	0.00573537
2160	0.33384400	0.32810800	0.00573550
2161	0.33385700	0.32812100	0.00573599
2162	0.33392300	0.32818600	0.00573676
2163	0.33402600	0.32828800	0.00573788
2164	0.33414900	0.32841000	0.00573927
2165	0.33427900	0.32853800	0.00574099
2166	0.33440900	0.32866600	0.00574285
2167	0.33452900	0.32878400	0.00574518
2168	0.33462800	0.32888000	0.00574794
2169	0.33471100	0.32896000	0.00575093
2170	0.33476400	0.32901000	0.00575377
2171	0.33477800	0.32902100	0.00575631
2172	0.33475400	0.32899500	0.00575874
2173	0.33469400	0.32893400	0.00576079
2174	0.33457700	0.32881400	0.00576235
2175	0.33442100	0.32865700	0.00576362
2176	0.33422500	0.32846000	0.00576495
2177	0.33399200	0.32822500	0.00576678
2178	0.33372800	0.32795900	0.00576912
2179	0.33345200	0.32768000	0.00577155
2180	0.33316900	0.32739600	0.00577371
2181	0.33290600	0.32713000	0.00577598
2182	0.33266100	0.32688300	0.00577808
2183	0.33244300	0.32666300	0.00578030
2184	0.33224900	0.32646700	0.00578231
2185	0.33207900	0.32629500	0.00578428
2186	0.33192300	0.32613800	0.00578578
2187	0.33177900	0.32599200	0.00578708
2188	0.33163400	0.32584600	0.00578766
2189	0.33148200	0.32569400	0.00578722
2190	0.33130100	0.32551500	0.00578583
2191	0.33107800	0.32529400	0.00578379
2192	0.33079800	0.32501600	0.00578146
2193	0.33045800	0.32467900	0.00577861
2194	0.33005400	0.32427800	0.00577536
2195	0.32959700	0.32382600	0.00577129
2196	0.32910500	0.32333800	0.00576660
2197	0.32859700	0.32283600	0.00576155
2198	0.32810400	0.32234800	0.00575611
2199	0.32764800	0.32189800	0.00575061
2200	0.32725900	0.32151400	0.00574498
2201	0.32694900	0.32121000	0.00573940
2202	0.32673500	0.32100000	0.00573408
2203	0.32661200	0.32088300	0.00572896
2204	0.32658100	0.32085700	0.00572396
2205	0.32662900	0.32091000	0.00571944
2206	0.32675100	0.32103600	0.00571534
2207	0.32693000	0.32121800	0.00571171
2208	0.32715700	0.32144800	0.00570860
2209	0.32740600	0.32170000	0.00570626
2210	0.32766400	0.32195900	0.00570451
2211	0.32791300	0.32221000	0.00570345
2212	0.32813800	0.32243500	0.00570286
2213	0.32832100	0.32261800	0.00570275
2214	0.32844700	0.32274400	0.00570321
2215	0.32851400	0.32281000	0.00570447
2216	0.32851700	0.32281000	0.00570648
2217	0.32846300	0.32275400	0.00570950
2218	0.32835400	0.32264100	0.00571318
2219	0.32819900	0.32248200	0.00571734
2220	0.32799700	0.32227500	0.00572173
2221	0.32775500	0.32202900	0.00572598
2222	0.32747100	0.32174100	0.00572992
2223	0.32715800	0.32142400	0.00573382
2224	0.32682700	0.32109000	0.00573785
2225	0.32648900	0.32074700	0.00574220
2226	0.32615000	0.32040300	0.00574681
2227	0.32581800	0.32006600	0.00575182
2228	0.32549100	0.31973400	0.00575673
2229	0.32517700	0.31941500	0.00576175
2230	0.32487800	0.31911200	0.00576671
2231	0.32461000	0.31883800	0.00577191
2232	0.32436900	0.31859100	0.00577750
2233	0.32415800	0.31837400	0.00578335
2234	0.32396100	0.31817200	0.00578924
2235	0.32377500	0.31798000	0.00579546
2236	0.32358400	0.31778200	0.00580166
2237	0.32338800	0.31758000	0.00580787
2238	0.32317400	0.31736000	0.00581395
2239	0.32295000	0.31713000	0.00581996
2240	0.32272400	0.31689800	0.00582595
2241	0.32249600	0.31666400	0.00583198
2242	0.32227300	0.31643500	0.00583789
2243	0.32206700	0.31622400	0.00584349
2244	0.32189000	0.31604100	0.00584879
2245	0.32174400	0.31589000	0.00585410
2246	0.32164800	0.31578900	0.00585913
2247	0.32160000	0.31573700	0.00586366
2248	0.32160700	0.31574000	0.00586725
2249	0.32167100	0.31580100	0.00586983
2250	0.32178600	0.31591400	0.00587133
2251	0.32195400	0.31608200	0.00587238
2252	0.32217100	0.31629800	0.00587308
2253	0.32243200	0.31655900	0.00587377
2254	0.32273600	0.31686200	0.00587440
2255	0.32308000	0.31720600	0.00587460
2256	0.32345400	0.31758000	0.00587415
2257	0.32385500	0.31798200	0.00587294
2258	0.32426300	0.31839300	0.00587096
2259	0.32466700	0.31879900	0.00586818
2260	0.32504500	0.31918100	0.00586467
2261	0.32539200	0.31953200	0.00586024
2262	0.32569200	0.31983700	0.00585503
2263	0.32595200	0.32010300	0.00584907
2264	0.32616600	0.32032400	0.00584222
2265	0.32634300	0.32050800	0.00583440
2266	0.32648300	0.32065800	0.00582552
2267	0.32660000	0.32078500	0.00581559
2268	0.32670000	0.32089600	0.00580491
2269	0.32679200	0.32099800	0.00579356
2270	0.32687300	0.32109100	0.00578163
2271	0.32694600	0.32117600	0.00576917
2272	0.32701500	0.32125800	0.00575628
2273	0.32708400	0.32134100	0.00574333
2274	0.32714900	0.32141900	0.00573028
2275	0.32721000	0.32149300	0.00571727
2276	0.32725500	0.32155000	0.00570452
2277	0.32727500	0.32158300	0.00569221
2278	0.32725600	0.32157600	0.00568029
2279	0.32718600	0.32151700	0.00566877
2280	0.32705200	0.32139500	0.00565785
2281	0.32684800	0.32120100	0.00564762
2282	0.32656100	0.32092300	0.00563805
2283	0.32619500	0.32056600	0.00562905
2284	0.32575200	0.32013200	0.00562062
2285	0.32524000	0.31962700	0.00561277
2286	0.32465700	0.31905200	0.00560556
2287	0.32401400	0.31841500	0.00559902
2288	0.32333200	0.31773900	0.00559328
2289	0.32262200	0.31703300	0.00558863
2290	0.32190500	0.31632000	0.00558529
2291	0.32119800	0.31561400	0.00558347
2292	0.32051300	0.31492900	0.00558330
2293	0.31985900	0.31427400	0.00558485
2294	0.31924700	0.31365900	0.00558833
2295	0.31867800	0.31308500	0.00559318
2296	0.31815500	0.31255600	0.00559928
2297	0.31767100	0.31206400	0.00560686
2298	0.31722400	0.31160700	0.00561636
2299	0.31680900	0.31118100	0.00562753
2300	0.31642200	0.31078200	0.00564012
2301	0.31606100	0.31040700	0.00565382
2302	0.31571400	0.31004600	0.00566783
2303	0.31537700	0.30969500	0.00568185
2304	0.31503900	0.30934400	0.00569563
2305	0.31469800	0.30898900	0.00570901
2306	0.31434600	0.30862400	0.00572174
2307	0.31398000	0.30824700	0.00573381
2308	0.31360200	0.30785600	0.00574507
2309	0.31320900	0.30745400	0.00575546
2310	0.31280500	0.30704000	0.00576507
2311	0.31238700	0.30661300	0.00577400
2312	0.31196500	0.30618200	0.00578210
2313	0.31155200	0.30576300	0.00578917
2314	0.31116300	0.30536700	0.00579563
2315	0.31080800	0.30500600	0.00580170
2316	0.31049700	0.30468900	0.00580761
2317	0.31023800	0.30442400	0.00581318
2318	0.31003500	0.30421700	0.00581869
2319	0.30988500	0.30406100	0.00582415
2320	0.30976800	0.30393800	0.00582976
2321	0.30967400	0.30383900	0.00583521
2322	0.30958800	0.30374700	0.00584062
2323	0.30948500	0.30364000	0.00584590
2324	0.30935100	0.30350000	0.00585101
2325	0.30917500	0.30331900	0.00585624
2326	0.30894400	0.30308200	0.00586143
2327	0.30866900	0.30280300	0.00586638
2328	0.30836200	0.30249100	0.00587118
2329	0.30804500	0.30216900	0.00587587
2330	0.30773100	0.30185100	0.00588009
2331	0.30742900	0.30154500	0.00588432
2332	0.30715900	0.30127100	0.00588847
2333	0.30692800	0.30103600	0.00589264
2334	0.30675300	0.30085700	0.00589665
2335	0.30663300	0.30073200	0.00590087
2336	0.30657900	0.30067400	0.00590484
2337	0.30658700	0.30067900	0.00590885
2338	0.30665500	0.30074300	0.00591258
2339	0.30676900	0.30085300	0.00591614
2340	0.30693000	0.30101100	0.00591920
2341	0.30712900	0.30120700	0.00592229
2342	0.30736100	0.30143600	0.00592516
2343	0.30761500	0.30168700	0.00592788
2344	0.30788300	0.30195300	0.00593014
2345	0.30816000	0.30222900	0.00593177
2346	0.30843500	0.30250300	0.00593274
2347	0.30869700	0.30276400	0.00593288
2348	0.30892500	0.30299200	0.00593224
2349	0.30910800	0.30317800	0.00593067
2350	0.30923900	0.30331000	0.00592852
2351	0.30931900	0.30339400	0.00592538
2352	0.30935000	0.30342900	0.00592151
2353	0.30933700	0.30342000	0.00591685
2354	0.30928100	0.30336900	0.00591133
2355	0.30920100	0.30329500	0.00590553
2356	0.30910900	0.30320900	0.00589944
2357	0.30901500	0.30312200	0.00589319
2358	0.30892000	0.30303300	0.00588693
2359	0.30883000	0.30294900	0.00588084
2360	0.30873800	0.30286300	0.00587468
2361	0.30864600	0.30277800	0.00586837
2362	0.30854300	0.30268000	0.00586224
2363	0.30842100	0.30256500	0.00585618
2364	0.30826600	0.30241600	0.00585027
2365	0.30808000	0.30223500	0.00584488
2366	0.30786200	0.30202200	0.00584009
2367	0.30761600	0.30178000	0.00583568
2368	0.30734300	0.30151100	0.00583182
2369	0.30704400	0.30121500	0.00582862
2370	0.30672400	0.30089800	0.00582601
2371	0.30641100	0.30058700	0.00582401
2372	0.30613800	0.30031500	0.00582245
2373	0.30592900	0.30010800	0.00582128
2374	0.30580900	0.29998900	0.00582048
2375	0.30579600	0.29997600	0.00581990
2376	0.30589500	0.30007600	0.00581964
2377	0.30610900	0.30028900	0.00581968
2378	0.30642900	0.30060900	0.00582002
2379	0.30683900	0.30101800	0.00582084
2380	0.30732600	0.30150400	0.00582204
2381	0.30787100	0.30204800	0.00582369
2382	0.30845800	0.30263200	0.00582601
2383	0.30907300	0.30324500	0.00582864
2384	0.30969900	0.30386700	0.00583187
2385	0.31031800	0.30448300	0.00583553
2386	0.31091500	0.30507600	0.00583917
2387	0.31147300	0.30563100	0.00584289
2388	0.31198200	0.30613500	0.00584684
2389	0.31243700	0.30658600	0.00585083
2390	0.31283600	0.30698100	0.00585497
2391	0.31317900	0.30732000	0.00585904
2392	0.31346300	0.30760000	0.00586301
2393	0.31369500	0.30782800	0.00586681
2394	0.31387400	0.30800400	0.00587054
2395	0.31399900	0.30812500	0.00587413
2396	0.31406500	0.30818800	0.00587735
2397	0.31407800	0.30819800	0.00587991
2398	0.31403800	0.30815600	0.00588182
2399	0.31395300	0.30806900	0.00588321
2400	0.31382800	0.30794400	0.00588404
2401	0.31367400	0.30779000	0.00588397
2402	0.31349700	0.30761400	0.00588298
2403	0.31330900	0.30742800	0.00588113
2404	0.31311300	0.30723400	0.00587844
2405	0.31291800	0.30704200	0.00587518
2406	0.31273100	0.30685900	0.00587171
2407	0.31255200	0.30668300	0.00586833
2408	0.31237200	0.30650700	0.00586485
2409	0.31219000	0.30632900	0.00586098
2410	0.31200900	0.30615200	0.00585670
2411	0.31182400	0.30597200	0.00585210
2412	0.31162400	0.30577700	0.00584730
2413	0.31140600	0.30556400	0.00584250
2414	0.31117400	0.30533700	0.00583764
2415	0.31093800	0.30510500	0.00583290
2416	0.31070800	0.30488000	0.00582835
2417	0.31049600	0.30467200	0.00582389
2418	0.31032400	0.30450500	0.00581963
2419	0.31021900	0.30440400	0.00581573
2420	0.31020100	0.30438900	0.00581213
2421	0.31028300	0.30447400	0.00580902
2422	0.31047000	0.30466400	0.00580649
2423	0.31076800	0.30496300	0.00580420
2424	0.31117000	0.30536800	0.00580208
2425	0.31165600	0.30585600	0.00579998
2426	0.31222300	0.30642600	0.00579781
2427	0.31286500	0.30706900	0.00579558
2428	0.31357200	0.30777800	0.00579350
2429	0.31433500	0.30854300	0.00579172
2430	0.31515100	0.30936000	0.00579013
2431	0.31600800	0.31021900	0.00578849
2432	0.31689800	0.31111100	0.00578703
2433	0.31781000	0.31202400	0.00578570
2434	0.31872200	0.31293800	0.00578447
2435	0.31962400	0.31384000	0.00578368
2436	0.32049400	0.31471100	0.00578325
2437	0.32132000	0.31553700	0.00578309
2438	0.32208600	0.31630200	0.00578344
2439	0.32278500	0.31700100	0.00578445
2440	0.32340800	0.31762200	0.00578562
2441	0.32395800	0.31817100	0.00578721
2442	0.32443100	0.31864200	0.00578898
2443	0.32483300	0.31904200	0.00579101
2444	0.32516400	0.31937100	0.00579310
2445	0.32543800	0.31964300	0.00579523
2446	0.32566300	0.31986500	0.00579757
2447	0.32584900	0.32004900	0.00580005
2448	0.32600800	0.32020500	0.00580301
2449	0.32615000	0.32034400	0.00580615
2450	0.32628000	0.32047000	0.00580931
2451	0.32640500	0.32059300	0.00581239
2452	0.32652700	0.32071200	0.00581552
2453	0.32665500	0.32083700	0.00581849
2454	0.32679000	0.32096800	0.00582123
2455	0.32692700	0.32110300	0.00582377
2456	0.32706000	0.32123400	0.00582616
2457	0.32718700	0.32135900	0.00582850
2458	0.32729400	0.32146300	0.00583087
2459	0.32737800	0.32154400	0.00583336
2460	0.32742500	0.32158800	0.00583619
2461	0.32743000	0.32159100	0.00583904
2462	0.32739200	0.32155000	0.00584186
2463	0.32730900	0.32146500	0.00584421
2464	0.32719600	0.32135000	0.00584598
2465	0.32706900	0.32122200	0.00584738
2466	0.32695500	0.32110600	0.00584864
2467	0.32687900	0.32102900	0.00584989
2468	0.32686800	0.32101700	0.00585115
2469	0.32693800	0.32108600	0.00585239
2470	0.32710400	0.32125000	0.00585353
2471	0.32736300	0.32150900	0.00585458
2472	0.32771500	0.32186000	0.00585544
2473	0.32815000	0.32229400	0.00585614
2474	0.32865700	0.32280000	0.00585655
2475	0.32921900	0.32336200	0.00585671
2476	0.32982600	0.32396900	0.00585644
2477	0.33046300	0.32460700	0.00585579
2478	0.33112200	0.32526800	0.00585480
2479	0.33178900	0.32593600	0.00585343
2480	0.33245300	0.32660100	0.00585168
2481	0.33309400	0.32724500	0.00584959
2482	0.33369700	0.32785000	0.00584720
2483	0.33424600	0.32840200	0.00584459
2484	0.33472900	0.32888700	0.00584168
2485	0.33514100	0.32930300	0.00583830
2486	0.33547500	0.32964000	0.00583480
2487	0.33573100	0.32989900	0.00583152
2488	0.33590000	0.33007200	0.00582880
2489	0.33598700	0.33016000	0.00582655
2490	0.33599100	0.33016700	0.00582461
2491	0.33593100	0.33010800	0.00582310
2492	0.33581100	0.32999000	0.00582180
2493	0.33564500	0.32982500	0.00582056
2494	0.33543700	0.32961700	0.00581933
2495	0.33521000	0.32939200	0.00581801
2496	0.33497500	0.32915900	0.00581660
2497	0.33475000	0.32893500	0.00581525
2498	0.33453000	0.32871600	0.00581383
2499	0.33432400	0.32851200	0.00581199
2500	0.33413000	0.32832000	0.00580969
2501	0.33395300	0.32814600	0.00580690
2502	0.33379500	0.32799100	0.00580380
2503	0.33366000	0.32786000	0.00580081
2504	0.33354700	0.32774900	0.00579791
2505	0.33345000	0.32765500	0.00579516
2506	0.33334700	0.32755400	0.00579279
2507	0.33322200	0.32743100	0.00579086
2508	0.33305700	0.32726800	0.00578928
2509	0.33284400	0.32705600	0.00578773
2510	0.33257600	0.32678900	0.00578629
2511	0.33225800	0.32647300	0.00578496
2512	0.33191300	0.32613000	0.00578350
2513	0.33157200	0.32579000	0.00578216
2514	0.33126200	0.32548100	0.00578044
2515	0.33100000	0.32522200	0.00577859
2516	0.33080100	0.32502500	0.00577628
2517	0.33068500	0.32491100	0.00577415
2518	0.33066800	0.32489600	0.00577216
2519	0.33074800	0.32497800	0.00577035
2520	0.33092100	0.32515200	0.00576872
2521	0.33117000	0.32540300	0.00576735
2522	0.33148900	0.32572200	0.00576637
2523	0.33185400	0.32608800	0.00576581
2524	0.33225300	0.32648800	0.00576554
2525	0.33266500	0.32690000	0.00576547
2526	0.33307500	0.32730900	0.00576559
2527	0.33346300	0.32769700	0.00576606
2528	0.33381700	0.32805000	0.00576683
2529	0.33411800	0.32835000	0.00576792
2530	0.33435600	0.32858700	0.00576919
2531	0.33452700	0.32875600	0.00577047
2532	0.33463100	0.32885900	0.00577193
2533	0.33468000	0.32890600	0.00577317
2534	0.33467900	0.32890500	0.00577433
2535	0.33463100	0.32885600	0.00577543
2536	0.33453400	0.32875700	0.00577661
2537	0.33438900	0.32861100	0.00577771
2538	0.33419400	0.32841600	0.00577862
2539	0.33395100	0.32817100	0.00577932
2540	0.33366200	0.32788200	0.00577984
2541	0.33333500	0.32755600	0.00577986
2542	0.33298500	0.32720500	0.00577948
2543	0.33262300	0.32684500	0.00577848
2544	0.33226200	0.32648500	0.00577708
2545	0.33191200	0.32613700	0.00577522
2546	0.33157800	0.32580400	0.00577312
2547	0.33126300	0.32549300	0.00577097
2548	0.33097100	0.32520200	0.00576898
2549	0.33070700	0.32494000	0.00576697
2550	0.33046200	0.32469700	0.00576511
2551	0.33023600	0.32447300	0.00576364
2552	0.33000500	0.32424300	0.00576231
2553	0.32975400	0.32399300	0.00576122
2554	0.32946200	0.32370300	0.00575998
2555	0.32912900	0.32337000	0.00575893
2556	0.32875600	0.32299800	0.00575779
2557	0.32836100	0.32260400	0.00575696
2558	0.32797400	0.32221700	0.00575661
2559	0.32761900	0.32186200	0.00575679
2560	0.32732200	0.32156500	0.00575742
2561	0.32709900	0.32134100	0.00575852
2562	0.32695100	0.32119200	0.00575983
2563	0.32687700	0.32111600	0.00576124
2564	0.32686600	0.32110300	0.00576269
2565	0.32690600	0.32114200	0.00576419
2566	0.32698400	0.32121800	0.00576561
2567	0.32708200	0.32131500	0.00576715
2568	0.32718100	0.32141200	0.00576887
2569	0.32725900	0.32148800	0.00577094
2570	0.32730000	0.32152700	0.00577330
2571	0.32728300	0.32150700	0.00577599
2572	0.32719200	0.32141300	0.00577883
2573	0.32701500	0.32123300	0.00578169
2574	0.32675600	0.32097100	0.00578472
2575	0.32641400	0.32062600	0.00578816
2576	0.32600000	0.32020800	0.00579218
2577	0.32551800	0.31972200	0.00579670
2578	0.32497700	0.31917500	0.00580176
2579	0.32438200	0.31857500	0.00580725
2580	0.32374000	0.31792700	0.00581301
2581	0.32306200	0.31724300	0.00581884
2582	0.32235500	0.31653000	0.00582473
2583	0.32162500	0.31579400	0.00583056
2584	0.32088100	0.31504500	0.00583609
2585	0.32013200	0.31429100	0.00584108
2586	0.31938400	0.31353900	0.00584535
2587	0.31864300	0.31279400	0.00584879
2588	0.31791800	0.31206600	0.00585136
2589	0.31722000	0.31136700	0.00585319
2590	0.31655000	0.31069600	0.00585399
2591	0.31591900	0.31006500	0.00585401
2592	0.31531700	0.30946400	0.00585333
2593	0.31475500	0.30890300	0.00585199
2594	0.31423200	0.30838100	0.00585029
2595	0.31375300	0.30790500	0.00584818
2596	0.31330600	0.30746100	0.00584588
2597	0.31288500	0.30704100	0.00584379
2598	0.31247100	0.30662900	0.00584165
2599	0.31205700	0.30621700	0.00583997
2600	0.31162800	0.30579000	0.00583814
