Time	Cd Total	Cd Pressure	Cd Viscous
1801	0.02903360	0.02684980	0.00218387
1802	0.02911230	0.02692750	0.00218480
1803	0.02920900	0.02702400	0.00218506
1804	0.02932140	0.02713680	0.00218463
1805	0.02944530	0.02726190	0.00218343
1806	0.02957570	0.02739400	0.00218167
1807	0.02970880	0.02752950	0.00217933
1808	0.02984150	0.02766510	0.00217637
1809	0.02996950	0.02779630	0.00217312
1810	0.03008950	0.02792020	0.00216928
1811	0.03020360	0.02803870	0.00216492
1812	0.03031350	0.02815340	0.00216013
1813	0.03041960	0.02826500	0.00215467
1814	0.03051910	0.02837060	0.00214851
1815	0.03061050	0.02846870	0.00214177
1816	0.03069350	0.02855900	0.00213452
1817	0.03076880	0.02864190	0.00212693
1818	0.03083530	0.02871600	0.00211928
1819	0.03089330	0.02878130	0.00211206
1820	0.03094470	0.02883950	0.00210519
1821	0.03099090	0.02889250	0.00209837
1822	0.03103440	0.02894280	0.00209156
1823	0.03107320	0.02898820	0.00208500
1824	0.03110610	0.02902710	0.00207903
1825	0.03113270	0.02905890	0.00207372
1826	0.03115080	0.02908170	0.00206908
1827	0.03116050	0.02909550	0.00206502
1828	0.03116050	0.02909910	0.00206138
1829	0.03115040	0.02909220	0.00205818
1830	0.03113300	0.02907760	0.00205535
1831	0.03110940	0.02905640	0.00205300
1832	0.03108170	0.02903080	0.00205094
1833	0.03105040	0.02900120	0.00204924
1834	0.03101810	0.02897020	0.00204791
1835	0.03098550	0.02893860	0.00204695
1836	0.03095380	0.02890740	0.00204643
1837	0.03091950	0.02887310	0.00204634
1838	0.03088300	0.02883630	0.00204667
1839	0.03084350	0.02879620	0.00204737
1840	0.03080300	0.02875470	0.00204835
1841	0.03076070	0.02871120	0.00204948
1842	0.03071790	0.02866720	0.00205071
1843	0.03067510	0.02862290	0.00205212
1844	0.03063440	0.02858090	0.00205352
1845	0.03059390	0.02853910	0.00205483
1846	0.03055270	0.02849640	0.00205627
1847	0.03050860	0.02845060	0.00205807
1848	0.03046080	0.02840060	0.00206019
1849	0.03041000	0.02834750	0.00206247
1850	0.03035650	0.02829160	0.00206493
1851	0.03029960	0.02823180	0.00206784
1852	0.03024200	0.02817100	0.00207105
1853	0.03018370	0.02810930	0.00207436
1854	0.03012610	0.02804820	0.00207790
1855	0.03007100	0.02798920	0.00208173
1856	0.03001830	0.02793240	0.00208593
1857	0.02996960	0.02787910	0.00209045
1858	0.02992490	0.02782970	0.00209522
1859	0.02988850	0.02778830	0.00210025
1860	0.02986010	0.02775460	0.00210546
1861	0.02984120	0.02773040	0.00211084
1862	0.02982770	0.02771110	0.00211663
1863	0.02981660	0.02769370	0.00212283
1864	0.02979950	0.02767000	0.00212947
1865	0.02977320	0.02763710	0.00213606
1866	0.02973530	0.02759270	0.00214269
1867	0.02968800	0.02753900	0.00214907
1868	0.02963160	0.02747630	0.00215532
1869	0.02956690	0.02740550	0.00216132
1870	0.02949220	0.02732590	0.00216634
1871	0.02940930	0.02723730	0.00217196
1872	0.02931390	0.02713670	0.00217722
1873	0.02920810	0.02702600	0.00218211
1874	0.02909520	0.02690850	0.00218668
1875	0.02897440	0.02678360	0.00219072
1876	0.02884630	0.02665210	0.00219412
1877	0.02871460	0.02651770	0.00219695
1878	0.02858360	0.02638450	0.00219913
1879	0.02845680	0.02625640	0.00220040
1880	0.02833630	0.02613550	0.00220084
1881	0.02822200	0.02602160	0.00220040
1882	0.02811580	0.02591670	0.00219913
1883	0.02801810	0.02582110	0.00219699
1884	0.02793110	0.02573720	0.00219395
1885	0.02785400	0.02566400	0.00219002
1886	0.02779000	0.02560480	0.00218516
1887	0.02773850	0.02555920	0.00217932
1888	0.02770190	0.02552950	0.00217242
1889	0.02767890	0.02551390	0.00216507
1890	0.02767030	0.02551260	0.00215774
1891	0.02767560	0.02552580	0.00214977
1892	0.02769560	0.02555430	0.00214136
1893	0.02773080	0.02559830	0.00213244
1894	0.02778170	0.02565850	0.00212318
1895	0.02784870	0.02573500	0.00211372
1896	0.02793330	0.02582890	0.00210443
1897	0.02803720	0.02594190	0.00209537
1898	0.02815740	0.02607010	0.00208729
1899	0.02829440	0.02621420	0.00208019
1900	0.02844630	0.02637250	0.00207375
1901	0.02861510	0.02654750	0.00206760
1902	0.02879490	0.02673300	0.00206193
1903	0.02898800	0.02693090	0.00205711
1904	0.02919080	0.02713770	0.00205305
1905	0.02940040	0.02735070	0.00204971
1906	0.02961130	0.02756450	0.00204678
1907	0.02982190	0.02777770	0.00204416
1908	0.03002390	0.02798170	0.00204218
1909	0.03021480	0.02817380	0.00204103
1910	0.03039260	0.02835200	0.00204055
1911	0.03055950	0.02851880	0.00204074
1912	0.03071300	0.02867130	0.00204171
1913	0.03085030	0.02880690	0.00204345
1914	0.03097140	0.02892550	0.00204590
1915	0.03107950	0.02903050	0.00204899
1916	0.03117840	0.02912580	0.00205253
1917	0.03127050	0.02921410	0.00205643
1918	0.03135700	0.02929620	0.00206075
1919	0.03143930	0.02937390	0.00206549
1920	0.03151560	0.02944530	0.00207037
1921	0.03158760	0.02951260	0.00207506
1922	0.03165700	0.02957750	0.00207943
1923	0.03172530	0.02964190	0.00208344
1924	0.03179190	0.02970460	0.00208734
1925	0.03185800	0.02976710	0.00209096
1926	0.03192460	0.02983050	0.00209408
1927	0.03199230	0.02989580	0.00209647
1928	0.03206470	0.02996700	0.00209777
1929	0.03214210	0.03004410	0.00209800
1930	0.03222590	0.03012860	0.00209726
1931	0.03231390	0.03021840	0.00209558
1932	0.03240330	0.03031010	0.00209317
1933	0.03249130	0.03040130	0.00209004
1934	0.03257710	0.03049110	0.00208600
1935	0.03266080	0.03057960	0.00208123
1936	0.03273690	0.03066090	0.00207600
1937	0.03280490	0.03073420	0.00207070
1938	0.03286020	0.03079510	0.00206508
1939	0.03290050	0.03084140	0.00205910
1940	0.03292560	0.03087250	0.00205310
1941	0.03293340	0.03088620	0.00204717
1942	0.03291960	0.03087840	0.00204122
1943	0.03288750	0.03085240	0.00203511
1944	0.03283720	0.03080900	0.00202824
1945	0.03277460	0.03075410	0.00202050
1946	0.03269900	0.03068660	0.00201243
1947	0.03261420	0.03060930	0.00200493
1948	0.03251900	0.03052090	0.00199814
1949	0.03241970	0.03042800	0.00199178
1950	0.03231470	0.03032880	0.00198592
1951	0.03220930	0.03022870	0.00198057
1952	0.03210520	0.03012930	0.00197594
1953	0.03200320	0.03003150	0.00197176
1954	0.03190070	0.02993280	0.00196790
1955	0.03179830	0.02983430	0.00196403
1956	0.03169180	0.02973180	0.00196004
1957	0.03158070	0.02962400	0.00195665
1958	0.03146060	0.02950710	0.00195357
1959	0.03132990	0.02937890	0.00195099
1960	0.03118380	0.02923450	0.00194930
1961	0.03101920	0.02907000	0.00194918
1962	0.03083140	0.02888040	0.00195098
1963	0.03062660	0.02867150	0.00195508
1964	0.03040540	0.02844420	0.00196116
1965	0.03017810	0.02820900	0.00196908
1966	0.02995420	0.02797650	0.00197764
1967	0.02973890	0.02775280	0.00198609
1968	0.02954110	0.02754680	0.00199430
1969	0.02937030	0.02736840	0.00200193
1970	0.02923370	0.02722450	0.00200924
1971	0.02913480	0.02711860	0.00201619
1972	0.02907490	0.02705200	0.00202290
1973	0.02904910	0.02701930	0.00202981
1974	0.02904810	0.02701080	0.00203733
1975	0.02906550	0.02701990	0.00204558
1976	0.02909720	0.02704240	0.00205480
1977	0.02913420	0.02706940	0.00206486
1978	0.02917030	0.02709480	0.00207550
1979	0.02920070	0.02711460	0.00208607
1980	0.02922550	0.02712960	0.00209586
1981	0.02924700	0.02714210	0.00210485
1982	0.02927110	0.02715790	0.00211314
1983	0.02930830	0.02718740	0.00212095
1984	0.02936130	0.02723320	0.00212814
1985	0.02943050	0.02729580	0.00213471
1986	0.02951850	0.02737770	0.00214076
1987	0.02962500	0.02747860	0.00214639
1988	0.02974430	0.02759280	0.00215149
1989	0.02987160	0.02771550	0.00215610
1990	0.03000060	0.02784010	0.00216050
1991	0.03012890	0.02796380	0.00216505
1992	0.03025020	0.02808050	0.00216969
1993	0.03036540	0.02819100	0.00217448
1994	0.03047530	0.02829590	0.00217946
1995	0.03058110	0.02839620	0.00218496
1996	0.03067710	0.02848590	0.00219120
1997	0.03076480	0.02856660	0.00219826
1998	0.03084150	0.02863570	0.00220577
1999	0.03091120	0.02869800	0.00221318
2000	0.03096750	0.02874740	0.00222001
2001	0.03100880	0.02878230	0.00222649
2002	0.03102990	0.02879770	0.00223219
2003	0.03103320	0.02879610	0.00223711
2004	0.03101960	0.02877840	0.00224120
2005	0.03099090	0.02874620	0.00224471
2006	0.03094920	0.02870170	0.00224747
2007	0.03089640	0.02864660	0.00224980
2008	0.03083390	0.02858220	0.00225165
2009	0.03076310	0.02851030	0.00225287
2010	0.03068520	0.02843180	0.00225339
2011	0.03060030	0.02834690	0.00225337
2012	0.03050650	0.02825360	0.00225289
2013	0.03040700	0.02815490	0.00225208
2014	0.03030410	0.02805310	0.00225092
2015	0.03019940	0.02795000	0.00224938
2016	0.03009490	0.02784750	0.00224741
2017	0.02999190	0.02774680	0.00224520
2018	0.02989430	0.02765150	0.00224280
2019	0.02980670	0.02756640	0.00224032
2020	0.02973350	0.02749570	0.00223772
2021	0.02967620	0.02744110	0.00223512
2022	0.02963530	0.02740290	0.00223244
2023	0.02961030	0.02738030	0.00222996
2024	0.02960060	0.02737300	0.00222758
2025	0.02960280	0.02737740	0.00222532
2026	0.02961410	0.02739100	0.00222312
2027	0.02963090	0.02741000	0.00222090
2028	0.02964980	0.02743120	0.00221865
2029	0.02966840	0.02745210	0.00221637
2030	0.02968330	0.02746910	0.00221412
2031	0.02969280	0.02748080	0.00221200
2032	0.02969680	0.02748680	0.00221004
2033	0.02969540	0.02748720	0.00220822
2034	0.02968830	0.02748180	0.00220647
2035	0.02967640	0.02747160	0.00220483
2036	0.02966140	0.02745830	0.00220317
2037	0.02964580	0.02744440	0.00220145
2038	0.02962860	0.02742880	0.00219981
2039	0.02961140	0.02741310	0.00219834
2040	0.02959180	0.02739480	0.00219696
2041	0.02957250	0.02737690	0.00219559
2042	0.02955370	0.02735950	0.00219426
2043	0.02953520	0.02734230	0.00219292
2044	0.02951780	0.02732630	0.00219147
2045	0.02950320	0.02731350	0.00218977
2046	0.02949380	0.02730590	0.00218791
2047	0.02949260	0.02730650	0.00218612
2048	0.02950350	0.02731930	0.00218420
2049	0.02952810	0.02734580	0.00218238
2050	0.02956390	0.02738320	0.00218067
2051	0.02960770	0.02742860	0.00217912
2052	0.02965980	0.02748210	0.00217767
2053	0.02971960	0.02754330	0.00217626
2054	0.02978720	0.02761250	0.00217476
2055	0.02986190	0.02768870	0.00217318
2056	0.02994590	0.02777440	0.00217142
2057	0.03003380	0.02786430	0.00216951
2058	0.03012520	0.02795780	0.00216742
2059	0.03021910	0.02805380	0.00216529
2060	0.03031590	0.02815280	0.00216313
2061	0.03041930	0.02825830	0.00216101
2062	0.03053090	0.02837200	0.00215889
2063	0.03065240	0.02849560	0.00215686
2064	0.03078400	0.02862920	0.00215479
2065	0.03092810	0.02877550	0.00215258
2066	0.03108650	0.02893600	0.00215048
2067	0.03125860	0.02911000	0.00214858
2068	0.03144040	0.02929360	0.00214684
2069	0.03162760	0.02948230	0.00214531
2070	0.03181830	0.02967430	0.00214397
2071	0.03200810	0.02986550	0.00214258
2072	0.03219370	0.03005270	0.00214108
2073	0.03237250	0.03023250	0.00214002
2074	0.03254250	0.03040330	0.00213915
2075	0.03270290	0.03056500	0.00213794
2076	0.03285120	0.03071520	0.00213601
2077	0.03298730	0.03085370	0.00213358
2078	0.03311500	0.03098430	0.00213071
2079	0.03323370	0.03110610	0.00212760
2080	0.03334160	0.03121710	0.00212448
2081	0.03343370	0.03131240	0.00212133
2082	0.03350710	0.03138890	0.00211819
2083	0.03356230	0.03144700	0.00211530
2084	0.03359370	0.03148160	0.00211217
2085	0.03360510	0.03149630	0.00210880
2086	0.03360310	0.03149760	0.00210552
2087	0.03359140	0.03148920	0.00210218
2088	0.03356830	0.03146970	0.00209854
2089	0.03353850	0.03144360	0.00209492
2090	0.03350360	0.03141210	0.00209151
2091	0.03346650	0.03137800	0.00208852
2092	0.03343150	0.03134560	0.00208585
2093	0.03340110	0.03131770	0.00208342
2094	0.03337540	0.03129440	0.00208097
2095	0.03335750	0.03127910	0.00207844
2096	0.03335050	0.03127460	0.00207584
2097	0.03335590	0.03128250	0.00207338
2098	0.03337220	0.03130100	0.00207123
2099	0.03340060	0.03133110	0.00206942
2100	0.03344230	0.03137420	0.00206806
2101	0.03349580	0.03142840	0.00206741
2102	0.03355990	0.03149230	0.00206762
2103	0.03363410	0.03156530	0.00206877
2104	0.03371520	0.03164450	0.00207075
2105	0.03379800	0.03172500	0.00207307
2106	0.03387630	0.03180060	0.00207571
2107	0.03395040	0.03187190	0.00207847
2108	0.03401870	0.03193740	0.00208130
2109	0.03408060	0.03199660	0.00208400
2110	0.03413070	0.03204380	0.00208689
2111	0.03416490	0.03207460	0.00209034
2112	0.03418280	0.03208820	0.00209462
2113	0.03418830	0.03208900	0.00209937
2114	0.03418040	0.03207630	0.00210412
2115	0.03416410	0.03205540	0.00210872
2116	0.03414360	0.03203060	0.00211299
2117	0.03412510	0.03200850	0.00211664
2118	0.03410970	0.03199010	0.00211959
2119	0.03410400	0.03198210	0.00212182
2120	0.03411270	0.03198960	0.00212313
2121	0.03413990	0.03201630	0.00212359
2122	0.03418360	0.03206050	0.00212306
2123	0.03423840	0.03211700	0.00212139
2124	0.03429750	0.03217850	0.00211897
2125	0.03435900	0.03224310	0.00211590
2126	0.03441530	0.03230290	0.00211233
2127	0.03446420	0.03235580	0.00210833
2128	0.03450160	0.03239720	0.00210437
2129	0.03452240	0.03242130	0.00210111
2130	0.03453280	0.03243440	0.00209839
2131	0.03453610	0.03244020	0.00209598
2132	0.03453580	0.03244230	0.00209342
2133	0.03453440	0.03244390	0.00209045
2134	0.03453270	0.03244580	0.00208688
2135	0.03453420	0.03245140	0.00208287
2136	0.03453490	0.03245600	0.00207889
2137	0.03453500	0.03245960	0.00207545
2138	0.03453310	0.03246110	0.00207198
2139	0.03452490	0.03245610	0.00206883
2140	0.03451230	0.03244590	0.00206637
2141	0.03449220	0.03242790	0.00206431
2142	0.03446010	0.03239780	0.00206237
2143	0.03441740	0.03235690	0.00206048
2144	0.03435680	0.03229810	0.00205876
2145	0.03427570	0.03221790	0.00205780
2146	0.03417160	0.03211360	0.00205796
2147	0.03404620	0.03198670	0.00205950
2148	0.03390010	0.03183740	0.00206269
2149	0.03374250	0.03167500	0.00206747
2150	0.03358370	0.03151030	0.00207341
2151	0.03343030	0.03135000	0.00208035
2152	0.03328270	0.03119510	0.00208758
2153	0.03313780	0.03104330	0.00209448
2154	0.03299200	0.03089100	0.00210097
2155	0.03284700	0.03073960	0.00210745
2156	0.03269910	0.03058520	0.00211386
2157	0.03254900	0.03042840	0.00212053
2158	0.03239550	0.03026830	0.00212721
2159	0.03224590	0.03011260	0.00213334
2160	0.03210760	0.02996910	0.00213846
2161	0.03198570	0.02984340	0.00214229
2162	0.03188290	0.02973800	0.00214498
2163	0.03180180	0.02965490	0.00214687
2164	0.03174580	0.02959750	0.00214821
2165	0.03171290	0.02956370	0.00214921
2166	0.03170230	0.02955240	0.00214987
2167	0.03170790	0.02955780	0.00215008
2168	0.03172450	0.02957470	0.00214986
2169	0.03174470	0.02959550	0.00214920
2170	0.03176370	0.02961580	0.00214795
2171	0.03177890	0.02963290	0.00214604
2172	0.03178940	0.02964600	0.00214343
2173	0.03179760	0.02965700	0.00214055
2174	0.03180090	0.02966340	0.00213745
2175	0.03179760	0.02966340	0.00213422
2176	0.03179030	0.02965930	0.00213100
2177	0.03178260	0.02965460	0.00212798
2178	0.03177770	0.02965260	0.00212514
2179	0.03177780	0.02965540	0.00212242
2180	0.03178510	0.02966560	0.00211948
2181	0.03179890	0.02968190	0.00211700
2182	0.03181910	0.02970360	0.00211550
2183	0.03184370	0.02972900	0.00211466
2184	0.03187020	0.02975600	0.00211422
2185	0.03189740	0.02978340	0.00211396
2186	0.03192140	0.02980750	0.00211392
2187	0.03194170	0.02982750	0.00211427
2188	0.03195770	0.02984250	0.00211514
2189	0.03197130	0.02985490	0.00211642
2190	0.03198090	0.02986270	0.00211817
2191	0.03198970	0.02986940	0.00212033
2192	0.03199560	0.02987270	0.00212289
2193	0.03199820	0.02987230	0.00212590
2194	0.03198900	0.02985970	0.00212929
2195	0.03196070	0.02982820	0.00213251
2196	0.03190590	0.02976950	0.00213639
2197	0.03181890	0.02967870	0.00214026
2198	0.03169950	0.02955530	0.00214411
2199	0.03155140	0.02940370	0.00214772
2200	0.03138160	0.02923060	0.00215102
2201	0.03119970	0.02904580	0.00215383
2202	0.03101220	0.02885610	0.00215609
2203	0.03082390	0.02866630	0.00215756
2204	0.03063910	0.02848100	0.00215809
2205	0.03046600	0.02830840	0.00215758
2206	0.03030950	0.02815340	0.00215618
2207	0.03017350	0.02801940	0.00215401
2208	0.03005790	0.02790670	0.00215119
2209	0.02996070	0.02781300	0.00214767
2210	0.02988000	0.02773650	0.00214352
2211	0.02981240	0.02767390	0.00213850
2212	0.02975500	0.02762240	0.00213261
2213	0.02970530	0.02757840	0.00212685
2214	0.02965970	0.02753810	0.00212163
2215	0.02961590	0.02749950	0.00211634
2216	0.02957390	0.02746320	0.00211072
2217	0.02953160	0.02742700	0.00210465
2218	0.02948860	0.02739030	0.00209831
2219	0.02944530	0.02735360	0.00209175
2220	0.02940280	0.02731800	0.00208478
2221	0.02936300	0.02728520	0.00207778
2222	0.02932530	0.02725400	0.00207129
2223	0.02929060	0.02722530	0.00206532
2224	0.02926210	0.02720240	0.00205977
2225	0.02924270	0.02718810	0.00205456
2226	0.02923410	0.02718450	0.00204962
2227	0.02923790	0.02719290	0.00204495
2228	0.02925390	0.02721330	0.00204061
2229	0.02928080	0.02724380	0.00203696
2230	0.02931410	0.02728020	0.00203397
2231	0.02935090	0.02731960	0.00203133
2232	0.02938880	0.02736000	0.00202884
2233	0.02942770	0.02740090	0.00202678
2234	0.02946740	0.02744200	0.00202536
2235	0.02950840	0.02748390	0.00202459
2236	0.02955130	0.02752690	0.00202433
2237	0.02959350	0.02756900	0.00202448
2238	0.02963430	0.02760920	0.00202514
2239	0.02967190	0.02764560	0.00202624
2240	0.02970360	0.02767590	0.00202778
2241	0.02972840	0.02769860	0.00202973
2242	0.02974700	0.02771490	0.00203219
2243	0.02976020	0.02772510	0.00203506
2244	0.02977150	0.02773310	0.00203838
2245	0.02978300	0.02774110	0.00204194
2246	0.02979870	0.02775330	0.00204547
2247	0.02982040	0.02777160	0.00204875
2248	0.02985090	0.02779950	0.00205141
2249	0.02989240	0.02783910	0.00205323
2250	0.02994490	0.02789070	0.00205419
2251	0.03000430	0.02795000	0.00205429
2252	0.03006990	0.02801620	0.00205371
2253	0.03013860	0.02808580	0.00205283
2254	0.03021010	0.02815780	0.00205231
2255	0.03028390	0.02823210	0.00205178
2256	0.03035960	0.02830860	0.00205094
2257	0.03043790	0.02838810	0.00204979
2258	0.03051670	0.02846830	0.00204837
2259	0.03059750	0.02855050	0.00204697
2260	0.03067830	0.02863340	0.00204484
2261	0.03075760	0.02871510	0.00204241
2262	0.03083370	0.02879380	0.00203991
2263	0.03090530	0.02886790	0.00203743
2264	0.03097400	0.02893910	0.00203485
2265	0.03104230	0.02901010	0.00203220
2266	0.03111190	0.02908220	0.00202977
2267	0.03118340	0.02915550	0.00202784
2268	0.03126010	0.02923370	0.00202636
2269	0.03134820	0.02932300	0.00202514
2270	0.03144620	0.02942220	0.00202403
2271	0.03155520	0.02953210	0.00202312
2272	0.03167470	0.02965240	0.00202229
2273	0.03180190	0.02978030	0.00202162
2274	0.03193000	0.02990860	0.00202142
2275	0.03205550	0.03003380	0.00202163
2276	0.03217050	0.03014840	0.00202211
2277	0.03227600	0.03025290	0.00202302
2278	0.03236450	0.03034000	0.00202441
2279	0.03243470	0.03040840	0.00202632
2280	0.03248420	0.03045600	0.00202822
2281	0.03251300	0.03048330	0.00202962
2282	0.03251930	0.03048810	0.00203115
2283	0.03249920	0.03046640	0.00203282
2284	0.03245580	0.03042130	0.00203451
2285	0.03238910	0.03035310	0.00203607
2286	0.03230180	0.03026450	0.00203732
2287	0.03219610	0.03015800	0.00203810
2288	0.03207440	0.03003590	0.00203846
2289	0.03193820	0.02989980	0.00203839
2290	0.03178740	0.02974940	0.00203801
2291	0.03162190	0.02958440	0.00203755
2292	0.03144170	0.02940460	0.00203716
2293	0.03124420	0.02920770	0.00203651
2294	0.03103100	0.02899550	0.00203545
2295	0.03080130	0.02876760	0.00203376
2296	0.03055980	0.02852850	0.00203134
2297	0.03031070	0.02828250	0.00202824
2298	0.03006050	0.02803590	0.00202460
2299	0.02981130	0.02779080	0.00202049
2300	0.02956670	0.02755090	0.00201581
2301	0.02932870	0.02731830	0.00201042
2302	0.02909680	0.02709200	0.00200483
2303	0.02886850	0.02686850	0.00199996
2304	0.02864220	0.02664630	0.00199591
2305	0.02842050	0.02642850	0.00199206
2306	0.02820540	0.02621680	0.00198860
2307	0.02800150	0.02601570	0.00198577
2308	0.02781540	0.02583180	0.00198358
2309	0.02765390	0.02567150	0.00198243
2310	0.02752190	0.02553940	0.00198251
2311	0.02742030	0.02543630	0.00198394
2312	0.02734690	0.02536020	0.00198672
2313	0.02730400	0.02531310	0.00199086
2314	0.02729370	0.02529760	0.00199608
2315	0.02731750	0.02531550	0.00200203
2316	0.02736860	0.02535980	0.00200882
2317	0.02744140	0.02542460	0.00201675
2318	0.02753090	0.02550520	0.00202566
2319	0.02763330	0.02559780	0.00203549
2320	0.02774260	0.02569610	0.00204646
2321	0.02785720	0.02579890	0.00205832
2322	0.02797670	0.02590590	0.00207088
2323	0.02810090	0.02601710	0.00208379
2324	0.02822900	0.02613190	0.00209708
2325	0.02836070	0.02624980	0.00211095
2326	0.02848980	0.02636450	0.00212531
2327	0.02861330	0.02647340	0.00213990
2328	0.02872910	0.02657490	0.00215419
2329	0.02883710	0.02666900	0.00216811
2330	0.02893950	0.02675770	0.00218181
2331	0.02904150	0.02684650	0.00219505
2332	0.02914870	0.02694120	0.00220752
2333	0.02926370	0.02704470	0.00221898
2334	0.02938790	0.02715840	0.00222951
2335	0.02952130	0.02728210	0.00223922
2336	0.02966070	0.02741240	0.00224827
2337	0.02980190	0.02754520	0.00225670
2338	0.02994600	0.02768160	0.00226442
2339	0.03009160	0.02782030	0.00227131
2340	0.03023770	0.02796060	0.00227716
2341	0.03038280	0.02810110	0.00228164
2342	0.03052650	0.02824180	0.00228469
2343	0.03066840	0.02838210	0.00228633
2344	0.03080910	0.02852260	0.00228656
2345	0.03094840	0.02866300	0.00228541
2346	0.03108390	0.02880150	0.00228236
2347	0.03121500	0.02893710	0.00227789
2348	0.03133990	0.02906660	0.00227336
2349	0.03146320	0.02919370	0.00226948
2350	0.03158470	0.02931960	0.00226506
2351	0.03170870	0.02944900	0.00225969
2352	0.03183520	0.02958140	0.00225380
2353	0.03196230	0.02971530	0.00224695
2354	0.03208640	0.02984670	0.00223964
2355	0.03220980	0.02997800	0.00223180
2356	0.03233150	0.03010840	0.00222310
2357	0.03245040	0.03023650	0.00221388
2358	0.03255810	0.03035330	0.00220478
2359	0.03265130	0.03045520	0.00219608
2360	0.03272800	0.03054040	0.00218756
2361	0.03278970	0.03061070	0.00217902
2362	0.03283310	0.03066260	0.00217055
2363	0.03285990	0.03069780	0.00216220
2364	0.03287390	0.03071960	0.00215428
2365	0.03288050	0.03073350	0.00214692
2366	0.03288120	0.03074120	0.00214004
2367	0.03287900	0.03074490	0.00213402
2368	0.03287090	0.03074160	0.00212926
2369	0.03285370	0.03072770	0.00212596
2370	0.03281690	0.03069270	0.00212420
2371	0.03275520	0.03063140	0.00212379
2372	0.03266270	0.03053850	0.00212423
2373	0.03253770	0.03041240	0.00212529
2374	0.03238240	0.03025560	0.00212682
2375	0.03220090	0.03007210	0.00212878
2376	0.03199480	0.02986380	0.00213096
2377	0.03176970	0.02963650	0.00213317
2378	0.03153260	0.02939730	0.00213532
2379	0.03129080	0.02915300	0.00213775
2380	0.03105110	0.02891100	0.00214016
2381	0.03081960	0.02867740	0.00214220
2382	0.03060100	0.02845710	0.00214390
2383	0.03039990	0.02825440	0.00214544
2384	0.03021590	0.02806910	0.00214673
2385	0.03005060	0.02790240	0.00214821
2386	0.02990440	0.02775400	0.00215038
2387	0.02977700	0.02762420	0.00215278
2388	0.02967250	0.02751740	0.00215511
2389	0.02959380	0.02743660	0.00215714
2390	0.02953960	0.02738090	0.00215870
2391	0.02951080	0.02735120	0.00215962
2392	0.02950510	0.02734540	0.00215963
2393	0.02952160	0.02736290	0.00215871
2394	0.02955970	0.02740260	0.00215710
2395	0.02961970	0.02746520	0.00215447
2396	0.02970250	0.02755160	0.00215095
2397	0.02981190	0.02766400	0.00214784
2398	0.02994390	0.02779780	0.00214615
2399	0.03008930	0.02794450	0.00214474
2400	0.03024460	0.02810140	0.00214319
2401	0.03041150	0.02826980	0.00214172
2402	0.03058540	0.02844520	0.00214025
2403	0.03076330	0.02862440	0.00213890
2404	0.03094800	0.02881070	0.00213729
2405	0.03114250	0.02900740	0.00213510
2406	0.03134280	0.02921000	0.00213273
2407	0.03154620	0.02941570	0.00213051
2408	0.03174860	0.02961980	0.00212879
2409	0.03194940	0.02982190	0.00212756
2410	0.03214950	0.03002250	0.00212695
2411	0.03234940	0.03022230	0.00212712
2412	0.03255030	0.03042260	0.00212766
2413	0.03274960	0.03062090	0.00212868
2414	0.03294130	0.03081090	0.00213036
2415	0.03311880	0.03098590	0.00213288
2416	0.03326890	0.03113260	0.00213634
2417	0.03338150	0.03124100	0.00214050
2418	0.03344550	0.03129960	0.00214590
2419	0.03345680	0.03130420	0.00215256
2420	0.03341480	0.03125460	0.00216019
2421	0.03332530	0.03115680	0.00216853
2422	0.03319780	0.03102070	0.00217709
2423	0.03304130	0.03085580	0.00218557
2424	0.03286340	0.03066970	0.00219374
2425	0.03266890	0.03046770	0.00220120
2426	0.03246150	0.03025430	0.00220719
2427	0.03224840	0.03003610	0.00221229
2428	0.03203520	0.02981880	0.00221643
2429	0.03182620	0.02960710	0.00221908
2430	0.03162310	0.02940300	0.00222007
2431	0.03142790	0.02920820	0.00221965
2432	0.03124530	0.02902710	0.00221828
2433	0.03107910	0.02886260	0.00221643
2434	0.03093070	0.02871650	0.00221421
2435	0.03080030	0.02858850	0.00221174
2436	0.03068430	0.02847490	0.00220947
2437	0.03058260	0.02837530	0.00220731
2438	0.03049660	0.02829160	0.00220500
2439	0.03042520	0.02822300	0.00220218
2440	0.03037090	0.02817230	0.00219863
2441	0.03033210	0.02813800	0.00219408
2442	0.03030690	0.02811850	0.00218842
2443	0.03029370	0.02811190	0.00218180
2444	0.03029340	0.02811910	0.00217427
2445	0.03030750	0.02814130	0.00216618
2446	0.03033550	0.02817670	0.00215875
2447	0.03037520	0.02822230	0.00215284
2448	0.03042310	0.02827490	0.00214815
2449	0.03047780	0.02833410	0.00214370
2450	0.03053320	0.02839370	0.00213945
2451	0.03058820	0.02845280	0.00213535
2452	0.03063870	0.02850700	0.00213178
2453	0.03068360	0.02855490	0.00212863
2454	0.03072210	0.02859620	0.00212598
2455	0.03075360	0.02862990	0.00212376
2456	0.03077930	0.02865750	0.00212174
2457	0.03080410	0.02868420	0.00211996
2458	0.03083080	0.02871200	0.00211876
2459	0.03086260	0.02874420	0.00211842
2460	0.03090090	0.02878190	0.00211901
2461	0.03095050	0.02882990	0.00212062
2462	0.03100940	0.02888610	0.00212323
2463	0.03107710	0.02895030	0.00212686
2464	0.03114470	0.02901320	0.00213146
2465	0.03120240	0.02906560	0.00213682
2466	0.03123760	0.02909490	0.00214274
2467	0.03124280	0.02909370	0.00214909
2468	0.03121510	0.02905920	0.00215593
2469	0.03115680	0.02899350	0.00216333
2470	0.03107290	0.02890180	0.00217104
2471	0.03097280	0.02879380	0.00217903
2472	0.03086430	0.02867720	0.00218717
2473	0.03075600	0.02856080	0.00219518
2474	0.03065610	0.02845330	0.00220275
2475	0.03057200	0.02836270	0.00220932
2476	0.03051140	0.02829660	0.00221473
2477	0.03047740	0.02825830	0.00221916
2478	0.03047270	0.02824990	0.00222281
2479	0.03049760	0.02827190	0.00222572
2480	0.03055260	0.02832460	0.00222797
2481	0.03063340	0.02840360	0.00222985
2482	0.03073340	0.02850240	0.00223104
2483	0.03084970	0.02861820	0.00223146
2484	0.03097820	0.02874720	0.00223100
2485	0.03111630	0.02888680	0.00222950
2486	0.03126130	0.02903440	0.00222686
2487	0.03140970	0.02918610	0.00222364
2488	0.03155890	0.02933840	0.00222054
2489	0.03170840	0.02949120	0.00221713
2490	0.03185340	0.02964010	0.00221327
2491	0.03199830	0.02978950	0.00220887
2492	0.03213920	0.02993540	0.00220377
2493	0.03227650	0.03007860	0.00219796
2494	0.03240510	0.03021300	0.00219212
2495	0.03252220	0.03033600	0.00218615
2496	0.03262930	0.03044960	0.00217977
2497	0.03272640	0.03055360	0.00217284
2498	0.03281230	0.03064670	0.00216558
2499	0.03288620	0.03072810	0.00215805
2500	0.03294460	0.03079430	0.00215031
2501	0.03298850	0.03084590	0.00214253
2502	0.03301540	0.03088040	0.00213502
2503	0.03302480	0.03089690	0.00212792
2504	0.03301770	0.03089650	0.00212121
2505	0.03299390	0.03087930	0.00211468
2506	0.03296180	0.03085350	0.00210829
2507	0.03292950	0.03082760	0.00210192
2508	0.03290180	0.03080590	0.00209588
2509	0.03287740	0.03078670	0.00209073
2510	0.03285310	0.03076630	0.00208675
2511	0.03281850	0.03073470	0.00208384
2512	0.03276490	0.03068330	0.00208156
2513	0.03268270	0.03060280	0.00207993
2514	0.03257050	0.03049190	0.00207855
2515	0.03242990	0.03035170	0.00207815
2516	0.03226280	0.03018350	0.00207932
2517	0.03207710	0.02999650	0.00208063
2518	0.03188290	0.02980070	0.00208213
2519	0.03168650	0.02960260	0.00208387
2520	0.03149460	0.02940850	0.00208607
2521	0.03131120	0.02922260	0.00208866
2522	0.03114400	0.02905240	0.00209161
2523	0.03099930	0.02890430	0.00209498
2524	0.03087790	0.02877970	0.00209818
2525	0.03077840	0.02867760	0.00210086
2526	0.03070130	0.02859810	0.00210326
2527	0.03064340	0.02853740	0.00210605
2528	0.03060380	0.02849500	0.00210879
2529	0.03058210	0.02847090	0.00211119
2530	0.03057780	0.02846480	0.00211305
2531	0.03058770	0.02847360	0.00211408
2532	0.03060770	0.02849330	0.00211439
2533	0.03063550	0.02852180	0.00211374
2534	0.03066710	0.02855390	0.00211316
2535	0.03070070	0.02858700	0.00211370
2536	0.03073390	0.02861900	0.00211497
2537	0.03076970	0.02865420	0.00211547
2538	0.03081680	0.02870170	0.00211519
2539	0.03088240	0.02876720	0.00211527
2540	0.03096530	0.02884990	0.00211542
2541	0.03106060	0.02894460	0.00211601
2542	0.03116560	0.02904850	0.00211704
2543	0.03127840	0.02916010	0.00211830
2544	0.03139390	0.02927400	0.00211993
2545	0.03150730	0.02938530	0.00212199
2546	0.03161330	0.02948860	0.00212475
2547	0.03170840	0.02958010	0.00212836
2548	0.03179210	0.02965940	0.00213265
2549	0.03186580	0.02972880	0.00213695
2550	0.03193260	0.02979140	0.00214119
2551	0.03200230	0.02985670	0.00214568
2552	0.03207620	0.02992560	0.00215057
2553	0.03216080	0.03000480	0.00215598
2554	0.03225810	0.03009580	0.00216224
2555	0.03236880	0.03019920	0.00216957
2556	0.03247830	0.03030080	0.00217753
2557	0.03256790	0.03038220	0.00218564
2558	0.03262130	0.03042780	0.00219347
2559	0.03262850	0.03042790	0.00220062
2560	0.03259080	0.03038370	0.00220710
2561	0.03250830	0.03029480	0.00221346
2562	0.03238960	0.03017010	0.00221946
2563	0.03224510	0.03002000	0.00222506
2564	0.03208470	0.02985450	0.00223021
2565	0.03191830	0.02968360	0.00223467
2566	0.03175830	0.02951990	0.00223843
2567	0.03160780	0.02936630	0.00224155
2568	0.03146960	0.02922580	0.00224382
2569	0.03134450	0.02909970	0.00224481
2570	0.03123330	0.02898930	0.00224401
2571	0.03113430	0.02889270	0.00224164
2572	0.03104720	0.02880920	0.00223801
2573	0.03096760	0.02873390	0.00223366
2574	0.03089790	0.02866920	0.00222868
2575	0.03083320	0.02861030	0.00222289
2576	0.03077160	0.02855540	0.00221617
2577	0.03071720	0.02850880	0.00220836
2578	0.03066860	0.02846890	0.00219966
2579	0.03062700	0.02843580	0.00219113
2580	0.03059350	0.02841050	0.00218303
2581	0.03057240	0.02839680	0.00217560
2582	0.03056720	0.02839930	0.00216791
2583	0.03057630	0.02841600	0.00216028
2584	0.03059720	0.02844440	0.00215283
2585	0.03063210	0.02848660	0.00214545
2586	0.03068200	0.02854400	0.00213797
2587	0.03074850	0.02861830	0.00213023
2588	0.03083030	0.02870840	0.00212195
2589	0.03093210	0.02881780	0.00211435
2590	0.03105290	0.02894400	0.00210885
2591	0.03119190	0.02908730	0.00210459
2592	0.03134530	0.02924420	0.00210113
2593	0.03150970	0.02941090	0.00209880
2594	0.03167860	0.02958120	0.00209740
2595	0.03185340	0.02975670	0.00209672
2596	0.03203240	0.02993590	0.00209651
2597	0.03222440	0.03012770	0.00209669
2598	0.03243310	0.03033600	0.00209713
2599	0.03266220	0.03056440	0.00209784
2600	0.03290450	0.03080540	0.00209913
