Time	Cd Total	Cd Pressure	Cd Viscous
1801	0.10171300	0.09384660	0.00786638
1802	0.10110100	0.09323630	0.00786432
1803	0.10048500	0.09262230	0.00786283
1804	0.09986630	0.09200450	0.00786185
1805	0.09924810	0.09138670	0.00786137
1806	0.09863320	0.09077180	0.00786134
1807	0.09802490	0.09016320	0.00786165
1808	0.09742320	0.08956090	0.00786229
1809	0.09683000	0.08896670	0.00786323
1810	0.09624720	0.08838270	0.00786446
1811	0.09567290	0.08780710	0.00786583
1812	0.09510990	0.08724270	0.00786725
1813	0.09455330	0.08668460	0.00786870
1814	0.09400420	0.08613400	0.00787020
1815	0.09346240	0.08559070	0.00787168
1816	0.09293130	0.08505820	0.00787310
1817	0.09241030	0.08453590	0.00787444
1818	0.09189980	0.08402420	0.00787563
1819	0.09140030	0.08352370	0.00787667
1820	0.09091470	0.08303720	0.00787748
1821	0.09043830	0.08256030	0.00787797
1822	0.08996990	0.08209170	0.00787816
1823	0.08950390	0.08162590	0.00787800
1824	0.08903960	0.08116230	0.00787738
1825	0.08855900	0.08068280	0.00787621
1826	0.08807050	0.08019590	0.00787457
1827	0.08756430	0.07969190	0.00787237
1828	0.08704150	0.07917200	0.00786950
1829	0.08650140	0.07863550	0.00786590
1830	0.08594750	0.07808590	0.00786163
1831	0.08537210	0.07751540	0.00785674
1832	0.08478580	0.07693460	0.00785129
1833	0.08418850	0.07634300	0.00784546
1834	0.08359620	0.07575680	0.00783940
1835	0.08300580	0.07517250	0.00783329
1836	0.08243390	0.07460660	0.00782735
1837	0.08187250	0.07405080	0.00782170
1838	0.08133280	0.07351620	0.00781657
1839	0.08081130	0.07299920	0.00781207
1840	0.08031590	0.07250770	0.00780823
1841	0.07984090	0.07203560	0.00780532
1842	0.07938820	0.07158490	0.00780335
1843	0.07895000	0.07114750	0.00780246
1844	0.07852660	0.07072380	0.00780272
1845	0.07811330	0.07030920	0.00780402
1846	0.07771470	0.06990830	0.00780633
1847	0.07732910	0.06951950	0.00780958
1848	0.07695080	0.06913720	0.00781360
1849	0.07658000	0.06876180	0.00781829
1850	0.07621350	0.06839000	0.00782350
1851	0.07585090	0.06802180	0.00782909
1852	0.07548450	0.06764940	0.00783503
1853	0.07511960	0.06727840	0.00784121
1854	0.07475390	0.06690630	0.00784756
1855	0.07439620	0.06654210	0.00785401
1856	0.07404160	0.06618100	0.00786055
1857	0.07369920	0.06583200	0.00786714
1858	0.07336110	0.06548740	0.00787377
1859	0.07303240	0.06515190	0.00788043
1860	0.07270540	0.06481830	0.00788709
1861	0.07237680	0.06448300	0.00789376
1862	0.07204540	0.06414510	0.00790036
1863	0.07172110	0.06381430	0.00790682
1864	0.07140170	0.06348860	0.00791313
1865	0.07109740	0.06317810	0.00791929
1866	0.07080550	0.06288020	0.00792530
1867	0.07053250	0.06260140	0.00793111
1868	0.07027260	0.06233590	0.00793671
1869	0.07003020	0.06208810	0.00794206
1870	0.06979790	0.06185090	0.00794707
1871	0.06958340	0.06163170	0.00795171
1872	0.06938700	0.06143120	0.00795586
1873	0.06921500	0.06125550	0.00795946
1874	0.06906660	0.06110400	0.00796254
1875	0.06894750	0.06098250	0.00796507
1876	0.06886030	0.06089330	0.00796700
1877	0.06879860	0.06083020	0.00796840
1878	0.06877130	0.06080210	0.00796924
1879	0.06877340	0.06080380	0.00796959
1880	0.06880860	0.06083920	0.00796945
1881	0.06887160	0.06090270	0.00796887
1882	0.06896180	0.06099390	0.00796794
1883	0.06907770	0.06111110	0.00796666
1884	0.06922410	0.06125900	0.00796509
1885	0.06939640	0.06143320	0.00796320
1886	0.06958570	0.06162470	0.00796097
1887	0.06979190	0.06183350	0.00795839
1888	0.07000850	0.06205310	0.00795542
1889	0.07023790	0.06228580	0.00795211
1890	0.07046770	0.06251930	0.00794839
1891	0.07070310	0.06275890	0.00794421
1892	0.07093200	0.06299240	0.00793961
1893	0.07116260	0.06322800	0.00793458
1894	0.07139260	0.06346340	0.00792916
1895	0.07161840	0.06369490	0.00792345
1896	0.07184550	0.06392800	0.00791753
1897	0.07207710	0.06416560	0.00791145
1898	0.07229910	0.06439380	0.00790527
1899	0.07251330	0.06461420	0.00789910
1900	0.07271680	0.06482370	0.00789304
1901	0.07290960	0.06502250	0.00788717
1902	0.07308810	0.06520660	0.00788154
1903	0.07324810	0.06537200	0.00787617
1904	0.07338830	0.06551730	0.00787099
1905	0.07351810	0.06565210	0.00786602
1906	0.07363270	0.06577150	0.00786118
1907	0.07372750	0.06587110	0.00785647
1908	0.07380250	0.06595050	0.00785197
1909	0.07386120	0.06601350	0.00784772
1910	0.07390160	0.06605780	0.00784380
1911	0.07392470	0.06608440	0.00784027
1912	0.07392980	0.06609260	0.00783716
1913	0.07392290	0.06608840	0.00783450
1914	0.07390830	0.06607610	0.00783225
1915	0.07389510	0.06606470	0.00783041
1916	0.07388870	0.06605970	0.00782901
1917	0.07389500	0.06606690	0.00782810
1918	0.07392020	0.06609250	0.00782771
1919	0.07397520	0.06614730	0.00782785
1920	0.07405920	0.06623080	0.00782845
1921	0.07416850	0.06633890	0.00782965
1922	0.07430420	0.06647270	0.00783148
1923	0.07446500	0.06663100	0.00783399
1924	0.07465210	0.06681480	0.00783726
1925	0.07486620	0.06702480	0.00784140
1926	0.07510480	0.06725840	0.00784641
1927	0.07536900	0.06751680	0.00785221
1928	0.07565830	0.06779950	0.00785878
1929	0.07596380	0.06809760	0.00786613
1930	0.07627950	0.06840530	0.00787420
1931	0.07660500	0.06872210	0.00788295
1932	0.07693550	0.06904310	0.00789238
1933	0.07727780	0.06937540	0.00790249
1934	0.07763020	0.06971700	0.00791322
1935	0.07799550	0.07007100	0.00792454
1936	0.07836850	0.07043210	0.00793639
1937	0.07875220	0.07080350	0.00794870
1938	0.07913710	0.07117570	0.00796140
1939	0.07952460	0.07155020	0.00797443
1940	0.07991550	0.07192770	0.00798779
1941	0.08031510	0.07231370	0.00800137
1942	0.08071100	0.07269590	0.00801505
1943	0.08111560	0.07308680	0.00802882
1944	0.08152320	0.07348060	0.00804261
1945	0.08194470	0.07388840	0.00805639
1946	0.08237710	0.07430700	0.00807009
1947	0.08282310	0.07473950	0.00808362
1948	0.08327150	0.07517460	0.00809690
1949	0.08372080	0.07561090	0.00810980
1950	0.08415840	0.07603610	0.00812227
1951	0.08458090	0.07644670	0.00813421
1952	0.08496780	0.07682230	0.00814544
1953	0.08532740	0.07717150	0.00815595
1954	0.08565350	0.07748790	0.00816560
1955	0.08595950	0.07778510	0.00817439
1956	0.08623830	0.07805600	0.00818228
1957	0.08649550	0.07830630	0.00818920
1958	0.08672710	0.07853200	0.00819518
1959	0.08694220	0.07874190	0.00820036
1960	0.08714300	0.07893820	0.00820481
1961	0.08733820	0.07912970	0.00820857
1962	0.08753050	0.07931890	0.00821167
1963	0.08773560	0.07952140	0.00821415
1964	0.08796130	0.07974510	0.00821619
1965	0.08822340	0.08000550	0.00821790
1966	0.08852320	0.08030380	0.00821941
1967	0.08887170	0.08065100	0.00822076
1968	0.08926750	0.08104550	0.00822206
1969	0.08971780	0.08149450	0.00822333
1970	0.09021890	0.08199420	0.00822464
1971	0.09077210	0.08254610	0.00822600
1972	0.09137070	0.08314330	0.00822738
1973	0.09201810	0.08378940	0.00822876
1974	0.09270760	0.08447750	0.00823014
1975	0.09343340	0.08520190	0.00823141
1976	0.09418990	0.08595730	0.00823256
1977	0.09497320	0.08673960	0.00823354
1978	0.09577300	0.08753860	0.00823435
1979	0.09658720	0.08835230	0.00823494
1980	0.09740510	0.08916990	0.00823524
1981	0.09823630	0.09000110	0.00823521
1982	0.09906990	0.09083510	0.00823477
1983	0.09992550	0.09169150	0.00823398
1984	0.10079100	0.09255830	0.00823283
1985	0.10166500	0.09343360	0.00823130
1986	0.10253300	0.09430310	0.00822943
1987	0.10339700	0.09516990	0.00822720
1988	0.10425000	0.09602530	0.00822459
1989	0.10509500	0.09687310	0.00822157
1990	0.10591500	0.09769700	0.00821824
1991	0.10670700	0.09849270	0.00821464
1992	0.10746600	0.09925460	0.00821088
1993	0.10818600	0.09997900	0.00820704
1994	0.10886800	0.10066500	0.00820312
1995	0.10951000	0.10131100	0.00819921
1996	0.11011700	0.10192100	0.00819536
1997	0.11069100	0.10249900	0.00819177
1998	0.11124100	0.10305200	0.00818847
1999	0.11176300	0.10357700	0.00818553
2000	0.11226300	0.10408000	0.00818305
2001	0.11273600	0.10455500	0.00818112
2002	0.11318200	0.10500200	0.00817979
2003	0.11359500	0.10541600	0.00817912
2004	0.11396800	0.10578900	0.00817916
2005	0.11430400	0.10612500	0.00817986
2006	0.11459100	0.10641000	0.00818136
2007	0.11481100	0.10662700	0.00818367
2008	0.11495500	0.10676800	0.00818674
2009	0.11502300	0.10683200	0.00819053
2010	0.11502200	0.10682700	0.00819500
2011	0.11496100	0.10676100	0.00820008
2012	0.11484500	0.10664000	0.00820564
2013	0.11468700	0.10647600	0.00821155
2014	0.11451700	0.10630000	0.00821763
2015	0.11433800	0.10611400	0.00822395
2016	0.11415500	0.10592500	0.00823054
2017	0.11397900	0.10574100	0.00823741
2018	0.11381500	0.10557000	0.00824443
2019	0.11367100	0.10541900	0.00825153
2020	0.11355500	0.10529600	0.00825869
2021	0.11348100	0.10521500	0.00826581
2022	0.11345100	0.10517800	0.00827279
2023	0.11347300	0.10519400	0.00827951
2024	0.11354300	0.10525700	0.00828593
2025	0.11366600	0.10537400	0.00829206
2026	0.11381800	0.10552000	0.00829794
2027	0.11400100	0.10569800	0.00830341
2028	0.11421200	0.10590400	0.00830835
2029	0.11445300	0.10614100	0.00831263
2030	0.11471300	0.10639700	0.00831614
2031	0.11498600	0.10666800	0.00831877
2032	0.11526000	0.10693900	0.00832044
2033	0.11553200	0.10721100	0.00832108
2034	0.11579100	0.10747000	0.00832069
2035	0.11603800	0.10771900	0.00831928
2036	0.11625800	0.10794100	0.00831692
2037	0.11645500	0.10814100	0.00831370
2038	0.11662500	0.10831500	0.00830971
2039	0.11678700	0.10848200	0.00830511
2040	0.11693200	0.10863200	0.00830005
2041	0.11707500	0.10878000	0.00829461
2042	0.11721900	0.10893000	0.00828888
2043	0.11737600	0.10909300	0.00828299
2044	0.11754600	0.10926900	0.00827700
2045	0.11773300	0.10946200	0.00827091
2046	0.11794000	0.10967500	0.00826475
2047	0.11816500	0.10990700	0.00825853
2048	0.11841000	0.11015800	0.00825217
2049	0.11868200	0.11043700	0.00824569
2050	0.11897700	0.11073800	0.00823909
2051	0.11928800	0.11105500	0.00823242
2052	0.11960500	0.11137900	0.00822574
2053	0.11992500	0.11170600	0.00821905
2054	0.12024400	0.11203200	0.00821237
2055	0.12056400	0.11235900	0.00820574
2056	0.12087900	0.11268000	0.00819919
2057	0.12119400	0.11300200	0.00819276
2058	0.12151200	0.11332600	0.00818649
2059	0.12183500	0.11365400	0.00818040
2060	0.12215400	0.11397900	0.00817454
2061	0.12246700	0.11429800	0.00816900
2062	0.12277000	0.11460600	0.00816386
2063	0.12306000	0.11490100	0.00815911
2064	0.12333300	0.11517800	0.00815474
2065	0.12357800	0.11542700	0.00815077
2066	0.12378900	0.11564200	0.00814727
2067	0.12396900	0.11582500	0.00814424
2068	0.12412100	0.11597900	0.00814169
2069	0.12424800	0.11610800	0.00813955
2070	0.12434900	0.11621100	0.00813778
2071	0.12442400	0.11628800	0.00813633
2072	0.12447300	0.11633800	0.00813518
2073	0.12450100	0.11636700	0.00813427
2074	0.12450600	0.11637300	0.00813360
2075	0.12449200	0.11635900	0.00813320
2076	0.12445800	0.11632500	0.00813304
2077	0.12440600	0.11627300	0.00813304
2078	0.12434500	0.11621200	0.00813322
2079	0.12427700	0.11614300	0.00813358
2080	0.12420500	0.11607100	0.00813405
2081	0.12412700	0.11599200	0.00813464
2082	0.12403900	0.11590400	0.00813536
2083	0.12394000	0.11580400	0.00813625
2084	0.12382200	0.11568400	0.00813725
2085	0.12368000	0.11554200	0.00813841
2086	0.12352100	0.11538100	0.00813972
2087	0.12334000	0.11519900	0.00814115
2088	0.12313600	0.11499300	0.00814266
2089	0.12290500	0.11476100	0.00814421
2090	0.12264400	0.11449800	0.00814581
2091	0.12235200	0.11420500	0.00814741
2092	0.12203100	0.11388200	0.00814884
2093	0.12168400	0.11353400	0.00815008
2094	0.12131200	0.11316100	0.00815107
2095	0.12092300	0.11277200	0.00815177
2096	0.12051900	0.11236700	0.00815208
2097	0.12010000	0.11194800	0.00815199
2098	0.11967300	0.11152200	0.00815146
2099	0.11924100	0.11109100	0.00815051
2100	0.11880600	0.11065700	0.00814912
2101	0.11837100	0.11022400	0.00814729
2102	0.11794000	0.10979500	0.00814502
2103	0.11751200	0.10936900	0.00814237
2104	0.11708200	0.10894200	0.00813929
2105	0.11664500	0.10850900	0.00813583
2106	0.11619000	0.10805800	0.00813199
2107	0.11571700	0.10758900	0.00812785
2108	0.11521400	0.10709000	0.00812344
2109	0.11469100	0.10657200	0.00811878
2110	0.11415300	0.10603900	0.00811393
2111	0.11360800	0.10549900	0.00810897
2112	0.11305900	0.10495500	0.00810401
2113	0.11251500	0.10441600	0.00809913
2114	0.11199100	0.10389700	0.00809443
2115	0.11149400	0.10340400	0.00809003
2116	0.11103800	0.10295100	0.00808606
2117	0.11062800	0.10254500	0.00808267
2118	0.11027000	0.10219000	0.00807999
2119	0.10996100	0.10188300	0.00807816
2120	0.10970300	0.10162500	0.00807729
2121	0.10948300	0.10140600	0.00807737
2122	0.10930000	0.10122200	0.00807843
2123	0.10914500	0.10106500	0.00808044
2124	0.10900900	0.10092500	0.00808333
2125	0.10887800	0.10079100	0.00808705
2126	0.10875000	0.10065900	0.00809152
2127	0.10861300	0.10051600	0.00809667
2128	0.10846400	0.10036200	0.00810243
2129	0.10830500	0.10019600	0.00810866
2130	0.10813200	0.10001600	0.00811511
2131	0.10795300	0.09983180	0.00812148
2132	0.10777500	0.09964740	0.00812757
2133	0.10760400	0.09947120	0.00813325
2134	0.10744800	0.09930940	0.00813841
2135	0.10730600	0.09916260	0.00814298
2136	0.10716100	0.09901380	0.00814703
2137	0.10701900	0.09886800	0.00815057
2138	0.10688200	0.09872830	0.00815372
2139	0.10675000	0.09859300	0.00815657
2140	0.10662300	0.09846350	0.00815914
2141	0.10650400	0.09834290	0.00816152
2142	0.10638400	0.09822030	0.00816382
2143	0.10625200	0.09808560	0.00816610
2144	0.10610000	0.09793160	0.00816838
2145	0.10591600	0.09774550	0.00817074
2146	0.10568200	0.09750860	0.00817316
2147	0.10538900	0.09721280	0.00817572
2148	0.10504000	0.09686140	0.00817833
2149	0.10464700	0.09646560	0.00818105
2150	0.10422200	0.09603770	0.00818381
2151	0.10377400	0.09558730	0.00818646
2152	0.10332700	0.09513820	0.00818906
2153	0.10288600	0.09469460	0.00819174
2154	0.10245900	0.09426470	0.00819451
2155	0.10203400	0.09383690	0.00819747
2156	0.10161700	0.09341670	0.00820069
2157	0.10119700	0.09299320	0.00820421
2158	0.10077900	0.09257110	0.00820804
2159	0.10035800	0.09214620	0.00821210
2160	0.09995290	0.09173680	0.00821617
2161	0.09956660	0.09134660	0.00822006
2162	0.09920840	0.09098470	0.00822365
2163	0.09887570	0.09064870	0.00822698
2164	0.09857970	0.09034960	0.00823006
2165	0.09831770	0.09008480	0.00823292
2166	0.09808220	0.08984670	0.00823551
2167	0.09787720	0.08963960	0.00823767
2168	0.09769520	0.08945600	0.00823925
2169	0.09753920	0.08929900	0.00824019
2170	0.09739620	0.08915580	0.00824038
2171	0.09728530	0.08904540	0.00823989
2172	0.09718680	0.08894800	0.00823872
2173	0.09711500	0.08887820	0.00823685
2174	0.09706460	0.08883030	0.00823426
2175	0.09704830	0.08881720	0.00823104
2176	0.09704520	0.08881800	0.00822722
2177	0.09706390	0.08884100	0.00822288
2178	0.09707990	0.08886190	0.00821807
2179	0.09710410	0.08889120	0.00821286
2180	0.09711630	0.08890890	0.00820732
2181	0.09712060	0.08891890	0.00820166
2182	0.09709600	0.08890010	0.00819594
2183	0.09704630	0.08885610	0.00819017
2184	0.09695620	0.08877180	0.00818443
2185	0.09683840	0.08865970	0.00817870
2186	0.09668370	0.08851060	0.00817305
2187	0.09650240	0.08833460	0.00816774
2188	0.09629880	0.08813590	0.00816293
2189	0.09608280	0.08792420	0.00815863
2190	0.09585110	0.08769600	0.00815515
2191	0.09560430	0.08745170	0.00815255
2192	0.09533140	0.08718050	0.00815087
2193	0.09503420	0.08688410	0.00815005
2194	0.09469990	0.08654970	0.00815022
2195	0.09432690	0.08617550	0.00815148
2196	0.09391800	0.08576430	0.00815376
2197	0.09348270	0.08532580	0.00815692
2198	0.09303480	0.08487390	0.00816092
2199	0.09258660	0.08442090	0.00816574
2200	0.09215210	0.08398080	0.00817134
2201	0.09173710	0.08355940	0.00817772
2202	0.09135420	0.08316930	0.00818490
2203	0.09099820	0.08280540	0.00819283
2204	0.09068040	0.08247890	0.00820148
2205	0.09039420	0.08218340	0.00821080
2206	0.09014630	0.08192560	0.00822070
2207	0.08992940	0.08169830	0.00823102
2208	0.08974890	0.08150720	0.00824163
2209	0.08959550	0.08134310	0.00825236
2210	0.08946770	0.08120460	0.00826316
2211	0.08935460	0.08108080	0.00827385
2212	0.08925310	0.08096870	0.00828438
2213	0.08915720	0.08086260	0.00829463
2214	0.08906290	0.08075840	0.00830448
2215	0.08897250	0.08065860	0.00831387
2216	0.08888580	0.08056310	0.00832275
2217	0.08880820	0.08047720	0.00833102
2218	0.08873490	0.08039630	0.00833859
2219	0.08866340	0.08031800	0.00834543
2220	0.08859390	0.08024250	0.00835143
2221	0.08853560	0.08017910	0.00835652
2222	0.08848170	0.08012100	0.00836069
2223	0.08843160	0.08006770	0.00836386
2224	0.08837650	0.08001050	0.00836595
2225	0.08832210	0.07995520	0.00836690
2226	0.08826160	0.07989490	0.00836669
2227	0.08820070	0.07983530	0.00836536
2228	0.08813980	0.07977690	0.00836294
2229	0.08808250	0.07972300	0.00835950
2230	0.08802950	0.07967440	0.00835509
2231	0.08798440	0.07963470	0.00834979
2232	0.08793920	0.07959550	0.00834374
2233	0.08788960	0.07955260	0.00833705
2234	0.08782800	0.07949820	0.00832984
2235	0.08774630	0.07942410	0.00832221
2236	0.08763480	0.07932050	0.00831423
2237	0.08748660	0.07918060	0.00830595
2238	0.08729790	0.07900040	0.00829748
2239	0.08706740	0.07877850	0.00828887
2240	0.08679670	0.07851650	0.00828023
2241	0.08649470	0.07822310	0.00827166
2242	0.08617280	0.07790960	0.00826319
2243	0.08583990	0.07758500	0.00825492
2244	0.08552140	0.07727450	0.00824695
2245	0.08522250	0.07698320	0.00823936
2246	0.08495140	0.07671920	0.00823213
2247	0.08470420	0.07647890	0.00822521
2248	0.08448830	0.07626970	0.00821859
2249	0.08429710	0.07608480	0.00821227
2250	0.08414190	0.07593560	0.00820629
2251	0.08401560	0.07581490	0.00820067
2252	0.08392480	0.07572940	0.00819540
2253	0.08386620	0.07567570	0.00819044
2254	0.08383270	0.07564690	0.00818579
2255	0.08382230	0.07564090	0.00818144
2256	0.08382980	0.07565250	0.00817737
2257	0.08385560	0.07568200	0.00817360
2258	0.08388940	0.07571930	0.00817016
2259	0.08393670	0.07576970	0.00816701
2260	0.08399890	0.07583470	0.00816421
2261	0.08409160	0.07592990	0.00816176
2262	0.08421450	0.07605480	0.00815971
2263	0.08437830	0.07622020	0.00815808
2264	0.08457750	0.07642060	0.00815693
2265	0.08481380	0.07665750	0.00815631
2266	0.08507860	0.07692240	0.00815622
2267	0.08537030	0.07721370	0.00815666
2268	0.08568490	0.07752730	0.00815765
2269	0.08602550	0.07786630	0.00815918
2270	0.08638380	0.07822260	0.00816124
2271	0.08675230	0.07858840	0.00816386
2272	0.08712850	0.07896140	0.00816704
2273	0.08751480	0.07934400	0.00817075
2274	0.08790790	0.07973300	0.00817496
2275	0.08830890	0.08012930	0.00817963
2276	0.08871430	0.08052960	0.00818472
2277	0.08912570	0.08093550	0.00819023
2278	0.08953560	0.08133940	0.00819615
2279	0.08993870	0.08173620	0.00820243
2280	0.09032670	0.08211770	0.00820902
2281	0.09069620	0.08248020	0.00821591
2282	0.09104030	0.08281730	0.00822307
2283	0.09136830	0.08313780	0.00823050
2284	0.09167620	0.08343800	0.00823823
2285	0.09197390	0.08372760	0.00824632
2286	0.09226280	0.08400810	0.00825471
2287	0.09255750	0.08429420	0.00826331
2288	0.09286420	0.08459210	0.00827212
2289	0.09318860	0.08490770	0.00828094
2290	0.09352550	0.08523590	0.00828967
2291	0.09386670	0.08556840	0.00829832
2292	0.09421490	0.08590820	0.00830672
2293	0.09456480	0.08624990	0.00831486
2294	0.09491110	0.08658860	0.00832251
2295	0.09523710	0.08690760	0.00832958
2296	0.09553040	0.08719430	0.00833611
2297	0.09578150	0.08743950	0.00834201
2298	0.09598890	0.08764160	0.00834731
2299	0.09616000	0.08780800	0.00835205
2300	0.09629870	0.08794240	0.00835625
2301	0.09642070	0.08806080	0.00835992
2302	0.09652690	0.08816390	0.00836304
2303	0.09663510	0.08826940	0.00836565
2304	0.09674250	0.08837470	0.00836774
2305	0.09686040	0.08849110	0.00836929
2306	0.09698380	0.08861350	0.00837032
2307	0.09712100	0.08875020	0.00837090
2308	0.09726360	0.08889250	0.00837106
2309	0.09741270	0.08904190	0.00837083
2310	0.09756290	0.08919270	0.00837020
2311	0.09771510	0.08934590	0.00836922
2312	0.09785960	0.08949170	0.00836790
2313	0.09800080	0.08963450	0.00836631
2314	0.09813110	0.08976660	0.00836450
2315	0.09825740	0.08989490	0.00836248
2316	0.09838040	0.09002020	0.00836024
2317	0.09850550	0.09014760	0.00835783
2318	0.09862900	0.09027370	0.00835529
2319	0.09876040	0.09040770	0.00835264
2320	0.09889450	0.09054470	0.00834989
2321	0.09902870	0.09068160	0.00834707
2322	0.09915130	0.09080710	0.00834418
2323	0.09925890	0.09091770	0.00834121
2324	0.09933980	0.09100160	0.00833815
2325	0.09938600	0.09105100	0.00833500
2326	0.09938900	0.09105730	0.00833167
2327	0.09934900	0.09102090	0.00832813
2328	0.09927660	0.09095230	0.00832435
2329	0.09918010	0.09085970	0.00832039
2330	0.09906480	0.09074860	0.00831618
2331	0.09893340	0.09062170	0.00831175
2332	0.09879760	0.09049050	0.00830709
2333	0.09865850	0.09035640	0.00830219
2334	0.09853170	0.09023470	0.00829701
2335	0.09841520	0.09012350	0.00829164
2336	0.09833040	0.09004440	0.00828608
2337	0.09827390	0.08999360	0.00828036
2338	0.09825650	0.08998200	0.00827445
2339	0.09827150	0.09000300	0.00826847
2340	0.09832430	0.09006180	0.00826253
2341	0.09840390	0.09014720	0.00825673
2342	0.09851650	0.09026530	0.00825118
2343	0.09865740	0.09041140	0.00824599
2344	0.09883220	0.09059100	0.00824119
2345	0.09904050	0.09080370	0.00823685
2346	0.09928130	0.09104830	0.00823302
2347	0.09955720	0.09132740	0.00822976
2348	0.09985510	0.09162800	0.00822710
2349	0.10017400	0.09194850	0.00822504
2350	0.10050400	0.09228070	0.00822357
2351	0.10084400	0.09262180	0.00822270
2352	0.10118500	0.09296300	0.00822240
2353	0.10152600	0.09330330	0.00822266
2354	0.10185500	0.09363100	0.00822360
2355	0.10217800	0.09395300	0.00822508
2356	0.10250000	0.09427340	0.00822698
2357	0.10281800	0.09458820	0.00822937
2358	0.10312900	0.09489640	0.00823220
2359	0.10342800	0.09519250	0.00823545
2360	0.10371400	0.09547520	0.00823901
2361	0.10399300	0.09574990	0.00824284
2362	0.10425500	0.09600860	0.00824687
2363	0.10449700	0.09624640	0.00825100
2364	0.10470400	0.09644910	0.00825511
2365	0.10489400	0.09663490	0.00825910
2366	0.10506600	0.09680300	0.00826307
2367	0.10521300	0.09694620	0.00826707
2368	0.10533800	0.09706740	0.00827100
2369	0.10543500	0.09716000	0.00827491
2370	0.10550100	0.09722220	0.00827883
2371	0.10554800	0.09726550	0.00828272
2372	0.10559400	0.09730740	0.00828652
2373	0.10566100	0.09737110	0.00829016
2374	0.10577000	0.09747600	0.00829360
2375	0.10594100	0.09764470	0.00829672
2376	0.10617800	0.09787870	0.00829943
2377	0.10648200	0.09818050	0.00830176
2378	0.10684700	0.09854320	0.00830376
2379	0.10726700	0.09896130	0.00830553
2380	0.10773500	0.09942840	0.00830707
2381	0.10824800	0.09993930	0.00830838
2382	0.10879400	0.10048400	0.00830945
2383	0.10936900	0.10105800	0.00831041
2384	0.10996400	0.10165300	0.00831131
2385	0.11057100	0.10225900	0.00831207
2386	0.11118100	0.10286800	0.00831265
2387	0.11178200	0.10346900	0.00831319
2388	0.11236200	0.10404800	0.00831361
2389	0.11291800	0.10460400	0.00831389
2390	0.11345400	0.10514000	0.00831407
2391	0.11397500	0.10566000	0.00831420
2392	0.11448300	0.10616900	0.00831423
2393	0.11498400	0.10667000	0.00831413
2394	0.11547400	0.10716100	0.00831389
2395	0.11594800	0.10763400	0.00831352
2396	0.11639200	0.10807900	0.00831302
2397	0.11680700	0.10849500	0.00831244
2398	0.11718800	0.10887600	0.00831178
2399	0.11753700	0.10922600	0.00831102
2400	0.11785600	0.10954600	0.00831019
2401	0.11815200	0.10984200	0.00830929
2402	0.11842100	0.11011300	0.00830833
2403	0.11866800	0.11036000	0.00830737
2404	0.11888900	0.11058300	0.00830641
2405	0.11908500	0.11078000	0.00830538
2406	0.11925500	0.11095100	0.00830420
2407	0.11940200	0.11110000	0.00830284
2408	0.11951800	0.11121700	0.00830129
2409	0.11960400	0.11130400	0.00829956
2410	0.11965000	0.11135300	0.00829768
2411	0.11966800	0.11137300	0.00829570
2412	0.11965000	0.11135600	0.00829368
2413	0.11960100	0.11130900	0.00829167
2414	0.11951400	0.11122400	0.00828965
2415	0.11939600	0.11110900	0.00828756
2416	0.11925300	0.11096700	0.00828537
2417	0.11909000	0.11080700	0.00828306
2418	0.11892000	0.11063900	0.00828069
2419	0.11875300	0.11047400	0.00827832
2420	0.11860000	0.11032400	0.00827604
2421	0.11847100	0.11019700	0.00827395
2422	0.11837200	0.11010000	0.00827207
2423	0.11830700	0.11003600	0.00827047
2424	0.11827400	0.11000400	0.00826919
2425	0.11827000	0.11000200	0.00826823
2426	0.11829000	0.11002300	0.00826751
2427	0.11833300	0.11006600	0.00826705
2428	0.11839800	0.11013100	0.00826687
2429	0.11848600	0.11021900	0.00826701
2430	0.11859300	0.11032600	0.00826750
2431	0.11871200	0.11044300	0.00826833
2432	0.11883500	0.11056600	0.00826949
2433	0.11896100	0.11069000	0.00827100
2434	0.11907700	0.11080400	0.00827281
2435	0.11918000	0.11090600	0.00827478
2436	0.11926100	0.11098400	0.00827687
2437	0.11931700	0.11103800	0.00827903
2438	0.11934300	0.11106100	0.00828125
2439	0.11934200	0.11105900	0.00828352
2440	0.11931200	0.11102600	0.00828581
2441	0.11925900	0.11097100	0.00828809
2442	0.11918000	0.11089000	0.00829028
2443	0.11908400	0.11079200	0.00829234
2444	0.11896500	0.11067100	0.00829421
2445	0.11883700	0.11054100	0.00829582
2446	0.11869800	0.11040100	0.00829711
2447	0.11855600	0.11025800	0.00829803
2448	0.11840900	0.11011000	0.00829850
2449	0.11826100	0.10996300	0.00829846
2450	0.11811300	0.10981500	0.00829787
2451	0.11797200	0.10967600	0.00829671
2452	0.11783900	0.10954400	0.00829494
2453	0.11772200	0.10943000	0.00829257
2454	0.11761700	0.10932800	0.00828951
2455	0.11752500	0.10923900	0.00828575
2456	0.11743600	0.10915400	0.00828128
2457	0.11735200	0.10907600	0.00827607
2458	0.11726600	0.10899600	0.00827017
2459	0.11717400	0.10891000	0.00826362
2460	0.11706200	0.10880600	0.00825640
2461	0.11692700	0.10867900	0.00824864
2462	0.11676200	0.10852200	0.00824038
2463	0.11656000	0.10832800	0.00823171
2464	0.11632500	0.10810200	0.00822270
2465	0.11606100	0.10784700	0.00821342
2466	0.11577800	0.10757400	0.00820399
2467	0.11548500	0.10729000	0.00819452
2468	0.11519200	0.10700700	0.00818510
2469	0.11490700	0.10673100	0.00817579
2470	0.11463800	0.10647100	0.00816669
2471	0.11438800	0.10623100	0.00815791
2472	0.11415800	0.10600900	0.00814957
2473	0.11394400	0.10580200	0.00814181
2474	0.11374300	0.10560900	0.00813468
2475	0.11354900	0.10542100	0.00812825
2476	0.11336100	0.10523800	0.00812251
2477	0.11317600	0.10505800	0.00811747
2478	0.11299300	0.10487900	0.00811308
2479	0.11280600	0.10469600	0.00810931
2480	0.11261600	0.10451000	0.00810614
2481	0.11242000	0.10431600	0.00810353
2482	0.11221400	0.10411300	0.00810144
2483	0.11199200	0.10389300	0.00809981
2484	0.11175300	0.10365400	0.00809861
2485	0.11149600	0.10339900	0.00809773
2486	0.11122600	0.10312900	0.00809711
2487	0.11094500	0.10284900	0.00809672
2488	0.11065000	0.10255400	0.00809648
2489	0.11034100	0.10224500	0.00809639
2490	0.11001600	0.10191900	0.00809636
2491	0.10968400	0.10158700	0.00809633
2492	0.10934500	0.10124900	0.00809628
2493	0.10900700	0.10091100	0.00809615
2494	0.10866300	0.10056700	0.00809589
2495	0.10831800	0.10022300	0.00809548
2496	0.10796600	0.09987120	0.00809487
2497	0.10760800	0.09951410	0.00809406
2498	0.10723600	0.09914250	0.00809307
2499	0.10683900	0.09874730	0.00809191
2500	0.10641300	0.09832240	0.00809064
2501	0.10595200	0.09786320	0.00808928
2502	0.10545500	0.09736670	0.00808787
2503	0.10491600	0.09682960	0.00808646
2504	0.10433300	0.09624770	0.00808504
2505	0.10370500	0.09562120	0.00808363
2506	0.10303800	0.09495570	0.00808223
2507	0.10232600	0.09424570	0.00808083
2508	0.10156900	0.09348990	0.00807942
2509	0.10076400	0.09268560	0.00807796
2510	0.09990670	0.09183040	0.00807632
2511	0.09900200	0.09092760	0.00807443
2512	0.09806290	0.08999070	0.00807226
2513	0.09709760	0.08902780	0.00806976
2514	0.09613090	0.08806400	0.00806691
2515	0.09517510	0.08711130	0.00806380
2516	0.09425130	0.08619090	0.00806043
2517	0.09336700	0.08531020	0.00805680
2518	0.09253370	0.08448080	0.00805290
2519	0.09176360	0.08371490	0.00804871
2520	0.09106750	0.08302320	0.00804428
2521	0.09044800	0.08240830	0.00803970
2522	0.08990370	0.08186860	0.00803509
2523	0.08942980	0.08139930	0.00803051
2524	0.08902590	0.08099980	0.00802611
2525	0.08868080	0.08065880	0.00802199
2526	0.08838420	0.08036610	0.00801816
2527	0.08811910	0.08010460	0.00801457
2528	0.08787470	0.07986360	0.00801109
2529	0.08764360	0.07963580	0.00800775
2530	0.08741330	0.07940870	0.00800460
2531	0.08718180	0.07918010	0.00800171
2532	0.08693870	0.07893960	0.00799912
2533	0.08668720	0.07869040	0.00799687
2534	0.08642480	0.07842980	0.00799502
2535	0.08615740	0.07816370	0.00799366
2536	0.08587700	0.07788420	0.00799284
2537	0.08558900	0.07759630	0.00799262
2538	0.08529030	0.07729720	0.00799304
2539	0.08498480	0.07699070	0.00799414
2540	0.08466980	0.07667390	0.00799592
2541	0.08435400	0.07635560	0.00799840
2542	0.08404110	0.07603960	0.00800155
2543	0.08373270	0.07572740	0.00800531
2544	0.08342460	0.07541500	0.00800961
2545	0.08310670	0.07509230	0.00801442
2546	0.08277390	0.07475420	0.00801968
2547	0.08242150	0.07439620	0.00802532
2548	0.08204690	0.07401560	0.00803126
2549	0.08165710	0.07361960	0.00803743
2550	0.08125070	0.07320690	0.00804381
2551	0.08083490	0.07278450	0.00805040
2552	0.08040050	0.07234340	0.00805712
2553	0.07994850	0.07188460	0.00806393
2554	0.07946920	0.07139840	0.00807079
2555	0.07896720	0.07088960	0.00807764
2556	0.07844910	0.07036460	0.00808445
2557	0.07792310	0.06983190	0.00809123
2558	0.07741210	0.06931420	0.00809794
2559	0.07692500	0.06882050	0.00810454
2560	0.07647580	0.06836470	0.00811101
2561	0.07606450	0.06794710	0.00811744
2562	0.07570130	0.06757750	0.00812373
2563	0.07539220	0.06726230	0.00812987
2564	0.07514360	0.06700770	0.00813583
2565	0.07495680	0.06681520	0.00814158
2566	0.07483220	0.06668520	0.00814701
2567	0.07476660	0.06661460	0.00815200
2568	0.07475790	0.06660150	0.00815646
2569	0.07480090	0.06664060	0.00816030
2570	0.07488090	0.06671750	0.00816338
2571	0.07498660	0.06682090	0.00816568
2572	0.07511130	0.06694420	0.00816714
2573	0.07524240	0.06707460	0.00816782
2574	0.07537870	0.06721100	0.00816766
2575	0.07552050	0.06735390	0.00816661
2576	0.07566740	0.06750280	0.00816457
2577	0.07581650	0.06765510	0.00816148
2578	0.07596450	0.06780720	0.00815732
2579	0.07610570	0.06795360	0.00815212
2580	0.07622880	0.06808290	0.00814593
2581	0.07632140	0.06818270	0.00813873
2582	0.07637390	0.06824330	0.00813060
2583	0.07637870	0.06825710	0.00812165
2584	0.07633490	0.06822290	0.00811196
2585	0.07624230	0.06814070	0.00810162
2586	0.07610650	0.06801570	0.00809080
2587	0.07593360	0.06785390	0.00807973
2588	0.07573600	0.06766730	0.00806864
2589	0.07552120	0.06746360	0.00805760
2590	0.07529300	0.06724630	0.00804670
2591	0.07504900	0.06701300	0.00803595
2592	0.07478960	0.06676430	0.00802536
2593	0.07451580	0.06650090	0.00801485
2594	0.07422670	0.06622220	0.00800446
2595	0.07392270	0.06592860	0.00799415
2596	0.07360390	0.06562010	0.00798386
2597	0.07327020	0.06529660	0.00797366
2598	0.07291760	0.06495410	0.00796355
2599	0.07254360	0.06459010	0.00795352
2600	0.07214650	0.06420290	0.00794360
